    1, 0.0000 0.0000;
    2, 0.0000 -0.0103;
    3, 0.0000 -0.0206;
    4, 0.0000 -0.0309;
    5, 0.0000 -0.0412;
    6, 0.0000 -0.0515;
    7, 0.0000 -0.0618;
    8, 0.0000 -0.0721;
    9, 0.0000 -0.0824;
   10, 0.0000 -0.0926;
   11, 0.0000 -0.1029;
   12, 0.0000 -0.1132;
   13, 0.0000 -0.1235;
   14, 0.0000 -0.1338;
   15, 0.0000 -0.1441;
   16, 0.0000 -0.1544;
   17, 0.0000 -0.1647;
   18, 0.0000 -0.1750;
   19, 0.0000 -0.1853;
   20, 0.0000 -0.1956;
   21, 0.0000 -0.2059;
   22, 0.0000 -0.2162;
   23, 0.0000 -0.2265;
   24, 0.0000 -0.2368;
   25, 0.0000 -0.2471;
   26, 0.0000 -0.2574;
   27, 0.0000 -0.2676;
   28, 0.0000 -0.2779;
   29, 0.0000 -0.2882;
   30, 0.0000 -0.2985;
   31, 0.0000 -0.3088;
   32, 0.0000 -0.3191;
   33, 0.0000 -0.3294;
   34, 0.0000 -0.3397;
   35, 0.0000 -0.3500;
   36, 0.0000 -0.3603;
   37, 0.0000 -0.3706;
   38, 0.0000 -0.3809;
   39, 0.0000 -0.3912;
   40, 0.0000 -0.4015;
   41, 0.0000 -0.4118;
   42, 0.0000 -0.4221;
   43, 0.0000 -0.4323;
   44, 0.0000 -0.4426;
   45, 0.0000 -0.4529;
   46, 0.0000 -0.4632;
   47, 0.0000 -0.4735;
   48, 0.0000 -0.4838;
   49, 0.0000 -0.4941;
   50, 0.0000 -0.5044;
   51, 0.0000 -0.5147;
   52, 0.0000 -0.5250;
   53, 0.0000 -0.5353;
   54, 0.0000 -0.5456;
   55, 0.0000 -0.5559;
   56, 0.0000 -0.5662;
   57, 0.0000 -0.5765;
   58, 0.0000 -0.5867;
   59, 0.0000 -0.5970;
   60, 0.0000 -0.6073;
   61, 0.0000 -0.6176;
   62, 0.0000 -0.6279;
   63, 0.0000 -0.6382;
   64, 0.0000 -0.6485;
   65, 0.0000 -0.6588;
   66, 0.0000 -0.6691;
   67, 0.0000 -0.6794;
   68, 0.0000 -0.6897;
   69, 0.0000 -0.7000;
   70, 0.0000 -0.7103;
   71, 0.0000 -0.7205;
   72, 0.0000 -0.7308;
   73, 0.0000 -0.7411;
   74, 0.0000 -0.7514;
   75, 0.0000 -0.7617;
   76, 0.0000 -0.7720;
   77, 0.0000 -0.7823;
   78, 0.0000 -0.7926;
   79, 0.0000 -0.8029;
   80, 0.0000 -0.8132;
   81, 0.0000 -0.8234;
   82, 0.0000 -0.8337;
   83, 0.0000 -0.8440;
   84, 0.0000 -0.8543;
   85, 0.0000 -0.8646;
   86, 0.0000 -0.8749;
   87, 0.0000 -0.8852;
   88, 0.0000 -0.8955;
   89, 0.0000 -0.9057;
   90, 0.0000 -0.9160;
   91, 0.0000 -0.9263;
   92, 0.0000 -0.9366;
   93, 0.0000 -0.9469;
   94, 0.0000 -0.9572;
   95, 0.0000 -0.9674;
   96, 0.0000 -0.9777;
   97, 0.0000 -0.9880;
   98, 0.0000 -0.9983;
   99, 0.0000 -1.0086;
  100, 0.0000 -1.0189;
  101, 0.0000 -1.0291;
  102, 0.0000 -1.0394;
  103, 0.0000 -1.0497;
  104, 0.0000 -1.0600;
  105, 0.0000 -1.0703;
  106, 0.0000 -1.0805;
  107, 0.0000 -1.0908;
  108, 0.0000 -1.1011;
  109, 0.0000 -1.1114;
  110, 0.0000 -1.1216;
  111, 0.0000 -1.1319;
  112, 0.0000 -1.1422;
  113, 0.0000 -1.1525;
  114, 0.0000 -1.1627;
  115, 0.0000 -1.1730;
  116, 0.0000 -1.1833;
  117, 0.0000 -1.1935;
  118, 0.0000 -1.2038;
  119, 0.0000 -1.2141;
  120, 0.0000 -1.2243;
  121, 0.0000 -1.2346;
  122, 0.0000 -1.2449;
  123, 0.0000 -1.2551;
  124, 0.0000 -1.2654;
  125, 0.0000 -1.2757;
  126, 0.0000 -1.2859;
  127, 0.0000 -1.2962;
  128, 0.0000 -1.3065;
  129, 0.0000 -1.3167;
  130, 0.0000 -1.3270;
  131, 0.0000 -1.3372;
  132, 0.0000 -1.3475;
  133, 0.0000 -1.3577;
  134, 0.0000 -1.3680;
  135, 0.0000 -1.3782;
  136, 0.0000 -1.3885;
  137, 0.0000 -1.3987;
  138, 0.0000 -1.4090;
  139, 0.0000 -1.4192;
  140, 0.0000 -1.4295;
  141, 0.0000 -1.4397;
  142, 0.0000 -1.4500;
  143, 0.0000 -1.4602;
  144, 0.0000 -1.4704;
  145, 0.0000 -1.4807;
  146, 0.0000 -1.4909;
  147, 0.0000 -1.5011;
  148, 0.0000 -1.5114;
  149, 0.0000 -1.5216;
  150, 0.0000 -1.5318;
  151, 0.0000 -1.5420;
  152, 0.0000 -1.5523;
  153, 0.0000 -1.5625;
  154, 0.0000 -1.5727;
  155, 0.0000 -1.5829;
  156, 0.0000 -1.5932;
  157, 0.0000 -1.6034;
  158, 0.0000 -1.6136;
  159, 0.0000 -1.6238;
  160, 0.0000 -1.6340;
  161, 0.0000 -1.6442;
  162, 0.0000 -1.6544;
  163, 0.0000 -1.6646;
  164, 0.0000 -1.6748;
  165, 0.0000 -1.6850;
  166, 0.0000 -1.6952;
  167, 0.0000 -1.7054;
  168, 0.0000 -1.7156;
  169, 0.0000 -1.7258;
  170, 0.0000 -1.7360;
  171, 0.0000 -1.7461;
  172, 0.0000 -1.7563;
  173, 0.0000 -1.7665;
  174, 0.0000 -1.7767;
  175, 0.0000 -1.7868;
  176, 0.0000 -1.7970;
  177, 0.0000 -1.8072;
  178, 0.0000 -1.8173;
  179, 0.0000 -1.8275;
  180, 0.0000 -1.8376;
  181, 0.0000 -1.8478;
  182, 0.0000 -1.8579;
  183, 0.0000 -1.8681;
  184, 0.0000 -1.8782;
  185, 0.0000 -1.8884;
  186, 0.0000 -1.8985;
  187, 0.0000 -1.9087;
  188, 0.0000 -1.9188;
  189, 0.0000 -1.9289;
  190, 0.0000 -1.9390;
  191, 0.0000 -1.9491;
  192, 0.0000 -1.9593;
  193, 0.0000 -1.9694;
  194, 0.0000 -1.9795;
  195, 0.0000 -1.9896;
  196, 0.0000 -1.9997;
  197, 0.0000 -2.0098;
  198, 0.0000 -2.0199;
  199, 0.0000 -2.0300;
  200, 0.0000 -2.0400;
  201, 0.0000 -2.0501;
  202, 0.0000 -2.0602;
  203, 0.0000 -2.0703;
  204, 0.0000 -2.0803;
  205, 0.0000 -2.0904;
  206, 0.0000 -2.1005;
  207, 0.0000 -2.1105;
  208, 0.0000 -2.1206;
  209, 0.0000 -2.1306;
  210, 0.0000 -2.1406;
  211, 0.0000 -2.1507;
  212, 0.0000 -2.1607;
  213, 0.0000 -2.1707;
  214, 0.0000 -2.1807;
  215, 0.0000 -2.1908;
  216, 0.0000 -2.2008;
  217, 0.0000 -2.2108;
  218, 0.0000 -2.2208;
  219, 0.0000 -2.2308;
  220, 0.0000 -2.2407;
  221, 0.0000 -2.2507;
  222, 0.0000 -2.2607;
  223, 0.0000 -2.2707;
  224, 0.0000 -2.2806;
  225, 0.0000 -2.2906;
  226, 0.0000 -2.3005;
  227, 0.0000 -2.3105;
  228, 1.0000 1.9870;
  229, 0.0000 1.9771;
  230, 0.0000 1.9671;
  231, 0.0000 1.9572;
  232, 0.0000 1.9472;
  233, 0.0000 1.9372;
  234, 0.0000 1.9273;
  235, 0.0000 1.9173;
  236, 0.0000 1.9073;
  237, 0.0000 1.8973;
  238, 0.0000 1.8873;
  239, 0.0000 1.8773;
  240, 0.0000 1.8673;
  241, 0.0000 1.8573;
  242, 0.0000 1.8473;
  243, 0.0000 1.8373;
  244, 0.0000 1.8273;
  245, 0.0000 1.8173;
  246, 0.0000 1.8073;
  247, 0.0000 1.7972;
  248, 0.0000 1.7872;
  249, 0.0000 1.7772;
  250, 0.0000 1.7671;
  251, 0.0000 1.7571;
  252, 0.0000 1.7470;
  253, 0.0000 1.7370;
  254, 0.0000 1.7269;
  255, 0.0000 1.7169;
  256, 0.0000 1.7068;
  257, 0.0000 1.6967;
  258, 0.0000 1.6866;
  259, 0.0000 1.6766;
  260, 0.0000 1.6665;
  261, 0.0000 1.6564;
  262, 0.0000 1.6463;
  263, 0.0000 1.6362;
  264, 0.0000 1.6261;
  265, 0.0000 1.6160;
  266, 0.0000 1.6059;
  267, 0.0000 1.5958;
  268, 0.0000 1.5857;
  269, 0.0000 1.5756;
  270, 0.0000 1.5655;
  271, 0.0000 1.5554;
  272, 0.0000 1.5453;
  273, 0.0000 1.5352;
  274, 0.0000 1.5250;
  275, 0.0000 1.5149;
  276, 0.0000 1.5048;
  277, 0.0000 1.4947;
  278, 0.0000 1.4845;
  279, 0.0000 1.4744;
  280, 0.0000 1.4642;
  281, 0.0000 1.4541;
  282, 0.0000 1.4440;
  283, 0.0000 1.4338;
  284, 0.0000 1.4237;
  285, 0.0000 1.4135;
  286, 0.0000 1.4033;
  287, 0.0000 1.3932;
  288, 0.0000 1.3830;
  289, 0.0000 1.3729;
  290, 0.0000 1.3627;
  291, 0.0000 1.3525;
  292, 0.0000 1.3424;
  293, 0.0000 1.3322;
  294, 0.0000 1.3220;
  295, 0.0000 1.3118;
  296, 0.0000 1.3017;
  297, 0.0000 1.2915;
  298, 0.0000 1.2813;
  299, 0.0000 1.2711;
  300, 0.0000 1.2609;
  301, 0.0000 1.2508;
  302, 0.0000 1.2406;
  303, 0.0000 1.2304;
  304, 0.0000 1.2202;
  305, 0.0000 1.2100;
  306, 0.0000 1.1998;
  307, 0.0000 1.1896;
  308, 0.0000 1.1794;
  309, 0.0000 1.1692;
  310, 0.0000 1.1590;
  311, 0.0000 1.1488;
  312, 0.0000 1.1386;
  313, 0.0000 1.1284;
  314, 0.0000 1.1182;
  315, 0.0000 1.1080;
  316, 0.0000 1.0978;
  317, 0.0000 1.0875;
  318, 0.0000 1.0773;
  319, 0.0000 1.0671;
  320, 0.0000 1.0569;
  321, 0.0000 1.0467;
  322, 0.0000 1.0365;
  323, 0.0000 1.0262;
  324, 0.0000 1.0160;
  325, 0.0000 1.0058;
  326, 0.0000 0.9956;
  327, 0.0000 0.9853;
  328, 0.0000 0.9751;
  329, 0.0000 0.9649;
  330, 0.0000 0.9547;
  331, 0.0000 0.9444;
  332, 0.0000 0.9342;
  333, 0.0000 0.9240;
  334, 0.0000 0.9137;
  335, 0.0000 0.9035;
  336, 0.0000 0.8933;
  337, 0.0000 0.8830;
  338, 0.0000 0.8728;
  339, 0.0000 0.8625;
  340, 0.0000 0.8523;
  341, 0.0000 0.8421;
  342, 0.0000 0.8318;
  343, 0.0000 0.8216;
  344, 0.0000 0.8113;
  345, 0.0000 0.8011;
  346, 0.0000 0.7909;
  347, 0.0000 0.7806;
  348, 0.0000 0.7704;
  349, 0.0000 0.7601;
  350, 0.0000 0.7499;
  351, 0.0000 0.7396;
  352, 0.0000 0.7294;
  353, 0.0000 0.7191;
  354, 0.0000 0.7089;
  355, 0.0000 0.6986;
  356, 0.0000 0.6884;
  357, 0.0000 0.6781;
  358, 0.0000 0.6679;
  359, 0.0000 0.6576;
  360, 0.0000 0.6474;
  361, 0.0000 0.6371;
  362, 0.0000 0.6269;
  363, 0.0000 0.6166;
  364, 0.0000 0.6063;
  365, 0.0000 0.5961;
  366, 0.0000 0.5858;
  367, 0.0000 0.5756;
  368, 0.0000 0.5653;
  369, 0.0000 0.5551;
  370, 0.0000 0.5448;
  371, 0.0000 0.5345;
  372, 0.0000 0.5243;
  373, 0.0000 0.5140;
  374, 0.0000 0.5038;
  375, 0.0000 0.4935;
  376, 0.0000 0.4832;
  377, 0.0000 0.4730;
  378, 0.0000 0.4627;
  379, 0.0000 0.4524;
  380, 0.0000 0.4422;
  381, 0.0000 0.4319;
  382, 0.0000 0.4216;
  383, 0.0000 0.4114;
  384, 0.0000 0.4011;
  385, 0.0000 0.3909;
  386, 0.0000 0.3806;
  387, 0.0000 0.3703;
  388, 0.0000 0.3601;
  389, 0.0000 0.3498;
  390, 0.0000 0.3395;
  391, 0.0000 0.3293;
  392, 0.0000 0.3190;
  393, 0.0000 0.3087;
  394, 0.0000 0.2985;
  395, 0.0000 0.2882;
  396, 0.0000 0.2779;
  397, 0.0000 0.2677;
  398, 0.0000 0.2574;
  399, 0.0000 0.2471;
  400, 0.0000 0.2368;
  401, 0.0000 0.2266;
  402, 0.0000 0.2163;
  403, 0.0000 0.2060;
  404, 0.0000 0.1958;
  405, 0.0000 0.1855;
  406, 0.0000 0.1752;
  407, 0.0000 0.1650;
  408, 0.0000 0.1547;
  409, 0.0000 0.1444;
  410, 0.0000 0.1342;
  411, 0.0000 0.1239;
  412, 0.0000 0.1136;
  413, 0.0000 0.1033;
  414, 0.0000 0.0931;
  415, 0.0000 0.0828;
  416, 0.0000 0.0725;
  417, 0.0000 0.0623;
  418, 0.0000 0.0520;
  419, 0.0000 0.0417;
  420, 0.0000 0.0314;
  421, 0.0000 0.0212;
  422, 0.0000 0.0109;
  423, 0.0000 0.0006;
  424, 0.0000 -0.0096;
  425, 0.0000 -0.0199;
  426, 0.0000 -0.0302;
  427, 0.0000 -0.0404;
  428, 0.0000 -0.0507;
  429, 0.0000 -0.0610;
  430, 0.0000 -0.0713;
  431, 0.0000 -0.0815;
  432, 0.0000 -0.0918;
  433, 0.0000 -0.1021;
  434, 0.0000 -0.1123;
  435, 0.0000 -0.1226;
  436, 0.0000 -0.1329;
  437, 0.0000 -0.1431;
  438, 0.0000 -0.1534;
  439, 0.0000 -0.1637;
  440, 0.0000 -0.1740;
  441, 0.0000 -0.1842;
  442, 0.0000 -0.1945;
  443, 0.0000 -0.2048;
  444, 0.0000 -0.2150;
  445, 0.0000 -0.2253;
  446, 0.0000 -0.2356;
  447, 0.0000 -0.2458;
  448, 0.0000 -0.2561;
  449, 0.0000 -0.2664;
  450, 0.0000 -0.2766;
  451, 0.0000 -0.2869;
  452, 0.0000 -0.2972;
  453, 0.0000 -0.3074;
  454, 0.0000 -0.3177;
  455, 0.0000 -0.3280;
  456, 0.0000 -0.3382;
  457, 0.0000 -0.3485;
  458, 0.0000 -0.3588;
  459, 0.0000 -0.3690;
  460, 0.0000 -0.3793;
  461, 0.0000 -0.3896;
  462, 0.0000 -0.3998;
  463, 0.0000 -0.4101;
  464, 0.0000 -0.4204;
  465, 0.0000 -0.4306;
  466, 0.0000 -0.4409;
  467, 0.0000 -0.4512;
  468, 0.0000 -0.4614;
  469, 0.0000 -0.4717;
  470, 0.0000 -0.4820;
  471, 0.0000 -0.4922;
  472, 0.0000 -0.5025;
  473, 0.0000 -0.5127;
  474, 0.0000 -0.5230;
  475, 0.0000 -0.5333;
  476, 0.0000 -0.5435;
  477, 0.0000 -0.5538;
  478, 0.0000 -0.5640;
  479, 0.0000 -0.5743;
  480, 0.0000 -0.5846;
  481, 0.0000 -0.5948;
  482, 0.0000 -0.6051;
  483, 0.0000 -0.6153;
  484, 0.0000 -0.6256;
  485, 0.0000 -0.6358;
  486, 0.0000 -0.6461;
  487, 0.0000 -0.6563;
  488, 0.0000 -0.6666;
  489, 0.0000 -0.6768;
  490, 0.0000 -0.6871;
  491, 0.0000 -0.6974;
  492, 0.0000 -0.7076;
  493, 0.0000 -0.7179;
  494, 0.0000 -0.7281;
  495, 0.0000 -0.7384;
  496, 0.0000 -0.7486;
  497, 0.0000 -0.7588;
  498, 0.0000 -0.7691;
  499, 0.0000 -0.7793;
  500, 0.0000 -0.7896;
  501, 0.0000 -0.7998;
  502, 0.0000 -0.8101;
  503, 0.0000 -0.8203;
  504, 0.0000 -0.8306;
  505, 0.0000 -0.8408;
  506, 0.0000 -0.8510;
  507, 0.0000 -0.8613;
  508, 0.0000 -0.8715;
  509, 0.0000 -0.8818;
  510, 0.0000 -0.8920;
  511, 0.0000 -0.9022;
  512, 0.0000 -0.9125;
  513, 0.0000 -0.9227;
  514, 0.0000 -0.9329;
  515, 0.0000 -0.9432;
  516, 0.0000 -0.9534;
  517, 0.0000 -0.9636;
  518, 0.0000 -0.9738;
  519, 0.0000 -0.9841;
  520, 0.0000 -0.9943;
  521, 0.0000 -1.0045;
  522, 0.0000 -1.0147;
  523, 0.0000 -1.0250;
  524, 0.0000 -1.0352;
  525, 0.0000 -1.0454;
  526, 0.0000 -1.0556;
  527, 0.0000 -1.0658;
  528, 0.0000 -1.0761;
  529, 0.0000 -1.0863;
  530, 0.0000 -1.0965;
  531, 0.0000 -1.1067;
  532, 0.0000 -1.1169;
  533, 0.0000 -1.1271;
  534, 0.0000 -1.1373;
  535, 0.0000 -1.1475;
  536, 0.0000 -1.1577;
  537, 0.0000 -1.1679;
  538, 0.0000 -1.1781;
  539, 0.0000 -1.1883;
  540, 0.0000 -1.1985;
  541, 0.0000 -1.2087;
  542, 0.0000 -1.2189;
  543, 0.0000 -1.2291;
  544, 0.0000 -1.2393;
  545, 0.0000 -1.2495;
  546, 0.0000 -1.2597;
  547, 0.0000 -1.2699;
  548, 0.0000 -1.2800;
  549, 0.0000 -1.2902;
  550, 0.0000 -1.3004;
  551, 0.0000 -1.3106;
  552, 0.0000 -1.3208;
  553, 0.0000 -1.3309;
  554, 0.0000 -1.3411;
  555, 0.0000 -1.3513;
  556, 0.0000 -1.3614;
  557, 0.0000 -1.3716;
  558, 0.0000 -1.3818;
  559, 0.0000 -1.3919;
  560, 0.0000 -1.4021;
  561, 0.0000 -1.4122;
  562, 0.0000 -1.4224;
  563, 0.0000 -1.4325;
  564, 0.0000 -1.4427;
  565, 0.0000 -1.4528;
  566, 0.0000 -1.4630;
  567, 0.0000 -1.4731;
  568, 0.0000 -1.4833;
  569, 0.0000 -1.4934;
  570, 0.0000 -1.5035;
  571, 0.0000 -1.5137;
  572, 0.0000 -1.5238;
  573, 0.0000 -1.5339;
  574, 0.0000 -1.5440;
  575, 0.0000 -1.5541;
  576, 0.0000 -1.5643;
  577, 0.0000 -1.5744;
  578, 0.0000 -1.5845;
  579, 0.0000 -1.5946;
  580, 0.0000 -1.6047;
  581, 0.0000 -1.6148;
  582, 0.0000 -1.6249;
  583, 0.0000 -1.6350;
  584, 0.0000 -1.6451;
  585, 0.0000 -1.6552;
  586, 0.0000 -1.6652;
  587, 0.0000 -1.6753;
  588, 0.0000 -1.6854;
  589, 0.0000 -1.6955;
  590, 0.0000 -1.7055;
  591, 0.0000 -1.7156;
  592, 0.0000 -1.7257;
  593, 0.0000 -1.7357;
  594, 0.0000 -1.7458;
  595, 0.0000 -1.7558;
  596, 0.0000 -1.7659;
  597, 0.0000 -1.7759;
  598, 0.0000 -1.7860;
  599, 0.0000 -1.7960;
  600, 0.0000 -1.8060;
  601, 0.0000 -1.8160;
  602, 0.0000 -1.8261;
  603, 0.0000 -1.8361;
  604, 0.0000 -1.8461;
  605, 0.0000 -1.8561;
  606, 0.0000 -1.8661;
  607, 0.0000 -1.8761;
  608, 0.0000 -1.8861;
  609, 0.0000 -1.8961;
  610, 0.0000 -1.9061;
  611, 0.0000 -1.9161;
  612, 0.0000 -1.9260;
  613, 0.0000 -1.9360;
  614, 0.0000 -1.9460;
  615, 0.0000 -1.9559;
  616, 0.0000 -1.9659;
  617, 0.0000 -1.9758;
  618, 0.0000 -1.9858;
  619, 1.0000 1.7078;
  620, 0.0000 1.6978;
  621, 0.0000 1.6879;
  622, 0.0000 1.6779;
  623, 0.0000 1.6680;
  624, 0.0000 1.6580;
  625, 0.0000 1.6480;
  626, 0.0000 1.6381;
  627, 0.0000 1.6281;
  628, 0.0000 1.6181;
  629, 0.0000 1.6081;
  630, 0.0000 1.5981;
  631, 0.0000 1.5882;
  632, 0.0000 1.5782;
  633, 0.0000 1.5682;
  634, 0.0000 1.5582;
  635, 0.0000 1.5482;
  636, 0.0000 1.5381;
  637, 0.0000 1.5281;
  638, 0.0000 1.5181;
  639, 0.0000 1.5081;
  640, 0.0000 1.4981;
  641, 0.0000 1.4880;
  642, 0.0000 1.4780;
  643, 0.0000 1.4680;
  644, 0.0000 1.4579;
  645, 0.0000 1.4479;
  646, 0.0000 1.4378;
  647, 0.0000 1.4278;
  648, 0.0000 1.4177;
  649, 0.0000 1.4077;
  650, 0.0000 1.3976;
  651, 0.0000 1.3876;
  652, 0.0000 1.3775;
  653, 0.0000 1.3674;
  654, 0.0000 1.3574;
  655, 0.0000 1.3473;
  656, 0.0000 1.3372;
  657, 0.0000 1.3272;
  658, 0.0000 1.3171;
  659, 0.0000 1.3070;
  660, 0.0000 1.2969;
  661, 0.0000 1.2868;
  662, 0.0000 1.2767;
  663, 0.0000 1.2666;
  664, 0.0000 1.2565;
  665, 0.0000 1.2464;
  666, 0.0000 1.2363;
  667, 0.0000 1.2262;
  668, 0.0000 1.2161;
  669, 0.0000 1.2060;
  670, 0.0000 1.1959;
  671, 0.0000 1.1858;
  672, 0.0000 1.1757;
  673, 0.0000 1.1656;
  674, 0.0000 1.1554;
  675, 0.0000 1.1453;
  676, 0.0000 1.1352;
  677, 0.0000 1.1251;
  678, 0.0000 1.1149;
  679, 0.0000 1.1048;
  680, 0.0000 1.0947;
  681, 0.0000 1.0845;
  682, 0.0000 1.0744;
  683, 0.0000 1.0643;
  684, 0.0000 1.0541;
  685, 0.0000 1.0440;
  686, 0.0000 1.0338;
  687, 0.0000 1.0237;
  688, 0.0000 1.0135;
  689, 0.0000 1.0034;
  690, 0.0000 0.9932;
  691, 0.0000 0.9831;
  692, 0.0000 0.9729;
  693, 0.0000 0.9628;
  694, 0.0000 0.9526;
  695, 0.0000 0.9425;
  696, 0.0000 0.9323;
  697, 0.0000 0.9221;
  698, 0.0000 0.9120;
  699, 0.0000 0.9018;
  700, 0.0000 0.8916;
  701, 0.0000 0.8815;
  702, 0.0000 0.8713;
  703, 0.0000 0.8611;
  704, 0.0000 0.8510;
  705, 0.0000 0.8408;
  706, 0.0000 0.8306;
  707, 0.0000 0.8204;
  708, 0.0000 0.8102;
  709, 0.0000 0.8001;
  710, 0.0000 0.7899;
  711, 0.0000 0.7797;
  712, 0.0000 0.7695;
  713, 0.0000 0.7593;
  714, 0.0000 0.7492;
  715, 0.0000 0.7390;
  716, 0.0000 0.7288;
  717, 0.0000 0.7186;
  718, 0.0000 0.7084;
  719, 0.0000 0.6982;
  720, 0.0000 0.6880;
  721, 0.0000 0.6778;
  722, 0.0000 0.6676;
  723, 0.0000 0.6574;
  724, 0.0000 0.6472;
  725, 0.0000 0.6371;
  726, 0.0000 0.6269;
  727, 0.0000 0.6167;
  728, 0.0000 0.6065;
  729, 0.0000 0.5963;
  730, 0.0000 0.5861;
  731, 0.0000 0.5759;
  732, 0.0000 0.5657;
  733, 0.0000 0.5555;
  734, 0.0000 0.5453;
  735, 0.0000 0.5350;
  736, 0.0000 0.5248;
  737, 0.0000 0.5146;
  738, 0.0000 0.5044;
  739, 0.0000 0.4942;
  740, 0.0000 0.4840;
  741, 0.0000 0.4738;
  742, 0.0000 0.4636;
  743, 0.0000 0.4534;
  744, 0.0000 0.4432;
  745, 0.0000 0.4330;
  746, 0.0000 0.4228;
  747, 0.0000 0.4125;
  748, 0.0000 0.4023;
  749, 0.0000 0.3921;
  750, 0.0000 0.3819;
  751, 0.0000 0.3717;
  752, 0.0000 0.3615;
  753, 0.0000 0.3513;
  754, 0.0000 0.3410;
  755, 0.0000 0.3308;
  756, 0.0000 0.3206;
  757, 0.0000 0.3104;
  758, 0.0000 0.3002;
  759, 0.0000 0.2900;
  760, 0.0000 0.2797;
  761, 0.0000 0.2695;
  762, 0.0000 0.2593;
  763, 0.0000 0.2491;
  764, 0.0000 0.2389;
  765, 0.0000 0.2287;
  766, 0.0000 0.2184;
  767, 0.0000 0.2082;
  768, 0.0000 0.1980;
  769, 0.0000 0.1878;
  770, 0.0000 0.1775;
  771, 0.0000 0.1673;
  772, 0.0000 0.1571;
  773, 0.0000 0.1469;
  774, 0.0000 0.1367;
  775, 0.0000 0.1264;
  776, 0.0000 0.1162;
  777, 0.0000 0.1060;
  778, 0.0000 0.0958;
  779, 0.0000 0.0856;
  780, 0.0000 0.0753;
  781, 0.0000 0.0651;
  782, 0.0000 0.0549;
  783, 0.0000 0.0447;
  784, 0.0000 0.0344;
  785, 0.0000 0.0242;
  786, 0.0000 0.0140;
  787, 0.0000 0.0038;
  788, 0.0000 -0.0064;
  789, 0.0000 -0.0167;
  790, 0.0000 -0.0269;
  791, 0.0000 -0.0371;
  792, 0.0000 -0.0473;
  793, 0.0000 -0.0576;
  794, 0.0000 -0.0678;
  795, 0.0000 -0.0780;
  796, 0.0000 -0.0882;
  797, 0.0000 -0.0984;
  798, 0.0000 -0.1087;
  799, 0.0000 -0.1189;
  800, 0.0000 -0.1291;
  801, 0.0000 -0.1393;
  802, 0.0000 -0.1496;
  803, 0.0000 -0.1598;
  804, 0.0000 -0.1700;
  805, 0.0000 -0.1802;
  806, 0.0000 -0.1904;
  807, 0.0000 -0.2007;
  808, 0.0000 -0.2109;
  809, 0.0000 -0.2211;
  810, 0.0000 -0.2313;
  811, 0.0000 -0.2415;
  812, 0.0000 -0.2518;
  813, 0.0000 -0.2620;
  814, 0.0000 -0.2722;
  815, 0.0000 -0.2824;
  816, 0.0000 -0.2926;
  817, 0.0000 -0.3028;
  818, 0.0000 -0.3131;
  819, 0.0000 -0.3233;
  820, 0.0000 -0.3335;
  821, 0.0000 -0.3437;
  822, 0.0000 -0.3539;
  823, 0.0000 -0.3641;
  824, 0.0000 -0.3744;
  825, 0.0000 -0.3846;
  826, 0.0000 -0.3948;
  827, 0.0000 -0.4050;
  828, 0.0000 -0.4152;
  829, 0.0000 -0.4254;
  830, 0.0000 -0.4356;
  831, 0.0000 -0.4458;
  832, 0.0000 -0.4561;
  833, 0.0000 -0.4663;
  834, 0.0000 -0.4765;
  835, 0.0000 -0.4867;
  836, 0.0000 -0.4969;
  837, 0.0000 -0.5071;
  838, 0.0000 -0.5173;
  839, 0.0000 -0.5275;
  840, 0.0000 -0.5377;
  841, 0.0000 -0.5479;
  842, 0.0000 -0.5581;
  843, 0.0000 -0.5683;
  844, 0.0000 -0.5785;
  845, 0.0000 -0.5887;
  846, 0.0000 -0.5989;
  847, 0.0000 -0.6091;
  848, 0.0000 -0.6193;
  849, 0.0000 -0.6295;
  850, 0.0000 -0.6397;
  851, 0.0000 -0.6499;
  852, 0.0000 -0.6601;
  853, 0.0000 -0.6703;
  854, 0.0000 -0.6805;
  855, 0.0000 -0.6907;
  856, 0.0000 -0.7009;
  857, 0.0000 -0.7111;
  858, 0.0000 -0.7213;
  859, 0.0000 -0.7314;
  860, 0.0000 -0.7416;
  861, 0.0000 -0.7518;
  862, 0.0000 -0.7620;
  863, 0.0000 -0.7722;
  864, 0.0000 -0.7824;
  865, 0.0000 -0.7925;
  866, 0.0000 -0.8027;
  867, 0.0000 -0.8129;
  868, 0.0000 -0.8231;
  869, 0.0000 -0.8333;
  870, 0.0000 -0.8434;
  871, 0.0000 -0.8536;
  872, 0.0000 -0.8638;
  873, 0.0000 -0.8740;
  874, 0.0000 -0.8841;
  875, 0.0000 -0.8943;
  876, 0.0000 -0.9045;
  877, 0.0000 -0.9146;
  878, 0.0000 -0.9248;
  879, 0.0000 -0.9349;
  880, 0.0000 -0.9451;
  881, 0.0000 -0.9553;
  882, 0.0000 -0.9654;
  883, 0.0000 -0.9756;
  884, 0.0000 -0.9857;
  885, 0.0000 -0.9959;
  886, 0.0000 -1.0060;
  887, 0.0000 -1.0162;
  888, 0.0000 -1.0263;
  889, 0.0000 -1.0365;
  890, 0.0000 -1.0466;
  891, 0.0000 -1.0568;
  892, 0.0000 -1.0669;
  893, 0.0000 -1.0770;
  894, 0.0000 -1.0872;
  895, 0.0000 -1.0973;
  896, 0.0000 -1.1074;
  897, 0.0000 -1.1176;
  898, 0.0000 -1.1277;
  899, 0.0000 -1.1378;
  900, 0.0000 -1.1480;
  901, 0.0000 -1.1581;
  902, 0.0000 -1.1682;
  903, 0.0000 -1.1783;
  904, 0.0000 -1.1884;
  905, 0.0000 -1.1985;
  906, 0.0000 -1.2087;
  907, 0.0000 -1.2188;
  908, 0.0000 -1.2289;
  909, 0.0000 -1.2390;
  910, 0.0000 -1.2491;
  911, 0.0000 -1.2592;
  912, 0.0000 -1.2693;
  913, 0.0000 -1.2794;
  914, 0.0000 -1.2894;
  915, 0.0000 -1.2995;
  916, 0.0000 -1.3096;
  917, 0.0000 -1.3197;
  918, 0.0000 -1.3298;
  919, 0.0000 -1.3399;
  920, 0.0000 -1.3499;
  921, 0.0000 -1.3600;
  922, 0.0000 -1.3701;
  923, 0.0000 -1.3801;
  924, 0.0000 -1.3902;
  925, 0.0000 -1.4003;
  926, 0.0000 -1.4103;
  927, 0.0000 -1.4204;
  928, 0.0000 -1.4304;
  929, 0.0000 -1.4405;
  930, 0.0000 -1.4505;
  931, 0.0000 -1.4606;
  932, 0.0000 -1.4706;
  933, 0.0000 -1.4806;
  934, 0.0000 -1.4907;
  935, 0.0000 -1.5007;
  936, 0.0000 -1.5107;
  937, 0.0000 -1.5207;
  938, 0.0000 -1.5307;
  939, 0.0000 -1.5408;
  940, 0.0000 -1.5508;
  941, 0.0000 -1.5608;
  942, 0.0000 -1.5708;
  943, 0.0000 -1.5808;
  944, 0.0000 -1.5908;
  945, 0.0000 -1.6008;
  946, 0.0000 -1.6107;
  947, 0.0000 -1.6207;
  948, 0.0000 -1.6307;
  949, 0.0000 -1.6407;
  950, 0.0000 -1.6506;
  951, 0.0000 -1.6606;
  952, 0.0000 -1.6706;
  953, 0.0000 -1.6805;
  954, 0.0000 -1.6905;
  955, 0.0000 -1.7004;
  956, 1.0000 1.4624;
  957, 0.0000 1.4524;
  958, 0.0000 1.4425;
  959, 0.0000 1.4325;
  960, 0.0000 1.4226;
  961, 0.0000 1.4126;
  962, 0.0000 1.4026;
  963, 0.0000 1.3927;
  964, 0.0000 1.3827;
  965, 0.0000 1.3727;
  966, 0.0000 1.3628;
  967, 0.0000 1.3528;
  968, 0.0000 1.3428;
  969, 0.0000 1.3328;
  970, 0.0000 1.3228;
  971, 0.0000 1.3128;
  972, 0.0000 1.3028;
  973, 0.0000 1.2928;
  974, 0.0000 1.2828;
  975, 0.0000 1.2728;
  976, 0.0000 1.2628;
  977, 0.0000 1.2528;
  978, 0.0000 1.2428;
  979, 0.0000 1.2328;
  980, 0.0000 1.2227;
  981, 0.0000 1.2127;
  982, 0.0000 1.2027;
  983, 0.0000 1.1927;
  984, 0.0000 1.1826;
  985, 0.0000 1.1726;
  986, 0.0000 1.1626;
  987, 0.0000 1.1525;
  988, 0.0000 1.1425;
  989, 0.0000 1.1324;
  990, 0.0000 1.1224;
  991, 0.0000 1.1123;
  992, 0.0000 1.1023;
  993, 0.0000 1.0922;
  994, 0.0000 1.0822;
  995, 0.0000 1.0721;
  996, 0.0000 1.0620;
  997, 0.0000 1.0520;
  998, 0.0000 1.0419;
  999, 0.0000 1.0318;
 1000, 0.0000 1.0218;
 1001, 0.0000 1.0117;
 1002, 0.0000 1.0016;
 1003, 0.0000 0.9915;
 1004, 0.0000 0.9814;
 1005, 0.0000 0.9714;
 1006, 0.0000 0.9613;
 1007, 0.0000 0.9512;
 1008, 0.0000 0.9411;
 1009, 0.0000 0.9310;
 1010, 0.0000 0.9209;
 1011, 0.0000 0.9108;
 1012, 0.0000 0.9007;
 1013, 0.0000 0.8906;
 1014, 0.0000 0.8805;
 1015, 0.0000 0.8704;
 1016, 0.0000 0.8603;
 1017, 0.0000 0.8502;
 1018, 0.0000 0.8401;
 1019, 0.0000 0.8300;
 1020, 0.0000 0.8199;
 1021, 0.0000 0.8098;
 1022, 0.0000 0.7997;
 1023, 0.0000 0.7896;
 1024, 0.0000 0.7794;
 1025, 0.0000 0.7693;
 1026, 0.0000 0.7592;
 1027, 0.0000 0.7491;
 1028, 0.0000 0.7390;
 1029, 0.0000 0.7288;
 1030, 0.0000 0.7187;
 1031, 0.0000 0.7086;
 1032, 0.0000 0.6985;
 1033, 0.0000 0.6883;
 1034, 0.0000 0.6782;
 1035, 0.0000 0.6681;
 1036, 0.0000 0.6580;
 1037, 0.0000 0.6478;
 1038, 0.0000 0.6377;
 1039, 0.0000 0.6275;
 1040, 0.0000 0.6174;
 1041, 0.0000 0.6073;
 1042, 0.0000 0.5971;
 1043, 0.0000 0.5870;
 1044, 0.0000 0.5769;
 1045, 0.0000 0.5667;
 1046, 0.0000 0.5566;
 1047, 0.0000 0.5464;
 1048, 0.0000 0.5363;
 1049, 0.0000 0.5261;
 1050, 0.0000 0.5160;
 1051, 0.0000 0.5058;
 1052, 0.0000 0.4957;
 1053, 0.0000 0.4855;
 1054, 0.0000 0.4754;
 1055, 0.0000 0.4652;
 1056, 0.0000 0.4551;
 1057, 0.0000 0.4449;
 1058, 0.0000 0.4348;
 1059, 0.0000 0.4246;
 1060, 0.0000 0.4145;
 1061, 0.0000 0.4043;
 1062, 0.0000 0.3942;
 1063, 0.0000 0.3840;
 1064, 0.0000 0.3738;
 1065, 0.0000 0.3637;
 1066, 0.0000 0.3535;
 1067, 0.0000 0.3434;
 1068, 0.0000 0.3332;
 1069, 0.0000 0.3231;
 1070, 0.0000 0.3129;
 1071, 0.0000 0.3027;
 1072, 0.0000 0.2926;
 1073, 0.0000 0.2824;
 1074, 0.0000 0.2722;
 1075, 0.0000 0.2621;
 1076, 0.0000 0.2519;
 1077, 0.0000 0.2418;
 1078, 0.0000 0.2316;
 1079, 0.0000 0.2214;
 1080, 0.0000 0.2113;
 1081, 0.0000 0.2011;
 1082, 0.0000 0.1909;
 1083, 0.0000 0.1808;
 1084, 0.0000 0.1706;
 1085, 0.0000 0.1604;
 1086, 0.0000 0.1503;
 1087, 0.0000 0.1401;
 1088, 0.0000 0.1299;
 1089, 0.0000 0.1198;
 1090, 0.0000 0.1096;
 1091, 0.0000 0.0994;
 1092, 0.0000 0.0893;
 1093, 0.0000 0.0791;
 1094, 0.0000 0.0689;
 1095, 0.0000 0.0587;
 1096, 0.0000 0.0486;
 1097, 0.0000 0.0384;
 1098, 0.0000 0.0282;
 1099, 0.0000 0.0181;
 1100, 0.0000 0.0079;
 1101, 0.0000 -0.0023;
 1102, 0.0000 -0.0124;
 1103, 0.0000 -0.0226;
 1104, 0.0000 -0.0328;
 1105, 0.0000 -0.0429;
 1106, 0.0000 -0.0531;
 1107, 0.0000 -0.0633;
 1108, 0.0000 -0.0735;
 1109, 0.0000 -0.0836;
 1110, 0.0000 -0.0938;
 1111, 0.0000 -0.1040;
 1112, 0.0000 -0.1141;
 1113, 0.0000 -0.1243;
 1114, 0.0000 -0.1345;
 1115, 0.0000 -0.1446;
 1116, 0.0000 -0.1548;
 1117, 0.0000 -0.1650;
 1118, 0.0000 -0.1751;
 1119, 0.0000 -0.1853;
 1120, 0.0000 -0.1955;
 1121, 0.0000 -0.2056;
 1122, 0.0000 -0.2158;
 1123, 0.0000 -0.2260;
 1124, 0.0000 -0.2361;
 1125, 0.0000 -0.2463;
 1126, 0.0000 -0.2565;
 1127, 0.0000 -0.2666;
 1128, 0.0000 -0.2768;
 1129, 0.0000 -0.2869;
 1130, 0.0000 -0.2971;
 1131, 0.0000 -0.3073;
 1132, 0.0000 -0.3174;
 1133, 0.0000 -0.3276;
 1134, 0.0000 -0.3377;
 1135, 0.0000 -0.3479;
 1136, 0.0000 -0.3581;
 1137, 0.0000 -0.3682;
 1138, 0.0000 -0.3784;
 1139, 0.0000 -0.3885;
 1140, 0.0000 -0.3987;
 1141, 0.0000 -0.4088;
 1142, 0.0000 -0.4190;
 1143, 0.0000 -0.4292;
 1144, 0.0000 -0.4393;
 1145, 0.0000 -0.4495;
 1146, 0.0000 -0.4596;
 1147, 0.0000 -0.4698;
 1148, 0.0000 -0.4799;
 1149, 0.0000 -0.4901;
 1150, 0.0000 -0.5002;
 1151, 0.0000 -0.5104;
 1152, 0.0000 -0.5205;
 1153, 0.0000 -0.5307;
 1154, 0.0000 -0.5408;
 1155, 0.0000 -0.5510;
 1156, 0.0000 -0.5611;
 1157, 0.0000 -0.5712;
 1158, 0.0000 -0.5814;
 1159, 0.0000 -0.5915;
 1160, 0.0000 -0.6017;
 1161, 0.0000 -0.6118;
 1162, 0.0000 -0.6219;
 1163, 0.0000 -0.6321;
 1164, 0.0000 -0.6422;
 1165, 0.0000 -0.6523;
 1166, 0.0000 -0.6625;
 1167, 0.0000 -0.6726;
 1168, 0.0000 -0.6827;
 1169, 0.0000 -0.6929;
 1170, 0.0000 -0.7030;
 1171, 0.0000 -0.7131;
 1172, 0.0000 -0.7232;
 1173, 0.0000 -0.7334;
 1174, 0.0000 -0.7435;
 1175, 0.0000 -0.7536;
 1176, 0.0000 -0.7637;
 1177, 0.0000 -0.7738;
 1178, 0.0000 -0.7840;
 1179, 0.0000 -0.7941;
 1180, 0.0000 -0.8042;
 1181, 0.0000 -0.8143;
 1182, 0.0000 -0.8244;
 1183, 0.0000 -0.8345;
 1184, 0.0000 -0.8446;
 1185, 0.0000 -0.8547;
 1186, 0.0000 -0.8648;
 1187, 0.0000 -0.8749;
 1188, 0.0000 -0.8850;
 1189, 0.0000 -0.8951;
 1190, 0.0000 -0.9052;
 1191, 0.0000 -0.9153;
 1192, 0.0000 -0.9254;
 1193, 0.0000 -0.9355;
 1194, 0.0000 -0.9456;
 1195, 0.0000 -0.9557;
 1196, 0.0000 -0.9658;
 1197, 0.0000 -0.9759;
 1198, 0.0000 -0.9859;
 1199, 0.0000 -0.9960;
 1200, 0.0000 -1.0061;
 1201, 0.0000 -1.0162;
 1202, 0.0000 -1.0263;
 1203, 0.0000 -1.0363;
 1204, 0.0000 -1.0464;
 1205, 0.0000 -1.0565;
 1206, 0.0000 -1.0665;
 1207, 0.0000 -1.0766;
 1208, 0.0000 -1.0866;
 1209, 0.0000 -1.0967;
 1210, 0.0000 -1.1068;
 1211, 0.0000 -1.1168;
 1212, 0.0000 -1.1269;
 1213, 0.0000 -1.1369;
 1214, 0.0000 -1.1469;
 1215, 0.0000 -1.1570;
 1216, 0.0000 -1.1670;
 1217, 0.0000 -1.1771;
 1218, 0.0000 -1.1871;
 1219, 0.0000 -1.1971;
 1220, 0.0000 -1.2072;
 1221, 0.0000 -1.2172;
 1222, 0.0000 -1.2272;
 1223, 0.0000 -1.2372;
 1224, 0.0000 -1.2472;
 1225, 0.0000 -1.2573;
 1226, 0.0000 -1.2673;
 1227, 0.0000 -1.2773;
 1228, 0.0000 -1.2873;
 1229, 0.0000 -1.2973;
 1230, 0.0000 -1.3073;
 1231, 0.0000 -1.3173;
 1232, 0.0000 -1.3273;
 1233, 0.0000 -1.3373;
 1234, 0.0000 -1.3472;
 1235, 0.0000 -1.3572;
 1236, 0.0000 -1.3672;
 1237, 0.0000 -1.3772;
 1238, 0.0000 -1.3872;
 1239, 0.0000 -1.3971;
 1240, 0.0000 -1.4071;
 1241, 0.0000 -1.4171;
 1242, 0.0000 -1.4270;
 1243, 0.0000 -1.4370;
 1244, 0.0000 -1.4469;
 1245, 0.0000 -1.4569;
 1246, 1.0000 1.2529;
 1247, 0.0000 1.2430;
 1248, 0.0000 1.2330;
 1249, 0.0000 1.2231;
 1250, 0.0000 1.2131;
 1251, 0.0000 1.2031;
 1252, 0.0000 1.1932;
 1253, 0.0000 1.1832;
 1254, 0.0000 1.1733;
 1255, 0.0000 1.1633;
 1256, 0.0000 1.1533;
 1257, 0.0000 1.1433;
 1258, 0.0000 1.1334;
 1259, 0.0000 1.1234;
 1260, 0.0000 1.1134;
 1261, 0.0000 1.1034;
 1262, 0.0000 1.0934;
 1263, 0.0000 1.0834;
 1264, 0.0000 1.0734;
 1265, 0.0000 1.0634;
 1266, 0.0000 1.0534;
 1267, 0.0000 1.0434;
 1268, 0.0000 1.0334;
 1269, 0.0000 1.0234;
 1270, 0.0000 1.0134;
 1271, 0.0000 1.0034;
 1272, 0.0000 0.9934;
 1273, 0.0000 0.9834;
 1274, 0.0000 0.9734;
 1275, 0.0000 0.9633;
 1276, 0.0000 0.9533;
 1277, 0.0000 0.9433;
 1278, 0.0000 0.9333;
 1279, 0.0000 0.9232;
 1280, 0.0000 0.9132;
 1281, 0.0000 0.9032;
 1282, 0.0000 0.8931;
 1283, 0.0000 0.8831;
 1284, 0.0000 0.8730;
 1285, 0.0000 0.8630;
 1286, 0.0000 0.8530;
 1287, 0.0000 0.8429;
 1288, 0.0000 0.8329;
 1289, 0.0000 0.8228;
 1290, 0.0000 0.8128;
 1291, 0.0000 0.8027;
 1292, 0.0000 0.7926;
 1293, 0.0000 0.7826;
 1294, 0.0000 0.7725;
 1295, 0.0000 0.7625;
 1296, 0.0000 0.7524;
 1297, 0.0000 0.7423;
 1298, 0.0000 0.7323;
 1299, 0.0000 0.7222;
 1300, 0.0000 0.7121;
 1301, 0.0000 0.7021;
 1302, 0.0000 0.6920;
 1303, 0.0000 0.6819;
 1304, 0.0000 0.6719;
 1305, 0.0000 0.6618;
 1306, 0.0000 0.6517;
 1307, 0.0000 0.6416;
 1308, 0.0000 0.6315;
 1309, 0.0000 0.6215;
 1310, 0.0000 0.6114;
 1311, 0.0000 0.6013;
 1312, 0.0000 0.5912;
 1313, 0.0000 0.5811;
 1314, 0.0000 0.5710;
 1315, 0.0000 0.5609;
 1316, 0.0000 0.5509;
 1317, 0.0000 0.5408;
 1318, 0.0000 0.5307;
 1319, 0.0000 0.5206;
 1320, 0.0000 0.5105;
 1321, 0.0000 0.5004;
 1322, 0.0000 0.4903;
 1323, 0.0000 0.4802;
 1324, 0.0000 0.4701;
 1325, 0.0000 0.4600;
 1326, 0.0000 0.4499;
 1327, 0.0000 0.4398;
 1328, 0.0000 0.4297;
 1329, 0.0000 0.4196;
 1330, 0.0000 0.4095;
 1331, 0.0000 0.3994;
 1332, 0.0000 0.3893;
 1333, 0.0000 0.3792;
 1334, 0.0000 0.3691;
 1335, 0.0000 0.3590;
 1336, 0.0000 0.3488;
 1337, 0.0000 0.3387;
 1338, 0.0000 0.3286;
 1339, 0.0000 0.3185;
 1340, 0.0000 0.3084;
 1341, 0.0000 0.2983;
 1342, 0.0000 0.2882;
 1343, 0.0000 0.2781;
 1344, 0.0000 0.2680;
 1345, 0.0000 0.2578;
 1346, 0.0000 0.2477;
 1347, 0.0000 0.2376;
 1348, 0.0000 0.2275;
 1349, 0.0000 0.2174;
 1350, 0.0000 0.2073;
 1351, 0.0000 0.1971;
 1352, 0.0000 0.1870;
 1353, 0.0000 0.1769;
 1354, 0.0000 0.1668;
 1355, 0.0000 0.1567;
 1356, 0.0000 0.1466;
 1357, 0.0000 0.1364;
 1358, 0.0000 0.1263;
 1359, 0.0000 0.1162;
 1360, 0.0000 0.1061;
 1361, 0.0000 0.0960;
 1362, 0.0000 0.0858;
 1363, 0.0000 0.0757;
 1364, 0.0000 0.0656;
 1365, 0.0000 0.0555;
 1366, 0.0000 0.0454;
 1367, 0.0000 0.0352;
 1368, 0.0000 0.0251;
 1369, 0.0000 0.0150;
 1370, 0.0000 0.0049;
 1371, 0.0000 -0.0052;
 1372, 0.0000 -0.0154;
 1373, 0.0000 -0.0255;
 1374, 0.0000 -0.0356;
 1375, 0.0000 -0.0457;
 1376, 0.0000 -0.0558;
 1377, 0.0000 -0.0660;
 1378, 0.0000 -0.0761;
 1379, 0.0000 -0.0862;
 1380, 0.0000 -0.0963;
 1381, 0.0000 -0.1064;
 1382, 0.0000 -0.1165;
 1383, 0.0000 -0.1267;
 1384, 0.0000 -0.1368;
 1385, 0.0000 -0.1469;
 1386, 0.0000 -0.1570;
 1387, 0.0000 -0.1671;
 1388, 0.0000 -0.1773;
 1389, 0.0000 -0.1874;
 1390, 0.0000 -0.1975;
 1391, 0.0000 -0.2076;
 1392, 0.0000 -0.2177;
 1393, 0.0000 -0.2278;
 1394, 0.0000 -0.2380;
 1395, 0.0000 -0.2481;
 1396, 0.0000 -0.2582;
 1397, 0.0000 -0.2683;
 1398, 0.0000 -0.2784;
 1399, 0.0000 -0.2885;
 1400, 0.0000 -0.2986;
 1401, 0.0000 -0.3087;
 1402, 0.0000 -0.3189;
 1403, 0.0000 -0.3290;
 1404, 0.0000 -0.3391;
 1405, 0.0000 -0.3492;
 1406, 0.0000 -0.3593;
 1407, 0.0000 -0.3694;
 1408, 0.0000 -0.3795;
 1409, 0.0000 -0.3896;
 1410, 0.0000 -0.3997;
 1411, 0.0000 -0.4098;
 1412, 0.0000 -0.4199;
 1413, 0.0000 -0.4300;
 1414, 0.0000 -0.4401;
 1415, 0.0000 -0.4502;
 1416, 0.0000 -0.4603;
 1417, 0.0000 -0.4704;
 1418, 0.0000 -0.4805;
 1419, 0.0000 -0.4906;
 1420, 0.0000 -0.5007;
 1421, 0.0000 -0.5108;
 1422, 0.0000 -0.5209;
 1423, 0.0000 -0.5310;
 1424, 0.0000 -0.5411;
 1425, 0.0000 -0.5512;
 1426, 0.0000 -0.5613;
 1427, 0.0000 -0.5714;
 1428, 0.0000 -0.5815;
 1429, 0.0000 -0.5915;
 1430, 0.0000 -0.6016;
 1431, 0.0000 -0.6117;
 1432, 0.0000 -0.6218;
 1433, 0.0000 -0.6319;
 1434, 0.0000 -0.6420;
 1435, 0.0000 -0.6520;
 1436, 0.0000 -0.6621;
 1437, 0.0000 -0.6722;
 1438, 0.0000 -0.6823;
 1439, 0.0000 -0.6923;
 1440, 0.0000 -0.7024;
 1441, 0.0000 -0.7125;
 1442, 0.0000 -0.7226;
 1443, 0.0000 -0.7326;
 1444, 0.0000 -0.7427;
 1445, 0.0000 -0.7528;
 1446, 0.0000 -0.7628;
 1447, 0.0000 -0.7729;
 1448, 0.0000 -0.7829;
 1449, 0.0000 -0.7930;
 1450, 0.0000 -0.8030;
 1451, 0.0000 -0.8131;
 1452, 0.0000 -0.8232;
 1453, 0.0000 -0.8332;
 1454, 0.0000 -0.8433;
 1455, 0.0000 -0.8533;
 1456, 0.0000 -0.8633;
 1457, 0.0000 -0.8734;
 1458, 0.0000 -0.8834;
 1459, 0.0000 -0.8935;
 1460, 0.0000 -0.9035;
 1461, 0.0000 -0.9135;
 1462, 0.0000 -0.9236;
 1463, 0.0000 -0.9336;
 1464, 0.0000 -0.9436;
 1465, 0.0000 -0.9537;
 1466, 0.0000 -0.9637;
 1467, 0.0000 -0.9737;
 1468, 0.0000 -0.9837;
 1469, 0.0000 -0.9937;
 1470, 0.0000 -1.0037;
 1471, 0.0000 -1.0138;
 1472, 0.0000 -1.0238;
 1473, 0.0000 -1.0338;
 1474, 0.0000 -1.0438;
 1475, 0.0000 -1.0538;
 1476, 0.0000 -1.0638;
 1477, 0.0000 -1.0738;
 1478, 0.0000 -1.0838;
 1479, 0.0000 -1.0938;
 1480, 0.0000 -1.1038;
 1481, 0.0000 -1.1137;
 1482, 0.0000 -1.1237;
 1483, 0.0000 -1.1337;
 1484, 0.0000 -1.1437;
 1485, 0.0000 -1.1537;
 1486, 0.0000 -1.1636;
 1487, 0.0000 -1.1736;
 1488, 0.0000 -1.1836;
 1489, 0.0000 -1.1935;
 1490, 0.0000 -1.2035;
 1491, 0.0000 -1.2134;
 1492, 0.0000 -1.2234;
 1493, 0.0000 -1.2333;
 1494, 0.0000 -1.2433;
 1495, 1.0000 1.0692;
 1496, 0.0000 1.0593;
 1497, 0.0000 1.0493;
 1498, 0.0000 1.0394;
 1499, 0.0000 1.0294;
 1500, 0.0000 1.0195;
 1501, 0.0000 1.0095;
 1502, 0.0000 0.9996;
 1503, 0.0000 0.9896;
 1504, 0.0000 0.9796;
 1505, 0.0000 0.9697;
 1506, 0.0000 0.9597;
 1507, 0.0000 0.9497;
 1508, 0.0000 0.9398;
 1509, 0.0000 0.9298;
 1510, 0.0000 0.9198;
 1511, 0.0000 0.9098;
 1512, 0.0000 0.8998;
 1513, 0.0000 0.8898;
 1514, 0.0000 0.8799;
 1515, 0.0000 0.8699;
 1516, 0.0000 0.8599;
 1517, 0.0000 0.8499;
 1518, 0.0000 0.8399;
 1519, 0.0000 0.8299;
 1520, 0.0000 0.8199;
 1521, 0.0000 0.8099;
 1522, 0.0000 0.7999;
 1523, 0.0000 0.7899;
 1524, 0.0000 0.7799;
 1525, 0.0000 0.7698;
 1526, 0.0000 0.7598;
 1527, 0.0000 0.7498;
 1528, 0.0000 0.7398;
 1529, 0.0000 0.7298;
 1530, 0.0000 0.7198;
 1531, 0.0000 0.7097;
 1532, 0.0000 0.6997;
 1533, 0.0000 0.6897;
 1534, 0.0000 0.6797;
 1535, 0.0000 0.6696;
 1536, 0.0000 0.6596;
 1537, 0.0000 0.6496;
 1538, 0.0000 0.6395;
 1539, 0.0000 0.6295;
 1540, 0.0000 0.6195;
 1541, 0.0000 0.6094;
 1542, 0.0000 0.5994;
 1543, 0.0000 0.5894;
 1544, 0.0000 0.5793;
 1545, 0.0000 0.5693;
 1546, 0.0000 0.5592;
 1547, 0.0000 0.5492;
 1548, 0.0000 0.5391;
 1549, 0.0000 0.5291;
 1550, 0.0000 0.5190;
 1551, 0.0000 0.5090;
 1552, 0.0000 0.4989;
 1553, 0.0000 0.4889;
 1554, 0.0000 0.4788;
 1555, 0.0000 0.4688;
 1556, 0.0000 0.4587;
 1557, 0.0000 0.4487;
 1558, 0.0000 0.4386;
 1559, 0.0000 0.4286;
 1560, 0.0000 0.4185;
 1561, 0.0000 0.4084;
 1562, 0.0000 0.3984;
 1563, 0.0000 0.3883;
 1564, 0.0000 0.3783;
 1565, 0.0000 0.3682;
 1566, 0.0000 0.3581;
 1567, 0.0000 0.3481;
 1568, 0.0000 0.3380;
 1569, 0.0000 0.3279;
 1570, 0.0000 0.3179;
 1571, 0.0000 0.3078;
 1572, 0.0000 0.2977;
 1573, 0.0000 0.2877;
 1574, 0.0000 0.2776;
 1575, 0.0000 0.2675;
 1576, 0.0000 0.2575;
 1577, 0.0000 0.2474;
 1578, 0.0000 0.2373;
 1579, 0.0000 0.2272;
 1580, 0.0000 0.2172;
 1581, 0.0000 0.2071;
 1582, 0.0000 0.1970;
 1583, 0.0000 0.1869;
 1584, 0.0000 0.1769;
 1585, 0.0000 0.1668;
 1586, 0.0000 0.1567;
 1587, 0.0000 0.1466;
 1588, 0.0000 0.1366;
 1589, 0.0000 0.1265;
 1590, 0.0000 0.1164;
 1591, 0.0000 0.1063;
 1592, 0.0000 0.0963;
 1593, 0.0000 0.0862;
 1594, 0.0000 0.0761;
 1595, 0.0000 0.0660;
 1596, 0.0000 0.0559;
 1597, 0.0000 0.0459;
 1598, 0.0000 0.0358;
 1599, 0.0000 0.0257;
 1600, 0.0000 0.0156;
 1601, 0.0000 0.0056;
 1602, 0.0000 -0.0045;
 1603, 0.0000 -0.0146;
 1604, 0.0000 -0.0247;
 1605, 0.0000 -0.0348;
 1606, 0.0000 -0.0448;
 1607, 0.0000 -0.0549;
 1608, 0.0000 -0.0650;
 1609, 0.0000 -0.0751;
 1610, 0.0000 -0.0851;
 1611, 0.0000 -0.0952;
 1612, 0.0000 -0.1053;
 1613, 0.0000 -0.1154;
 1614, 0.0000 -0.1255;
 1615, 0.0000 -0.1355;
 1616, 0.0000 -0.1456;
 1617, 0.0000 -0.1557;
 1618, 0.0000 -0.1658;
 1619, 0.0000 -0.1758;
 1620, 0.0000 -0.1859;
 1621, 0.0000 -0.1960;
 1622, 0.0000 -0.2061;
 1623, 0.0000 -0.2161;
 1624, 0.0000 -0.2262;
 1625, 0.0000 -0.2363;
 1626, 0.0000 -0.2463;
 1627, 0.0000 -0.2564;
 1628, 0.0000 -0.2665;
 1629, 0.0000 -0.2766;
 1630, 0.0000 -0.2866;
 1631, 0.0000 -0.2967;
 1632, 0.0000 -0.3068;
 1633, 0.0000 -0.3168;
 1634, 0.0000 -0.3269;
 1635, 0.0000 -0.3370;
 1636, 0.0000 -0.3470;
 1637, 0.0000 -0.3571;
 1638, 0.0000 -0.3672;
 1639, 0.0000 -0.3772;
 1640, 0.0000 -0.3873;
 1641, 0.0000 -0.3974;
 1642, 0.0000 -0.4074;
 1643, 0.0000 -0.4175;
 1644, 0.0000 -0.4275;
 1645, 0.0000 -0.4376;
 1646, 0.0000 -0.4476;
 1647, 0.0000 -0.4577;
 1648, 0.0000 -0.4678;
 1649, 0.0000 -0.4778;
 1650, 0.0000 -0.4879;
 1651, 0.0000 -0.4979;
 1652, 0.0000 -0.5080;
 1653, 0.0000 -0.5180;
 1654, 0.0000 -0.5281;
 1655, 0.0000 -0.5381;
 1656, 0.0000 -0.5482;
 1657, 0.0000 -0.5582;
 1658, 0.0000 -0.5682;
 1659, 0.0000 -0.5783;
 1660, 0.0000 -0.5883;
 1661, 0.0000 -0.5984;
 1662, 0.0000 -0.6084;
 1663, 0.0000 -0.6184;
 1664, 0.0000 -0.6285;
 1665, 0.0000 -0.6385;
 1666, 0.0000 -0.6486;
 1667, 0.0000 -0.6586;
 1668, 0.0000 -0.6686;
 1669, 0.0000 -0.6786;
 1670, 0.0000 -0.6887;
 1671, 0.0000 -0.6987;
 1672, 0.0000 -0.7087;
 1673, 0.0000 -0.7187;
 1674, 0.0000 -0.7288;
 1675, 0.0000 -0.7388;
 1676, 0.0000 -0.7488;
 1677, 0.0000 -0.7588;
 1678, 0.0000 -0.7688;
 1679, 0.0000 -0.7788;
 1680, 0.0000 -0.7888;
 1681, 0.0000 -0.7988;
 1682, 0.0000 -0.8089;
 1683, 0.0000 -0.8189;
 1684, 0.0000 -0.8289;
 1685, 0.0000 -0.8389;
 1686, 0.0000 -0.8489;
 1687, 0.0000 -0.8588;
 1688, 0.0000 -0.8688;
 1689, 0.0000 -0.8788;
 1690, 0.0000 -0.8888;
 1691, 0.0000 -0.8988;
 1692, 0.0000 -0.9088;
 1693, 0.0000 -0.9188;
 1694, 0.0000 -0.9288;
 1695, 0.0000 -0.9387;
 1696, 0.0000 -0.9487;
 1697, 0.0000 -0.9587;
 1698, 0.0000 -0.9687;
 1699, 0.0000 -0.9786;
 1700, 0.0000 -0.9886;
 1701, 0.0000 -0.9985;
 1702, 0.0000 -1.0085;
 1703, 0.0000 -1.0185;
 1704, 0.0000 -1.0284;
 1705, 0.0000 -1.0384;
 1706, 0.0000 -1.0483;
 1707, 0.0000 -1.0583;
 1708, 0.0000 -1.0682;
 1709, 1.0000 0.9187;
 1710, 0.0000 0.9087;
 1711, 0.0000 0.8988;
 1712, 0.0000 0.8888;
 1713, 0.0000 0.8789;
 1714, 0.0000 0.8689;
 1715, 0.0000 0.8590;
 1716, 0.0000 0.8490;
 1717, 0.0000 0.8390;
 1718, 0.0000 0.8291;
 1719, 0.0000 0.8191;
 1720, 0.0000 0.8092;
 1721, 0.0000 0.7992;
 1722, 0.0000 0.7892;
 1723, 0.0000 0.7792;
 1724, 0.0000 0.7693;
 1725, 0.0000 0.7593;
 1726, 0.0000 0.7493;
 1727, 0.0000 0.7393;
 1728, 0.0000 0.7294;
 1729, 0.0000 0.7194;
 1730, 0.0000 0.7094;
 1731, 0.0000 0.6994;
 1732, 0.0000 0.6894;
 1733, 0.0000 0.6794;
 1734, 0.0000 0.6694;
 1735, 0.0000 0.6594;
 1736, 0.0000 0.6494;
 1737, 0.0000 0.6394;
 1738, 0.0000 0.6294;
 1739, 0.0000 0.6194;
 1740, 0.0000 0.6094;
 1741, 0.0000 0.5994;
 1742, 0.0000 0.5894;
 1743, 0.0000 0.5794;
 1744, 0.0000 0.5694;
 1745, 0.0000 0.5594;
 1746, 0.0000 0.5494;
 1747, 0.0000 0.5394;
 1748, 0.0000 0.5294;
 1749, 0.0000 0.5194;
 1750, 0.0000 0.5094;
 1751, 0.0000 0.4993;
 1752, 0.0000 0.4893;
 1753, 0.0000 0.4793;
 1754, 0.0000 0.4693;
 1755, 0.0000 0.4593;
 1756, 0.0000 0.4492;
 1757, 0.0000 0.4392;
 1758, 0.0000 0.4292;
 1759, 0.0000 0.4192;
 1760, 0.0000 0.4091;
 1761, 0.0000 0.3991;
 1762, 0.0000 0.3891;
 1763, 0.0000 0.3791;
 1764, 0.0000 0.3690;
 1765, 0.0000 0.3590;
 1766, 0.0000 0.3490;
 1767, 0.0000 0.3389;
 1768, 0.0000 0.3289;
 1769, 0.0000 0.3189;
 1770, 0.0000 0.3088;
 1771, 0.0000 0.2988;
 1772, 0.0000 0.2888;
 1773, 0.0000 0.2787;
 1774, 0.0000 0.2687;
 1775, 0.0000 0.2586;
 1776, 0.0000 0.2486;
 1777, 0.0000 0.2386;
 1778, 0.0000 0.2285;
 1779, 0.0000 0.2185;
 1780, 0.0000 0.2084;
 1781, 0.0000 0.1984;
 1782, 0.0000 0.1884;
 1783, 0.0000 0.1783;
 1784, 0.0000 0.1683;
 1785, 0.0000 0.1582;
 1786, 0.0000 0.1482;
 1787, 0.0000 0.1381;
 1788, 0.0000 0.1281;
 1789, 0.0000 0.1181;
 1790, 0.0000 0.1080;
 1791, 0.0000 0.0980;
 1792, 0.0000 0.0879;
 1793, 0.0000 0.0779;
 1794, 0.0000 0.0678;
 1795, 0.0000 0.0578;
 1796, 0.0000 0.0477;
 1797, 0.0000 0.0377;
 1798, 0.0000 0.0277;
 1799, 0.0000 0.0176;
 1800, 0.0000 0.0076;
 1801, 0.0000 -0.0025;
 1802, 0.0000 -0.0125;
 1803, 0.0000 -0.0226;
 1804, 0.0000 -0.0326;
 1805, 0.0000 -0.0427;
 1806, 0.0000 -0.0527;
 1807, 0.0000 -0.0628;
 1808, 0.0000 -0.0728;
 1809, 0.0000 -0.0829;
 1810, 0.0000 -0.0929;
 1811, 0.0000 -0.1029;
 1812, 0.0000 -0.1130;
 1813, 0.0000 -0.1230;
 1814, 0.0000 -0.1331;
 1815, 0.0000 -0.1431;
 1816, 0.0000 -0.1532;
 1817, 0.0000 -0.1632;
 1818, 0.0000 -0.1732;
 1819, 0.0000 -0.1833;
 1820, 0.0000 -0.1933;
 1821, 0.0000 -0.2034;
 1822, 0.0000 -0.2134;
 1823, 0.0000 -0.2235;
 1824, 0.0000 -0.2335;
 1825, 0.0000 -0.2435;
 1826, 0.0000 -0.2536;
 1827, 0.0000 -0.2636;
 1828, 0.0000 -0.2736;
 1829, 0.0000 -0.2837;
 1830, 0.0000 -0.2937;
 1831, 0.0000 -0.3038;
 1832, 0.0000 -0.3138;
 1833, 0.0000 -0.3238;
 1834, 0.0000 -0.3339;
 1835, 0.0000 -0.3439;
 1836, 0.0000 -0.3539;
 1837, 0.0000 -0.3640;
 1838, 0.0000 -0.3740;
 1839, 0.0000 -0.3840;
 1840, 0.0000 -0.3940;
 1841, 0.0000 -0.4041;
 1842, 0.0000 -0.4141;
 1843, 0.0000 -0.4241;
 1844, 0.0000 -0.4341;
 1845, 0.0000 -0.4442;
 1846, 0.0000 -0.4542;
 1847, 0.0000 -0.4642;
 1848, 0.0000 -0.4742;
 1849, 0.0000 -0.4843;
 1850, 0.0000 -0.4943;
 1851, 0.0000 -0.5043;
 1852, 0.0000 -0.5143;
 1853, 0.0000 -0.5243;
 1854, 0.0000 -0.5343;
 1855, 0.0000 -0.5443;
 1856, 0.0000 -0.5544;
 1857, 0.0000 -0.5644;
 1858, 0.0000 -0.5744;
 1859, 0.0000 -0.5844;
 1860, 0.0000 -0.5944;
 1861, 0.0000 -0.6044;
 1862, 0.0000 -0.6144;
 1863, 0.0000 -0.6244;
 1864, 0.0000 -0.6344;
 1865, 0.0000 -0.6444;
 1866, 0.0000 -0.6544;
 1867, 0.0000 -0.6644;
 1868, 0.0000 -0.6744;
 1869, 0.0000 -0.6844;
 1870, 0.0000 -0.6944;
 1871, 0.0000 -0.7043;
 1872, 0.0000 -0.7143;
 1873, 0.0000 -0.7243;
 1874, 0.0000 -0.7343;
 1875, 0.0000 -0.7443;
 1876, 0.0000 -0.7543;
 1877, 0.0000 -0.7642;
 1878, 0.0000 -0.7742;
 1879, 0.0000 -0.7842;
 1880, 0.0000 -0.7942;
 1881, 0.0000 -0.8041;
 1882, 0.0000 -0.8141;
 1883, 0.0000 -0.8241;
 1884, 0.0000 -0.8340;
 1885, 0.0000 -0.8440;
 1886, 0.0000 -0.8539;
 1887, 0.0000 -0.8639;
 1888, 0.0000 -0.8738;
 1889, 0.0000 -0.8838;
 1890, 0.0000 -0.8937;
 1891, 0.0000 -0.9037;
 1892, 0.0000 -0.9136;
 1893, 1.0000 0.7857;
 1894, 0.0000 0.7758;
 1895, 0.0000 0.7658;
 1896, 0.0000 0.7559;
 1897, 0.0000 0.7459;
 1898, 0.0000 0.7360;
 1899, 0.0000 0.7260;
 1900, 0.0000 0.7161;
 1901, 0.0000 0.7061;
 1902, 0.0000 0.6962;
 1903, 0.0000 0.6862;
 1904, 0.0000 0.6762;
 1905, 0.0000 0.6663;
 1906, 0.0000 0.6563;
 1907, 0.0000 0.6464;
 1908, 0.0000 0.6364;
 1909, 0.0000 0.6264;
 1910, 0.0000 0.6164;
 1911, 0.0000 0.6065;
 1912, 0.0000 0.5965;
 1913, 0.0000 0.5865;
 1914, 0.0000 0.5765;
 1915, 0.0000 0.5666;
 1916, 0.0000 0.5566;
 1917, 0.0000 0.5466;
 1918, 0.0000 0.5366;
 1919, 0.0000 0.5266;
 1920, 0.0000 0.5166;
 1921, 0.0000 0.5066;
 1922, 0.0000 0.4967;
 1923, 0.0000 0.4867;
 1924, 0.0000 0.4767;
 1925, 0.0000 0.4667;
 1926, 0.0000 0.4567;
 1927, 0.0000 0.4467;
 1928, 0.0000 0.4367;
 1929, 0.0000 0.4267;
 1930, 0.0000 0.4167;
 1931, 0.0000 0.4067;
 1932, 0.0000 0.3967;
 1933, 0.0000 0.3867;
 1934, 0.0000 0.3767;
 1935, 0.0000 0.3667;
 1936, 0.0000 0.3567;
 1937, 0.0000 0.3467;
 1938, 0.0000 0.3367;
 1939, 0.0000 0.3267;
 1940, 0.0000 0.3167;
 1941, 0.0000 0.3067;
 1942, 0.0000 0.2966;
 1943, 0.0000 0.2866;
 1944, 0.0000 0.2766;
 1945, 0.0000 0.2666;
 1946, 0.0000 0.2566;
 1947, 0.0000 0.2466;
 1948, 0.0000 0.2366;
 1949, 0.0000 0.2266;
 1950, 0.0000 0.2166;
 1951, 0.0000 0.2065;
 1952, 0.0000 0.1965;
 1953, 0.0000 0.1865;
 1954, 0.0000 0.1765;
 1955, 0.0000 0.1665;
 1956, 0.0000 0.1565;
 1957, 0.0000 0.1464;
 1958, 0.0000 0.1364;
 1959, 0.0000 0.1264;
 1960, 0.0000 0.1164;
 1961, 0.0000 0.1064;
 1962, 0.0000 0.0963;
 1963, 0.0000 0.0863;
 1964, 0.0000 0.0763;
 1965, 0.0000 0.0663;
 1966, 0.0000 0.0563;
 1967, 0.0000 0.0463;
 1968, 0.0000 0.0362;
 1969, 0.0000 0.0262;
 1970, 0.0000 0.0162;
 1971, 0.0000 0.0062;
 1972, 0.0000 -0.0038;
 1973, 0.0000 -0.0139;
 1974, 0.0000 -0.0239;
 1975, 0.0000 -0.0339;
 1976, 0.0000 -0.0439;
 1977, 0.0000 -0.0539;
 1978, 0.0000 -0.0640;
 1979, 0.0000 -0.0740;
 1980, 0.0000 -0.0840;
 1981, 0.0000 -0.0940;
 1982, 0.0000 -0.1040;
 1983, 0.0000 -0.1141;
 1984, 0.0000 -0.1241;
 1985, 0.0000 -0.1341;
 1986, 0.0000 -0.1441;
 1987, 0.0000 -0.1541;
 1988, 0.0000 -0.1641;
 1989, 0.0000 -0.1742;
 1990, 0.0000 -0.1842;
 1991, 0.0000 -0.1942;
 1992, 0.0000 -0.2042;
 1993, 0.0000 -0.2142;
 1994, 0.0000 -0.2242;
 1995, 0.0000 -0.2342;
 1996, 0.0000 -0.2443;
 1997, 0.0000 -0.2543;
 1998, 0.0000 -0.2643;
 1999, 0.0000 -0.2743;
 2000, 0.0000 -0.2843;
 2001, 0.0000 -0.2943;
 2002, 0.0000 -0.3043;
 2003, 0.0000 -0.3143;
 2004, 0.0000 -0.3243;
 2005, 0.0000 -0.3344;
 2006, 0.0000 -0.3444;
 2007, 0.0000 -0.3544;
 2008, 0.0000 -0.3644;
 2009, 0.0000 -0.3744;
 2010, 0.0000 -0.3844;
 2011, 0.0000 -0.3944;
 2012, 0.0000 -0.4044;
 2013, 0.0000 -0.4144;
 2014, 0.0000 -0.4244;
 2015, 0.0000 -0.4344;
 2016, 0.0000 -0.4444;
 2017, 0.0000 -0.4544;
 2018, 0.0000 -0.4644;
 2019, 0.0000 -0.4744;
 2020, 0.0000 -0.4843;
 2021, 0.0000 -0.4943;
 2022, 0.0000 -0.5043;
 2023, 0.0000 -0.5143;
 2024, 0.0000 -0.5243;
 2025, 0.0000 -0.5343;
 2026, 0.0000 -0.5443;
 2027, 0.0000 -0.5543;
 2028, 0.0000 -0.5642;
 2029, 0.0000 -0.5742;
 2030, 0.0000 -0.5842;
 2031, 0.0000 -0.5942;
 2032, 0.0000 -0.6041;
 2033, 0.0000 -0.6141;
 2034, 0.0000 -0.6241;
 2035, 0.0000 -0.6341;
 2036, 0.0000 -0.6440;
 2037, 0.0000 -0.6540;
 2038, 0.0000 -0.6640;
 2039, 0.0000 -0.6739;
 2040, 0.0000 -0.6839;
 2041, 0.0000 -0.6939;
 2042, 0.0000 -0.7038;
 2043, 0.0000 -0.7138;
 2044, 0.0000 -0.7237;
 2045, 0.0000 -0.7337;
 2046, 0.0000 -0.7436;
 2047, 0.0000 -0.7536;
 2048, 0.0000 -0.7635;
 2049, 0.0000 -0.7735;
 2050, 0.0000 -0.7834;
 2051, 1.0000 0.6737;
 2052, 0.0000 0.6638;
 2053, 0.0000 0.6539;
 2054, 0.0000 0.6439;
 2055, 0.0000 0.6340;
 2056, 0.0000 0.6240;
 2057, 0.0000 0.6141;
 2058, 0.0000 0.6041;
 2059, 0.0000 0.5941;
 2060, 0.0000 0.5842;
 2061, 0.0000 0.5742;
 2062, 0.0000 0.5643;
 2063, 0.0000 0.5543;
 2064, 0.0000 0.5444;
 2065, 0.0000 0.5344;
 2066, 0.0000 0.5244;
 2067, 0.0000 0.5145;
 2068, 0.0000 0.5045;
 2069, 0.0000 0.4945;
 2070, 0.0000 0.4846;
 2071, 0.0000 0.4746;
 2072, 0.0000 0.4646;
 2073, 0.0000 0.4546;
 2074, 0.0000 0.4447;
 2075, 0.0000 0.4347;
 2076, 0.0000 0.4247;
 2077, 0.0000 0.4147;
 2078, 0.0000 0.4047;
 2079, 0.0000 0.3948;
 2080, 0.0000 0.3848;
 2081, 0.0000 0.3748;
 2082, 0.0000 0.3648;
 2083, 0.0000 0.3548;
 2084, 0.0000 0.3449;
 2085, 0.0000 0.3349;
 2086, 0.0000 0.3249;
 2087, 0.0000 0.3149;
 2088, 0.0000 0.3049;
 2089, 0.0000 0.2949;
 2090, 0.0000 0.2849;
 2091, 0.0000 0.2749;
 2092, 0.0000 0.2649;
 2093, 0.0000 0.2549;
 2094, 0.0000 0.2450;
 2095, 0.0000 0.2350;
 2096, 0.0000 0.2250;
 2097, 0.0000 0.2150;
 2098, 0.0000 0.2050;
 2099, 0.0000 0.1950;
 2100, 0.0000 0.1850;
 2101, 0.0000 0.1750;
 2102, 0.0000 0.1650;
 2103, 0.0000 0.1550;
 2104, 0.0000 0.1450;
 2105, 0.0000 0.1350;
 2106, 0.0000 0.1250;
 2107, 0.0000 0.1150;
 2108, 0.0000 0.1050;
 2109, 0.0000 0.0950;
 2110, 0.0000 0.0850;
 2111, 0.0000 0.0750;
 2112, 0.0000 0.0650;
 2113, 0.0000 0.0550;
 2114, 0.0000 0.0450;
 2115, 0.0000 0.0350;
 2116, 0.0000 0.0250;
 2117, 0.0000 0.0150;
 2118, 0.0000 0.0050;
 2119, 0.0000 -0.0050;
 2120, 0.0000 -0.0150;
 2121, 0.0000 -0.0250;
 2122, 0.0000 -0.0350;
 2123, 0.0000 -0.0450;
 2124, 0.0000 -0.0550;
 2125, 0.0000 -0.0650;
 2126, 0.0000 -0.0750;
 2127, 0.0000 -0.0850;
 2128, 0.0000 -0.0950;
 2129, 0.0000 -0.1050;
 2130, 0.0000 -0.1150;
 2131, 0.0000 -0.1250;
 2132, 0.0000 -0.1350;
 2133, 0.0000 -0.1450;
 2134, 0.0000 -0.1550;
 2135, 0.0000 -0.1650;
 2136, 0.0000 -0.1750;
 2137, 0.0000 -0.1850;
 2138, 0.0000 -0.1950;
 2139, 0.0000 -0.2050;
 2140, 0.0000 -0.2150;
 2141, 0.0000 -0.2249;
 2142, 0.0000 -0.2349;
 2143, 0.0000 -0.2449;
 2144, 0.0000 -0.2549;
 2145, 0.0000 -0.2649;
 2146, 0.0000 -0.2749;
 2147, 0.0000 -0.2849;
 2148, 0.0000 -0.2949;
 2149, 0.0000 -0.3049;
 2150, 0.0000 -0.3149;
 2151, 0.0000 -0.3249;
 2152, 0.0000 -0.3348;
 2153, 0.0000 -0.3448;
 2154, 0.0000 -0.3548;
 2155, 0.0000 -0.3648;
 2156, 0.0000 -0.3748;
 2157, 0.0000 -0.3848;
 2158, 0.0000 -0.3947;
 2159, 0.0000 -0.4047;
 2160, 0.0000 -0.4147;
 2161, 0.0000 -0.4247;
 2162, 0.0000 -0.4347;
 2163, 0.0000 -0.4446;
 2164, 0.0000 -0.4546;
 2165, 0.0000 -0.4646;
 2166, 0.0000 -0.4746;
 2167, 0.0000 -0.4845;
 2168, 0.0000 -0.4945;
 2169, 0.0000 -0.5045;
 2170, 0.0000 -0.5144;
 2171, 0.0000 -0.5244;
 2172, 0.0000 -0.5344;
 2173, 0.0000 -0.5443;
 2174, 0.0000 -0.5543;
 2175, 0.0000 -0.5643;
 2176, 0.0000 -0.5742;
 2177, 0.0000 -0.5842;
 2178, 0.0000 -0.5941;
 2179, 0.0000 -0.6041;
 2180, 0.0000 -0.6140;
 2181, 0.0000 -0.6240;
 2182, 0.0000 -0.6339;
 2183, 0.0000 -0.6439;
 2184, 0.0000 -0.6538;
 2185, 0.0000 -0.6638;
 2186, 0.0000 -0.6737;
 2187, 1.0000 0.5794;
 2188, 0.0000 0.5695;
 2189, 0.0000 0.5595;
 2190, 0.0000 0.5496;
 2191, 0.0000 0.5396;
 2192, 0.0000 0.5297;
 2193, 0.0000 0.5197;
 2194, 0.0000 0.5098;
 2195, 0.0000 0.4998;
 2196, 0.0000 0.4899;
 2197, 0.0000 0.4799;
 2198, 0.0000 0.4699;
 2199, 0.0000 0.4600;
 2200, 0.0000 0.4500;
 2201, 0.0000 0.4401;
 2202, 0.0000 0.4301;
 2203, 0.0000 0.4201;
 2204, 0.0000 0.4102;
 2205, 0.0000 0.4002;
 2206, 0.0000 0.3903;
 2207, 0.0000 0.3803;
 2208, 0.0000 0.3703;
 2209, 0.0000 0.3603;
 2210, 0.0000 0.3504;
 2211, 0.0000 0.3404;
 2212, 0.0000 0.3304;
 2213, 0.0000 0.3205;
 2214, 0.0000 0.3105;
 2215, 0.0000 0.3005;
 2216, 0.0000 0.2905;
 2217, 0.0000 0.2806;
 2218, 0.0000 0.2706;
 2219, 0.0000 0.2606;
 2220, 0.0000 0.2506;
 2221, 0.0000 0.2407;
 2222, 0.0000 0.2307;
 2223, 0.0000 0.2207;
 2224, 0.0000 0.2107;
 2225, 0.0000 0.2007;
 2226, 0.0000 0.1908;
 2227, 0.0000 0.1808;
 2228, 0.0000 0.1708;
 2229, 0.0000 0.1608;
 2230, 0.0000 0.1508;
 2231, 0.0000 0.1409;
 2232, 0.0000 0.1309;
 2233, 0.0000 0.1209;
 2234, 0.0000 0.1109;
 2235, 0.0000 0.1009;
 2236, 0.0000 0.0909;
 2237, 0.0000 0.0809;
 2238, 0.0000 0.0710;
 2239, 0.0000 0.0610;
 2240, 0.0000 0.0510;
 2241, 0.0000 0.0410;
 2242, 0.0000 0.0310;
 2243, 0.0000 0.0210;
 2244, 0.0000 0.0110;
 2245, 0.0000 0.0011;
 2246, 0.0000 -0.0089;
 2247, 0.0000 -0.0189;
 2248, 0.0000 -0.0289;
 2249, 0.0000 -0.0389;
 2250, 0.0000 -0.0489;
 2251, 0.0000 -0.0588;
 2252, 0.0000 -0.0688;
 2253, 0.0000 -0.0788;
 2254, 0.0000 -0.0888;
 2255, 0.0000 -0.0988;
 2256, 0.0000 -0.1088;
 2257, 0.0000 -0.1188;
 2258, 0.0000 -0.1287;
 2259, 0.0000 -0.1387;
 2260, 0.0000 -0.1487;
 2261, 0.0000 -0.1587;
 2262, 0.0000 -0.1687;
 2263, 0.0000 -0.1787;
 2264, 0.0000 -0.1886;
 2265, 0.0000 -0.1986;
 2266, 0.0000 -0.2086;
 2267, 0.0000 -0.2186;
 2268, 0.0000 -0.2286;
 2269, 0.0000 -0.2385;
 2270, 0.0000 -0.2485;
 2271, 0.0000 -0.2585;
 2272, 0.0000 -0.2685;
 2273, 0.0000 -0.2784;
 2274, 0.0000 -0.2884;
 2275, 0.0000 -0.2984;
 2276, 0.0000 -0.3084;
 2277, 0.0000 -0.3183;
 2278, 0.0000 -0.3283;
 2279, 0.0000 -0.3383;
 2280, 0.0000 -0.3483;
 2281, 0.0000 -0.3582;
 2282, 0.0000 -0.3682;
 2283, 0.0000 -0.3782;
 2284, 0.0000 -0.3881;
 2285, 0.0000 -0.3981;
 2286, 0.0000 -0.4081;
 2287, 0.0000 -0.4180;
 2288, 0.0000 -0.4280;
 2289, 0.0000 -0.4379;
 2290, 0.0000 -0.4479;
 2291, 0.0000 -0.4579;
 2292, 0.0000 -0.4678;
 2293, 0.0000 -0.4778;
 2294, 0.0000 -0.4877;
 2295, 0.0000 -0.4977;
 2296, 0.0000 -0.5076;
 2297, 0.0000 -0.5176;
 2298, 0.0000 -0.5275;
 2299, 0.0000 -0.5375;
 2300, 0.0000 -0.5474;
 2301, 0.0000 -0.5574;
 2302, 0.0000 -0.5673;
 2303, 0.0000 -0.5773;
 2304, 1.0000 0.4965;
 2305, 0.0000 0.4865;
 2306, 0.0000 0.4766;
 2307, 0.0000 0.4666;
 2308, 0.0000 0.4567;
 2309, 0.0000 0.4467;
 2310, 0.0000 0.4368;
 2311, 0.0000 0.4268;
 2312, 0.0000 0.4169;
 2313, 0.0000 0.4069;
 2314, 0.0000 0.3970;
 2315, 0.0000 0.3870;
 2316, 0.0000 0.3771;
 2317, 0.0000 0.3671;
 2318, 0.0000 0.3572;
 2319, 0.0000 0.3472;
 2320, 0.0000 0.3372;
 2321, 0.0000 0.3273;
 2322, 0.0000 0.3173;
 2323, 0.0000 0.3074;
 2324, 0.0000 0.2974;
 2325, 0.0000 0.2874;
 2326, 0.0000 0.2775;
 2327, 0.0000 0.2675;
 2328, 0.0000 0.2575;
 2329, 0.0000 0.2476;
 2330, 0.0000 0.2376;
 2331, 0.0000 0.2276;
 2332, 0.0000 0.2177;
 2333, 0.0000 0.2077;
 2334, 0.0000 0.1977;
 2335, 0.0000 0.1878;
 2336, 0.0000 0.1778;
 2337, 0.0000 0.1678;
 2338, 0.0000 0.1578;
 2339, 0.0000 0.1479;
 2340, 0.0000 0.1379;
 2341, 0.0000 0.1279;
 2342, 0.0000 0.1180;
 2343, 0.0000 0.1080;
 2344, 0.0000 0.0980;
 2345, 0.0000 0.0880;
 2346, 0.0000 0.0781;
 2347, 0.0000 0.0681;
 2348, 0.0000 0.0581;
 2349, 0.0000 0.0481;
 2350, 0.0000 0.0382;
 2351, 0.0000 0.0282;
 2352, 0.0000 0.0182;
 2353, 0.0000 0.0082;
 2354, 0.0000 -0.0017;
 2355, 0.0000 -0.0117;
 2356, 0.0000 -0.0217;
 2357, 0.0000 -0.0316;
 2358, 0.0000 -0.0416;
 2359, 0.0000 -0.0516;
 2360, 0.0000 -0.0616;
 2361, 0.0000 -0.0715;
 2362, 0.0000 -0.0815;
 2363, 0.0000 -0.0915;
 2364, 0.0000 -0.1015;
 2365, 0.0000 -0.1114;
 2366, 0.0000 -0.1214;
 2367, 0.0000 -0.1314;
 2368, 0.0000 -0.1414;
 2369, 0.0000 -0.1513;
 2370, 0.0000 -0.1613;
 2371, 0.0000 -0.1713;
 2372, 0.0000 -0.1812;
 2373, 0.0000 -0.1912;
 2374, 0.0000 -0.2012;
 2375, 0.0000 -0.2111;
 2376, 0.0000 -0.2211;
 2377, 0.0000 -0.2311;
 2378, 0.0000 -0.2410;
 2379, 0.0000 -0.2510;
 2380, 0.0000 -0.2610;
 2381, 0.0000 -0.2709;
 2382, 0.0000 -0.2809;
 2383, 0.0000 -0.2909;
 2384, 0.0000 -0.3008;
 2385, 0.0000 -0.3108;
 2386, 0.0000 -0.3208;
 2387, 0.0000 -0.3307;
 2388, 0.0000 -0.3407;
 2389, 0.0000 -0.3506;
 2390, 0.0000 -0.3606;
 2391, 0.0000 -0.3706;
 2392, 0.0000 -0.3805;
 2393, 0.0000 -0.3905;
 2394, 0.0000 -0.4004;
 2395, 0.0000 -0.4104;
 2396, 0.0000 -0.4203;
 2397, 0.0000 -0.4303;
 2398, 0.0000 -0.4402;
 2399, 0.0000 -0.4502;
 2400, 0.0000 -0.4601;
 2401, 0.0000 -0.4701;
 2402, 0.0000 -0.4800;
 2403, 0.0000 -0.4900;
 2404, 1.0000 0.4214;
 2405, 0.0000 0.4114;
 2406, 0.0000 0.4015;
 2407, 0.0000 0.3915;
 2408, 0.0000 0.3816;
 2409, 0.0000 0.3716;
 2410, 0.0000 0.3617;
 2411, 0.0000 0.3517;
 2412, 0.0000 0.3418;
 2413, 0.0000 0.3318;
 2414, 0.0000 0.3219;
 2415, 0.0000 0.3119;
 2416, 0.0000 0.3020;
 2417, 0.0000 0.2920;
 2418, 0.0000 0.2821;
 2419, 0.0000 0.2721;
 2420, 0.0000 0.2622;
 2421, 0.0000 0.2522;
 2422, 0.0000 0.2423;
 2423, 0.0000 0.2323;
 2424, 0.0000 0.2223;
 2425, 0.0000 0.2124;
 2426, 0.0000 0.2024;
 2427, 0.0000 0.1925;
 2428, 0.0000 0.1825;
 2429, 0.0000 0.1725;
 2430, 0.0000 0.1626;
 2431, 0.0000 0.1526;
 2432, 0.0000 0.1426;
 2433, 0.0000 0.1327;
 2434, 0.0000 0.1227;
 2435, 0.0000 0.1128;
 2436, 0.0000 0.1028;
 2437, 0.0000 0.0928;
 2438, 0.0000 0.0829;
 2439, 0.0000 0.0729;
 2440, 0.0000 0.0629;
 2441, 0.0000 0.0530;
 2442, 0.0000 0.0430;
 2443, 0.0000 0.0330;
 2444, 0.0000 0.0231;
 2445, 0.0000 0.0131;
 2446, 0.0000 0.0031;
 2447, 0.0000 -0.0068;
 2448, 0.0000 -0.0168;
 2449, 0.0000 -0.0268;
 2450, 0.0000 -0.0367;
 2451, 0.0000 -0.0467;
 2452, 0.0000 -0.0566;
 2453, 0.0000 -0.0666;
 2454, 0.0000 -0.0766;
 2455, 0.0000 -0.0865;
 2456, 0.0000 -0.0965;
 2457, 0.0000 -0.1065;
 2458, 0.0000 -0.1164;
 2459, 0.0000 -0.1264;
 2460, 0.0000 -0.1364;
 2461, 0.0000 -0.1463;
 2462, 0.0000 -0.1563;
 2463, 0.0000 -0.1662;
 2464, 0.0000 -0.1762;
 2465, 0.0000 -0.1862;
 2466, 0.0000 -0.1961;
 2467, 0.0000 -0.2061;
 2468, 0.0000 -0.2161;
 2469, 0.0000 -0.2260;
 2470, 0.0000 -0.2360;
 2471, 0.0000 -0.2459;
 2472, 0.0000 -0.2559;
 2473, 0.0000 -0.2658;
 2474, 0.0000 -0.2758;
 2475, 0.0000 -0.2858;
 2476, 0.0000 -0.2957;
 2477, 0.0000 -0.3057;
 2478, 0.0000 -0.3156;
 2479, 0.0000 -0.3256;
 2480, 0.0000 -0.3355;
 2481, 0.0000 -0.3455;
 2482, 0.0000 -0.3554;
 2483, 0.0000 -0.3654;
 2484, 0.0000 -0.3753;
 2485, 0.0000 -0.3853;
 2486, 0.0000 -0.3952;
 2487, 0.0000 -0.4051;
 2488, 0.0000 -0.4151;
 2489, 1.0000 0.3570;
 2490, 0.0000 0.3470;
 2491, 0.0000 0.3371;
 2492, 0.0000 0.3271;
 2493, 0.0000 0.3172;
 2494, 0.0000 0.3073;
 2495, 0.0000 0.2973;
 2496, 0.0000 0.2874;
 2497, 0.0000 0.2774;
 2498, 0.0000 0.2675;
 2499, 0.0000 0.2575;
 2500, 0.0000 0.2476;
 2501, 0.0000 0.2376;
 2502, 0.0000 0.2277;
 2503, 0.0000 0.2177;
 2504, 0.0000 0.2078;
 2505, 0.0000 0.1978;
 2506, 0.0000 0.1878;
 2507, 0.0000 0.1779;
 2508, 0.0000 0.1679;
 2509, 0.0000 0.1580;
 2510, 0.0000 0.1480;
 2511, 0.0000 0.1381;
 2512, 0.0000 0.1281;
 2513, 0.0000 0.1182;
 2514, 0.0000 0.1082;
 2515, 0.0000 0.0982;
 2516, 0.0000 0.0883;
 2517, 0.0000 0.0783;
 2518, 0.0000 0.0684;
 2519, 0.0000 0.0584;
 2520, 0.0000 0.0485;
 2521, 0.0000 0.0385;
 2522, 0.0000 0.0285;
 2523, 0.0000 0.0186;
 2524, 0.0000 0.0086;
 2525, 0.0000 -0.0013;
 2526, 0.0000 -0.0113;
 2527, 0.0000 -0.0213;
 2528, 0.0000 -0.0312;
 2529, 0.0000 -0.0412;
 2530, 0.0000 -0.0511;
 2531, 0.0000 -0.0611;
 2532, 0.0000 -0.0711;
 2533, 0.0000 -0.0810;
 2534, 0.0000 -0.0910;
 2535, 0.0000 -0.1009;
 2536, 0.0000 -0.1109;
 2537, 0.0000 -0.1208;
 2538, 0.0000 -0.1308;
 2539, 0.0000 -0.1408;
 2540, 0.0000 -0.1507;
 2541, 0.0000 -0.1607;
 2542, 0.0000 -0.1706;
 2543, 0.0000 -0.1806;
 2544, 0.0000 -0.1905;
 2545, 0.0000 -0.2005;
 2546, 0.0000 -0.2104;
 2547, 0.0000 -0.2204;
 2548, 0.0000 -0.2303;
 2549, 0.0000 -0.2403;
 2550, 0.0000 -0.2502;
 2551, 0.0000 -0.2602;
 2552, 0.0000 -0.2701;
 2553, 0.0000 -0.2801;
 2554, 0.0000 -0.2900;
 2555, 0.0000 -0.3000;
 2556, 0.0000 -0.3099;
 2557, 0.0000 -0.3199;
 2558, 0.0000 -0.3298;
 2559, 0.0000 -0.3398;
 2560, 0.0000 -0.3497;
 2561, 1.0000 0.3008;
 2562, 0.0000 0.2908;
 2563, 0.0000 0.2809;
 2564, 0.0000 0.2709;
 2565, 0.0000 0.2610;
 2566, 0.0000 0.2510;
 2567, 0.0000 0.2411;
 2568, 0.0000 0.2311;
 2569, 0.0000 0.2212;
 2570, 0.0000 0.2112;
 2571, 0.0000 0.2013;
 2572, 0.0000 0.1913;
 2573, 0.0000 0.1814;
 2574, 0.0000 0.1714;
 2575, 0.0000 0.1615;
 2576, 0.0000 0.1515;
 2577, 0.0000 0.1416;
 2578, 0.0000 0.1316;
 2579, 0.0000 0.1217;
 2580, 0.0000 0.1117;
 2581, 0.0000 0.1018;
 2582, 0.0000 0.0918;
 2583, 0.0000 0.0819;
 2584, 0.0000 0.0719;
 2585, 0.0000 0.0620;
 2586, 0.0000 0.0520;
 2587, 0.0000 0.0421;
 2588, 0.0000 0.0321;
 2589, 0.0000 0.0222;
 2590, 0.0000 0.0122;
 2591, 0.0000 0.0023;
 2592, 0.0000 -0.0077;
 2593, 0.0000 -0.0177;
 2594, 0.0000 -0.0276;
 2595, 0.0000 -0.0376;
 2596, 0.0000 -0.0475;
 2597, 0.0000 -0.0575;
 2598, 0.0000 -0.0674;
 2599, 0.0000 -0.0774;
 2600, 0.0000 -0.0873;
 2601, 0.0000 -0.0973;
 2602, 0.0000 -0.1072;
 2603, 0.0000 -0.1172;
 2604, 0.0000 -0.1271;
 2605, 0.0000 -0.1371;
 2606, 0.0000 -0.1470;
 2607, 0.0000 -0.1570;
 2608, 0.0000 -0.1669;
 2609, 0.0000 -0.1769;
 2610, 0.0000 -0.1868;
 2611, 0.0000 -0.1968;
 2612, 0.0000 -0.2067;
 2613, 0.0000 -0.2167;
 2614, 0.0000 -0.2266;
 2615, 0.0000 -0.2366;
 2616, 0.0000 -0.2465;
 2617, 0.0000 -0.2565;
 2618, 0.0000 -0.2664;
 2619, 0.0000 -0.2764;
 2620, 0.0000 -0.2863;
 2621, 0.0000 -0.2963;
 2622, 1.0000 0.2548;
 2623, 0.0000 0.2448;
 2624, 0.0000 0.2349;
 2625, 0.0000 0.2249;
 2626, 0.0000 0.2150;
 2627, 0.0000 0.2051;
 2628, 0.0000 0.1951;
 2629, 0.0000 0.1852;
 2630, 0.0000 0.1752;
 2631, 0.0000 0.1653;
 2632, 0.0000 0.1553;
 2633, 0.0000 0.1454;
 2634, 0.0000 0.1354;
 2635, 0.0000 0.1255;
 2636, 0.0000 0.1155;
 2637, 0.0000 0.1056;
 2638, 0.0000 0.0956;
 2639, 0.0000 0.0857;
 2640, 0.0000 0.0757;
 2641, 0.0000 0.0658;
 2642, 0.0000 0.0558;
 2643, 0.0000 0.0459;
 2644, 0.0000 0.0359;
 2645, 0.0000 0.0260;
 2646, 0.0000 0.0160;
 2647, 0.0000 0.0061;
 2648, 0.0000 -0.0039;
 2649, 0.0000 -0.0138;
 2650, 0.0000 -0.0238;
 2651, 0.0000 -0.0337;
 2652, 0.0000 -0.0437;
 2653, 0.0000 -0.0536;
 2654, 0.0000 -0.0636;
 2655, 0.0000 -0.0735;
 2656, 0.0000 -0.0835;
 2657, 0.0000 -0.0934;
 2658, 0.0000 -0.1034;
 2659, 0.0000 -0.1133;
 2660, 0.0000 -0.1233;
 2661, 0.0000 -0.1332;
 2662, 0.0000 -0.1432;
 2663, 0.0000 -0.1531;
 2664, 0.0000 -0.1631;
 2665, 0.0000 -0.1730;
 2666, 0.0000 -0.1830;
 2667, 0.0000 -0.1929;
 2668, 0.0000 -0.2028;
 2669, 0.0000 -0.2128;
 2670, 0.0000 -0.2227;
 2671, 0.0000 -0.2327;
 2672, 0.0000 -0.2426;
 2673, 0.0000 -0.2526;
 2674, 1.0000 0.2172;
 2675, 0.0000 0.2073;
 2676, 0.0000 0.1973;
 2677, 0.0000 0.1874;
 2678, 0.0000 0.1774;
 2679, 0.0000 0.1675;
 2680, 0.0000 0.1575;
 2681, 0.0000 0.1476;
 2682, 0.0000 0.1377;
 2683, 0.0000 0.1277;
 2684, 0.0000 0.1178;
 2685, 0.0000 0.1078;
 2686, 0.0000 0.0979;
 2687, 0.0000 0.0879;
 2688, 0.0000 0.0780;
 2689, 0.0000 0.0680;
 2690, 0.0000 0.0581;
 2691, 0.0000 0.0481;
 2692, 0.0000 0.0382;
 2693, 0.0000 0.0282;
 2694, 0.0000 0.0183;
 2695, 0.0000 0.0083;
 2696, 0.0000 -0.0016;
 2697, 0.0000 -0.0116;
 2698, 0.0000 -0.0215;
 2699, 0.0000 -0.0315;
 2700, 0.0000 -0.0414;
 2701, 0.0000 -0.0514;
 2702, 0.0000 -0.0613;
 2703, 0.0000 -0.0713;
 2704, 0.0000 -0.0812;
 2705, 0.0000 -0.0911;
 2706, 0.0000 -0.1011;
 2707, 0.0000 -0.1110;
 2708, 0.0000 -0.1210;
 2709, 0.0000 -0.1309;
 2710, 0.0000 -0.1409;
 2711, 0.0000 -0.1508;
 2712, 0.0000 -0.1608;
 2713, 0.0000 -0.1707;
 2714, 0.0000 -0.1807;
 2715, 0.0000 -0.1906;
 2716, 0.0000 -0.2005;
 2717, 0.0000 -0.2105;
 2718, 1.0000 0.1810;
 2719, 0.0000 0.1711;
 2720, 0.0000 0.1611;
 2721, 0.0000 0.1512;
 2722, 0.0000 0.1412;
 2723, 0.0000 0.1313;
 2724, 0.0000 0.1214;
 2725, 0.0000 0.1114;
 2726, 0.0000 0.1015;
 2727, 0.0000 0.0915;
 2728, 0.0000 0.0816;
 2729, 0.0000 0.0716;
 2730, 0.0000 0.0617;
 2731, 0.0000 0.0517;
 2732, 0.0000 0.0418;
 2733, 0.0000 0.0318;
 2734, 0.0000 0.0219;
 2735, 0.0000 0.0120;
 2736, 0.0000 0.0020;
 2737, 0.0000 -0.0079;
 2738, 0.0000 -0.0179;
 2739, 0.0000 -0.0278;
 2740, 0.0000 -0.0378;
 2741, 0.0000 -0.0477;
 2742, 0.0000 -0.0577;
 2743, 0.0000 -0.0676;
 2744, 0.0000 -0.0776;
 2745, 0.0000 -0.0875;
 2746, 0.0000 -0.0974;
 2747, 0.0000 -0.1074;
 2748, 0.0000 -0.1173;
 2749, 0.0000 -0.1273;
 2750, 0.0000 -0.1372;
 2751, 0.0000 -0.1472;
 2752, 0.0000 -0.1571;
 2753, 0.0000 -0.1671;
 2754, 0.0000 -0.1770;
 2755, 1.0000 0.1522;
 2756, 0.0000 0.1423;
 2757, 0.0000 0.1323;
 2758, 0.0000 0.1224;
 2759, 0.0000 0.1124;
 2760, 0.0000 0.1025;
 2761, 0.0000 0.0926;
 2762, 0.0000 0.0826;
 2763, 0.0000 0.0727;
 2764, 0.0000 0.0627;
 2765, 0.0000 0.0528;
 2766, 0.0000 0.0428;
 2767, 0.0000 0.0329;
 2768, 0.0000 0.0229;
 2769, 0.0000 0.0130;
 2770, 0.0000 0.0031;
 2771, 0.0000 -0.0069;
 2772, 0.0000 -0.0168;
 2773, 0.0000 -0.0268;
 2774, 0.0000 -0.0367;
 2775, 0.0000 -0.0467;
 2776, 0.0000 -0.0566;
 2777, 0.0000 -0.0666;
 2778, 0.0000 -0.0765;
 2779, 0.0000 -0.0864;
 2780, 0.0000 -0.0964;
 2781, 0.0000 -0.1063;
 2782, 0.0000 -0.1163;
 2783, 0.0000 -0.1262;
 2784, 0.0000 -0.1362;
 2785, 0.0000 -0.1461;
 2786, 1.0000 0.1256;
 2787, 0.0000 0.1157;
 2788, 0.0000 0.1058;
 2789, 0.0000 0.0958;
 2790, 0.0000 0.0859;
 2791, 0.0000 0.0759;
 2792, 0.0000 0.0660;
 2793, 0.0000 0.0560;
 2794, 0.0000 0.0461;
 2795, 0.0000 0.0362;
 2796, 0.0000 0.0262;
 2797, 0.0000 0.0163;
 2798, 0.0000 0.0063;
 2799, 0.0000 -0.0036;
 2800, 0.0000 -0.0136;
 2801, 0.0000 -0.0235;
 2802, 0.0000 -0.0334;
 2803, 0.0000 -0.0434;
 2804, 0.0000 -0.0533;
 2805, 0.0000 -0.0633;
 2806, 0.0000 -0.0732;
 2807, 0.0000 -0.0832;
 2808, 0.0000 -0.0931;
 2809, 0.0000 -0.1031;
 2810, 0.0000 -0.1130;
 2811, 0.0000 -0.1229;
 2812, 1.0000 0.1057;
 2813, 0.0000 0.0958;
 2814, 0.0000 0.0858;
 2815, 0.0000 0.0759;
 2816, 0.0000 0.0660;
 2817, 0.0000 0.0560;
 2818, 0.0000 0.0461;
 2819, 0.0000 0.0361;
 2820, 0.0000 0.0262;
 2821, 0.0000 0.0162;
 2822, 0.0000 0.0063;
 2823, 0.0000 -0.0036;
 2824, 0.0000 -0.0136;
 2825, 0.0000 -0.0235;
 2826, 0.0000 -0.0335;
 2827, 0.0000 -0.0434;
 2828, 0.0000 -0.0534;
 2829, 0.0000 -0.0633;
 2830, 0.0000 -0.0733;
 2831, 0.0000 -0.0832;
 2832, 0.0000 -0.0931;
 2833, 0.0000 -0.1031;
 2834, 1.0000 0.0886;
 2835, 0.0000 0.0787;
 2836, 0.0000 0.0688;
 2837, 0.0000 0.0588;
 2838, 0.0000 0.0489;
 2839, 0.0000 0.0389;
 2840, 0.0000 0.0290;
 2841, 0.0000 0.0190;
 2842, 0.0000 0.0091;
 2843, 0.0000 -0.0008;
 2844, 0.0000 -0.0108;
 2845, 0.0000 -0.0207;
 2846, 0.0000 -0.0307;
 2847, 0.0000 -0.0406;
 2848, 0.0000 -0.0506;
 2849, 0.0000 -0.0605;
 2850, 0.0000 -0.0704;
 2851, 0.0000 -0.0804;
 2852, 1.0000 0.0691;
 2853, 0.0000 0.0592;
 2854, 0.0000 0.0492;
 2855, 0.0000 0.0393;
 2856, 0.0000 0.0294;
 2857, 0.0000 0.0194;
 2858, 0.0000 0.0095;
 2859, 0.0000 -0.0005;
 2860, 0.0000 -0.0104;
 2861, 0.0000 -0.0204;
 2862, 0.0000 -0.0303;
 2863, 0.0000 -0.0402;
 2864, 0.0000 -0.0502;
 2865, 0.0000 -0.0601;
 2866, 1.0000 0.0517;
 2867, 0.0000 0.0418;
 2868, 0.0000 0.0318;
 2869, 0.0000 0.0219;
 2870, 0.0000 0.0119;
 2871, 0.0000 0.0020;
 2872, 0.0000 -0.0079;
 2873, 0.0000 -0.0179;
 2874, 0.0000 -0.0278;
 2875, 0.0000 -0.0378;
 2876, 0.0000 -0.0477;
 2877, 1.0000 0.0410;
 2878, 0.0000 0.0311;
 2879, 0.0000 0.0212;
 2880, 0.0000 0.0112;
 2881, 0.0000 0.0013;
 2882, 0.0000 -0.0087;
 2883, 0.0000 -0.0186;
 2884, 0.0000 -0.0286;
 2885, 0.0000 -0.0385;
 2886, 1.0000 0.0331;
 2887, 0.0000 0.0232;
 2888, 0.0000 0.0132;
 2889, 0.0000 0.0033;
 2890, 0.0000 -0.0067;
 2891, 0.0000 -0.0166;
 2892, 0.0000 -0.0265;
 2893, 1.0000 0.0228;
 2894, 0.0000 0.0129;
 2895, 0.0000 0.0029;
 2896, 0.0000 -0.0070;
 2897, 0.0000 -0.0169;
 2898, 1.0000 0.0146;
 2899, 0.0000 0.0046;
