1.7437
1.7437
1.7436
1.7435
1.7433
1.7430
1.7426
1.7422
1.7418
1.7412
1.7406
1.7400
1.7392
1.7384
1.7376
1.7366
1.7356
1.7345
1.7333
1.7321
1.7307
1.7293
1.7278
1.7263
1.7246
1.7229
1.7211
1.7192
1.7172
1.7152
1.7130
1.7108
1.7084
1.7060
1.7035
1.7009
1.6982
1.6954
1.6926
1.6896
1.6865
1.6833
1.6801
1.6767
1.6732
1.6696
1.6660
1.6622
1.6583
1.6543
1.6502
1.6460
1.6417
1.6373
1.6327
1.6281
1.6233
1.6185
1.6135
1.6084
1.6032
1.5978
1.5924
1.5868
1.5811
1.5753
1.5693
1.5633
1.5571
1.5508
1.5443
1.5378
1.5311
1.5242
1.5173
1.5102
1.5030
1.4956
1.4881
1.4805
1.4727
1.4648
1.4568
1.4486
1.4403
1.4318
1.4232
1.4145
1.4056
1.3966
1.3874
1.3780
1.3685
1.3589
1.3491
1.3392
1.3291
1.3189
1.3085
1.2979
1.2872
1.2763
1.2653
1.2541
1.2427
1.2312
1.2196
1.2077
1.1957
1.1835
1.1712
1.1587
1.1460
1.1332
1.1201
1.1069
1.0936
1.0800
1.0663
1.0524
1.0383
1.0241
1.0097
0.9950
0.9802
0.9653
0.9501
0.9348
0.9192
0.9035
0.8876
0.8715
0.8552
0.8387
0.8221
0.8052
0.7882
0.7709
0.7535
0.7358
0.7180
0.6999
0.6817
0.6632
0.6446
0.6257
0.6067
0.5874
0.5680
0.5483
0.5284
0.5083
0.4880
0.4675
0.4468
0.4258
0.4047
0.3833
0.3617
0.3399
0.3179
0.2957
0.2732
0.2506
0.2277
0.2045
0.1812
0.1576
0.1338
0.1098
0.0856
0.0611
0.0364
0.0114
-0.0137
-0.0391
-0.0648
-0.0906
-0.1167
-0.1431
-0.1696
-0.1964
-0.2235
-0.2508
-0.2783
-0.3061
-0.3341
-0.3623
-0.3908
-0.4195
-0.4485
-0.4777
-0.5072
-0.5369
-0.5669
-0.5971
-0.6276
-0.6583
-0.6892
-0.7204
-0.7519
-0.7836
-0.8156
-0.8478
-0.8803
-0.9000
-0.8721
-0.8444
-0.8171
-0.7899
-0.7631
-0.7365
-0.7102
-0.6841
-0.6584
-0.6329
-0.6077
-0.5828
-0.5581
-0.5338
-0.5097
-0.4859
-0.4624
-0.4392
-0.4163
-0.3937
-0.3714
-0.3493
-0.3276
-0.3061
-0.2850
-0.2641
-0.2435
-0.2232
-0.2033
-0.1836
-0.1642
-0.1450
-0.1262
-0.1077
-0.0895
-0.0715
-0.0539
-0.0365
-0.0195
-0.0027
0.0137
0.0299
0.0458
0.0614
0.0766
0.0916
0.1063
0.1207
0.1348
0.1486
0.1621
0.1754
0.1883
0.2009
0.2132
0.2253
0.2370
0.2484
0.2596
0.2704
0.2809
0.2912
0.3011
0.3108
0.3202
0.3292
0.3380
0.3464
0.3546
0.3625
0.3701
0.3773
0.3843
0.3910
0.3974
0.4034
0.4092
0.4147
0.4199
0.4248
0.4294
0.4337
0.4377
0.4414
0.4448
0.4479
0.4507
0.4532
0.4554
0.4573
0.4589
0.4602
0.4612
0.4619
0.4623
0.4624
0.4623
0.4618
0.4610
0.4599
0.4585
0.4568
0.4549
0.4526
0.4500
0.4471
0.4439
0.4405
0.4367
0.4326
0.4282
0.4236
0.4186
0.4133
0.4078
0.4019
0.3957
0.3892
0.3825
0.3754
0.3681
0.3604
0.3524
0.3442
0.3356
0.3268
0.3176
0.3081
0.2984
0.2883
0.2780
0.2673
0.2564
0.2451
0.2336
0.2217
0.2096
0.1972
0.1844
0.1714
0.1580
0.1444
0.1305
0.1162
0.1017
0.0869
0.0718
0.0563
0.0406
0.0246
0.0083
-0.0083
-0.0252
-0.0425
-0.0600
-0.0778
-0.0959
-0.1143
-0.1330
-0.1519
-0.1712
-0.1908
-0.2107
-0.2309
-0.2513
-0.2721
-0.2932
-0.3145
-0.3362
-0.3581
-0.3804
-0.4029
-0.4258
-0.4489
-0.4723
-0.4960
-0.5200
-0.5443
-0.5689
-0.5938
-0.6190
-0.6445
-0.6702
-0.6963
-0.7227
-0.7493
-0.7762
-0.8034
-0.8310
-0.8588
-0.8869
-0.9000
-0.8759
-0.8520
-0.8285
-0.8052
-0.7822
-0.7595
-0.7371
-0.7150
-0.6932
-0.6717
-0.6504
-0.6295
-0.6088
-0.5885
-0.5684
-0.5486
-0.5292
-0.5100
-0.4911
-0.4725
-0.4542
-0.4362
-0.4185
-0.4010
-0.3839
-0.3671
-0.3506
-0.3343
-0.3184
-0.3027
-0.2874
-0.2723
-0.2575
-0.2431
-0.2289
-0.2150
-0.2014
-0.1882
-0.1752
-0.1625
-0.1501
-0.1380
-0.1262
-0.1147
-0.1035
-0.0926
-0.0819
-0.0716
-0.0616
-0.0519
-0.0425
-0.0333
-0.0245
-0.0160
-0.0077
0.0002
0.0079
0.0152
0.0222
0.0290
0.0354
0.0416
0.0475
0.0530
0.0583
0.0632
0.0679
0.0723
0.0763
0.0801
0.0836
0.0868
0.0896
0.0922
0.0945
0.0965
0.0982
0.0995
0.1006
0.1014
0.1019
0.1021
0.1020
0.1016
0.1009
0.0999
0.0986
0.0970
0.0951
0.0930
0.0905
0.0877
0.0846
0.0812
0.0775
0.0736
0.0693
0.0647
0.0598
0.0547
0.0492
0.0434
0.0374
0.0310
0.0244
0.0174
0.0102
0.0026
-0.0052
-0.0133
-0.0217
-0.0305
-0.0395
-0.0487
-0.0583
-0.0682
-0.0783
-0.0888
-0.0995
-0.1105
-0.1218
-0.1334
-0.1452
-0.1574
-0.1698
-0.1824
-0.1954
-0.2087
-0.2222
-0.2360
-0.2500
-0.2644
-0.2790
-0.2938
-0.3090
-0.3244
-0.3401
-0.3560
-0.3722
-0.3887
-0.4055
-0.4225
-0.4397
-0.4573
-0.4750
-0.4931
-0.5114
-0.5299
-0.5487
-0.5678
-0.5871
-0.6067
-0.6265
-0.6466
-0.6669
-0.6875
-0.7083
-0.7293
-0.7506
-0.7722
-0.7940
-0.8160
-0.8383
-0.8608
-0.8835
-0.9000
-0.8805
-0.8611
-0.8421
-0.8232
-0.8046
-0.7862
-0.7681
-0.7502
-0.7325
-0.7150
-0.6978
-0.6808
-0.6641
-0.6475
-0.6312
-0.6151
-0.5992
-0.5836
-0.5682
-0.5530
-0.5380
-0.5233
-0.5087
-0.4944
-0.4803
-0.4665
-0.4528
-0.4394
-0.4261
-0.4131
-0.4003
-0.3877
-0.3754
-0.3632
-0.3513
-0.3395
-0.3280
-0.3167
-0.3056
-0.2947
-0.2840
-0.2735
-0.2632
-0.2531
-0.2432
-0.2335
-0.2240
-0.2148
-0.2057
-0.1968
-0.1881
-0.1796
-0.1713
-0.1632
-0.1553
-0.1476
-0.1401
-0.1328
-0.1257
-0.1187
-0.1120
-0.1054
-0.0990
-0.0929
-0.0869
-0.0810
-0.0754
-0.0700
-0.0647
-0.0596
-0.0547
-0.0500
-0.0454
-0.0411
-0.0369
-0.0329
-0.0290
-0.0254
-0.0219
-0.0186
-0.0154
-0.0125
-0.0097
-0.0070
-0.0046
-0.0023
-0.0001
0.0018
0.0036
0.0053
0.0067
0.0080
0.0092
0.0102
0.0110
0.0116
0.0121
0.0125
0.0127
0.0127
0.0126
0.0123
0.0118
0.0112
0.0105
0.0096
0.0085
0.0073
0.0060
0.0045
0.0028
0.0010
-0.0009
-0.0030
-0.0052
-0.0076
-0.0101
-0.0128
-0.0156
-0.0186
-0.0217
-0.0249
-0.0283
-0.0318
-0.0354
-0.0392
-0.0431
-0.0472
-0.0514
-0.0557
-0.0602
-0.0648
-0.0695
-0.0744
-0.0794
-0.0845
-0.0897
-0.0951
-0.1006
-0.1062
-0.1120
-0.1179
-0.1239
-0.1300
-0.1363
-0.1426
-0.1491
-0.1557
-0.1625
-0.1693
-0.1763
-0.1834
-0.1906
-0.1979
-0.2053
-0.2129
-0.2205
-0.2283
-0.2362
-0.2442
-0.2523
-0.2605
-0.2688
-0.2773
-0.2858
-0.2945
-0.3032
-0.3121
-0.3210
-0.3301
-0.3393
-0.3485
-0.3579
-0.3674
-0.3769
-0.3866
-0.3964
-0.4062
-0.4162
-0.4262
-0.4364
-0.4466
-0.4570
-0.4674
-0.4779
-0.4885
-0.4992
-0.5100
-0.5209
-0.5318
-0.5429
-0.5541
-0.5653
-0.5766
-0.5880
-0.5995
-0.6111
-0.6228
-0.6346
-0.6464
-0.6584
-0.6704
-0.6825
-0.6947
-0.7070
-0.7194
-0.7319
-0.7445
-0.7571
-0.7699
-0.7827
-0.7956
-0.8086
-0.8217
-0.8349
-0.8482
-0.8615
-0.8750
-0.8885
-0.9000
-0.8884
-0.8768
-0.8654
-0.8540
-0.8427
-0.8315
-0.8204
-0.8094
-0.7985
-0.7876
-0.7769
-0.7662
-0.7556
-0.7451
-0.7347
-0.7244
-0.7142
-0.7041
-0.6940
-0.6840
-0.6742
-0.6644
-0.6547
-0.6451
-0.6356
-0.6262
-0.6168
-0.6076
-0.5984
-0.5893
-0.5803
-0.5714
-0.5626
-0.5539
-0.5453
-0.5368
-0.5283
-0.5199
-0.5117
-0.5035
-0.4954
-0.4874
-0.4795
-0.4716
-0.4639
-0.4562
-0.4487
-0.4412
-0.4338
-0.4265
-0.4193
-0.4122
-0.4052
-0.3982
-0.3914
-0.3846
-0.3780
-0.3714
-0.3649
-0.3585
-0.3522
-0.3460
-0.3398
-0.3338
-0.3278
-0.3220
-0.3162
-0.3105
-0.3049
-0.2994
-0.2940
-0.2887
-0.2834
-0.2783
-0.2732
-0.2682
-0.2634
-0.2586
-0.2539
-0.2493
-0.2447
-0.2403
-0.2360
-0.2317
-0.2275
-0.2235
-0.2195
-0.2156
-0.2118
-0.2081
-0.2044
-0.2009
-0.1975
-0.1941
-0.1908
-0.1877
-0.1846
-0.1816
-0.1787
-0.1758
-0.1731
-0.1705
-0.1679
-0.1655
-0.1631
-0.1608
-0.1586
-0.1565
-0.1545
-0.1526
-0.1508
-0.1490
-0.1474
-0.1458
-0.1443
-0.1429
-0.1416
-0.1404
-0.1393
-0.1383
-0.1374
-0.1365
-0.1358
-0.1351
-0.1345
-0.1340
-0.1336
-0.1333
-0.1331
-0.1330
-0.1329
-0.1330
-0.1331
-0.1334
-0.1337
-0.1341
-0.1346
-0.1352
-0.1358
-0.1366
-0.1375
-0.1384
-0.1395
-0.1406
-0.1418
-0.1431
-0.1445
-0.1460
-0.1476
-0.1492
-0.1510
-0.1528
-0.1548
-0.1568
-0.1589
-0.1611
-0.1634
-0.1658
-0.1682
-0.1708
-0.1734
-0.1762
-0.1790
-0.1819
-0.1849
-0.1880
-0.1912
-0.1945
-0.1978
-0.2013
-0.2048
-0.2085
-0.2122
-0.2160
-0.2199
-0.2239
-0.2280
-0.2322
-0.2364
-0.2408
-0.2452
-0.2497
-0.2543
-0.2590
-0.2638
-0.2687
-0.2737
-0.2788
-0.2839
-0.2891
-0.2945
-0.2999
-0.3054
-0.3110
-0.3167
-0.3225
-0.3283
-0.3343
-0.3403
-0.3464
-0.3527
-0.3590
-0.3654
-0.3718
-0.3784
-0.3851
-0.3918
-0.3987
-0.4056
-0.4126
-0.4197
-0.4269
-0.4342
-0.4416
-0.4491
-0.4566
-0.4642
-0.4720
-0.4798
-0.4877
-0.4957
-0.5038
-0.5119
-0.5202
-0.5286
-0.5370
-0.5455
-0.5541
-0.5628
-0.5716
-0.5805
-0.5895
-0.5985
-0.6077
-0.6169
-0.6262
-0.6356
-0.6451
-0.6547
-0.6644
-0.6741
-0.6840
-0.6939
-0.7039
-0.7140
-0.7242
-0.7345
-0.7449
-0.7553
-0.7659
-0.7765
-0.7873
-0.7981
-0.8090
-0.8199
-0.8310
-0.8422
-0.8534
-0.8648
-0.8762
-0.8877
-0.8993
-0.9000
-0.8900
-0.8802
-0.8704
-0.8607
-0.8510
-0.8415
-0.8321
-0.8227
-0.8134
-0.8043
-0.7952
-0.7862
-0.7772
-0.7684
-0.7597
-0.7510
-0.7424
-0.7340
-0.7256
-0.7173
-0.7090
-0.7009
-0.6929
-0.6849
-0.6770
-0.6693
-0.6616
-0.6540
-0.6464
-0.6390
-0.6317
-0.6244
-0.6172
-0.6102
-0.6032
-0.5963
-0.5895
-0.5827
-0.5761
-0.5695
-0.5631
-0.5567
-0.5504
-0.5442
-0.5381
-0.5321
-0.5262
-0.5203
-0.5145
-0.5089
-0.5033
-0.4978
-0.4924
-0.4871
-0.4819
-0.4767
-0.4717
-0.4667
-0.4618
-0.4570
-0.4523
-0.4477
-0.4432
-0.4388
-0.4344
-0.4302
-0.4260
-0.4219
-0.4179
-0.4140
-0.4102
-0.4065
-0.4028
-0.3993
-0.3958
-0.3924
-0.3892
-0.3860
-0.3828
-0.3798
-0.3769
-0.3741
-0.3713
-0.3686
-0.3661
-0.3636
-0.3612
-0.3589
-0.3566
-0.3545
-0.3524
-0.3505
-0.3486
-0.3468
-0.3451
-0.3435
-0.3420
-0.3406
-0.3393
-0.3380
-0.3368
-0.3358
-0.3348
-0.3339
-0.3331
-0.3324
-0.3317
-0.3312
-0.3307
-0.3304
-0.3301
-0.3299
-0.3298
-0.3298
-0.3299
-0.3300
-0.3303
-0.3306
-0.3311
-0.3316
-0.3322
-0.3329
-0.3337
-0.3345
-0.3355
-0.3365
-0.3377
-0.3389
-0.3402
-0.3416
-0.3431
-0.3447
-0.3464
-0.3481
-0.3500
-0.3519
-0.3539
-0.3560
-0.3582
-0.3605
-0.3629
-0.3654
-0.3679
-0.3706
-0.3733
-0.3761
-0.3790
-0.3820
-0.3851
-0.3883
-0.3915
-0.3949
-0.3983
-0.4018
-0.4054
-0.4091
-0.4129
-0.4168
-0.4208
-0.4248
-0.4289
-0.4332
-0.4375
-0.4419
-0.4464
-0.4510
-0.4556
-0.4604
-0.4652
-0.4702
-0.4752
-0.4803
-0.4855
-0.4908
-0.4961
-0.5016
-0.5072
-0.5128
-0.5185
-0.5243
-0.5302
-0.5362
-0.5423
-0.5484
-0.5547
-0.5610
-0.5674
-0.5740
-0.5806
-0.5872
-0.5940
-0.6009
-0.6078
-0.6149
-0.6220
-0.6292
-0.6365
-0.6439
-0.6514
-0.6589
-0.6666
-0.6743
-0.6821
-0.6900
-0.6980
-0.7061
-0.7143
-0.7225
-0.7309
-0.7393
-0.7478
-0.7564
-0.7651
-0.7739
-0.7828
-0.7917
-0.8008
-0.8099
-0.8191
-0.8284
-0.8378
-0.8473
-0.8568
-0.8665
-0.8762
-0.8860
-0.8959
-0.9000
-0.8915
-0.8831
-0.8747
-0.8665
-0.8583
-0.8502
-0.8422
-0.8343
-0.8265
-0.8188
-0.8111
-0.8036
-0.7961
-0.7887
-0.7814
-0.7742
-0.7671
-0.7600
-0.7531
-0.7462
-0.7394
-0.7327
-0.7261
-0.7196
-0.7132
-0.7068
-0.7005
-0.6944
-0.6883
-0.6823
-0.6764
-0.6706
-0.6648
-0.6592
-0.6536
-0.6481
-0.6427
-0.6374
-0.6322
-0.6271
-0.6220
-0.6171
-0.6122
-0.6074
-0.6028
-0.5982
-0.5936
-0.5892
-0.5849
-0.5806
-0.5764
-0.5724
-0.5684
-0.5645
-0.5606
-0.5569
-0.5533
-0.5497
-0.5462
-0.5428
-0.5396
-0.5363
-0.5332
-0.5302
-0.5272
-0.5244
-0.5216
-0.5189
-0.5163
-0.5138
-0.5114
-0.5091
-0.5068
-0.5047
-0.5026
-0.5006
-0.4987
-0.4969
-0.4952
-0.4935
-0.4920
-0.4905
-0.4892
-0.4879
-0.4867
-0.4856
-0.4845
-0.4836
-0.4828
-0.4820
-0.4813
-0.4807
-0.4803
-0.4798
-0.4795
-0.4793
-0.4791
-0.4791
-0.4791
-0.4792
-0.4794
-0.4797
-0.4801
-0.4805
-0.4811
-0.4817
-0.4825
-0.4833
-0.4842
-0.4852
-0.4862
-0.4874
-0.4887
-0.4900
-0.4914
-0.4929
-0.4945
-0.4962
-0.4980
-0.4999
-0.5018
-0.5038
-0.5060
-0.5082
-0.5105
-0.5129
-0.5153
-0.5179
-0.5205
-0.5233
-0.5261
-0.5290
-0.5320
-0.5351
-0.5383
-0.5415
-0.5449
-0.5483
-0.5518
-0.5554
-0.5591
-0.5629
-0.5668
-0.5707
-0.5748
-0.5789
-0.5831
-0.5874
-0.5918
-0.5963
-0.6008
-0.6055
-0.6102
-0.6151
-0.6200
-0.6250
-0.6300
-0.6352
-0.6405
-0.6458
-0.6513
-0.6568
-0.6624
-0.6681
-0.6738
-0.6797
-0.6857
-0.6917
-0.6978
-0.7040
-0.7103
-0.7167
-0.7232
-0.7298
-0.7364
-0.7431
-0.7499
-0.7568
-0.7638
-0.7709
-0.7781
-0.7853
-0.7927
-0.8001
-0.8076
-0.8152
-0.8228
-0.8306
-0.8385
-0.8464
-0.8544
-0.8625
-0.8707
-0.8790
-0.8874
-0.8958
-0.9000
-0.8927
-0.8856
-0.8785
-0.8715
-0.8645
-0.8577
-0.8510
-0.8443
-0.8377
-0.8312
-0.8248
-0.8185
-0.8123
-0.8061
-0.8001
-0.7941
-0.7882
-0.7824
-0.7767
-0.7711
-0.7655
-0.7601
-0.7547
-0.7494
-0.7442
-0.7391
-0.7341
-0.7291
-0.7243
-0.7195
-0.7148
-0.7102
-0.7057
-0.7013
-0.6970
-0.6927
-0.6886
-0.6845
-0.6805
-0.6766
-0.6728
-0.6690
-0.6654
-0.6618
-0.6584
-0.6550
-0.6517
-0.6485
-0.6453
-0.6423
-0.6393
-0.6365
-0.6337
-0.6310
-0.6284
-0.6259
-0.6234
-0.6211
-0.6188
-0.6167
-0.6146
-0.6126
-0.6107
-0.6088
-0.6071
-0.6054
-0.6039
-0.6024
-0.6010
-0.5997
-0.5985
-0.5973
-0.5963
-0.5953
-0.5944
-0.5936
-0.5929
-0.5923
-0.5918
-0.5913
-0.5910
-0.5907
-0.5905
-0.5904
-0.5904
-0.5905
-0.5907
-0.5909
-0.5912
-0.5917
-0.5922
-0.5928
-0.5935
-0.5942
-0.5951
-0.5960
-0.5971
-0.5982
-0.5994
-0.6007
-0.6020
-0.6035
-0.6050
-0.6067
-0.6084
-0.6102
-0.6121
-0.6141
-0.6161
-0.6183
-0.6205
-0.6228
-0.6253
-0.6278
-0.6303
-0.6330
-0.6358
-0.6386
-0.6415
-0.6445
-0.6476
-0.6508
-0.6541
-0.6575
-0.6609
-0.6644
-0.6681
-0.6718
-0.6756
-0.6794
-0.6834
-0.6875
-0.6916
-0.6958
-0.7001
-0.7045
-0.7090
-0.7136
-0.7182
-0.7229
-0.7278
-0.7327
-0.7377
-0.7428
-0.7479
-0.7532
-0.7585
-0.7639
-0.7694
-0.7750
-0.7807
-0.7865
-0.7923
-0.7983
-0.8043
-0.8104
-0.8166
-0.8229
-0.8293
-0.8357
-0.8423
-0.8489
-0.8556
-0.8624
-0.8693
-0.8762
-0.8833
-0.8904
-0.8976
-0.9000
-0.8938
-0.8877
-0.8816
-0.8757
-0.8698
-0.8641
-0.8584
-0.8528
-0.8472
-0.8418
-0.8365
-0.8312
-0.8260
-0.8209
-0.8159
-0.8110
-0.8061
-0.8014
-0.7967
-0.7921
-0.7876
-0.7832
-0.7789
-0.7747
-0.7705
-0.7664
-0.7625
-0.7586
-0.7548
-0.7510
-0.7474
-0.7438
-0.7404
-0.7370
-0.7337
-0.7305
-0.7274
-0.7243
-0.7214
-0.7185
-0.7157
-0.7130
-0.7104
-0.7079
-0.7054
-0.7031
-0.7008
-0.6986
-0.6965
-0.6945
-0.6926
-0.6908
-0.6890
-0.6873
-0.6858
-0.6843
-0.6829
-0.6815
-0.6803
-0.6791
-0.6781
-0.6771
-0.6762
-0.6754
-0.6747
-0.6740
-0.6735
-0.6730
-0.6726
-0.6723
-0.6721
-0.6720
-0.6720
-0.6720
-0.6722
-0.6724
-0.6727
-0.6731
-0.6736
-0.6741
-0.6748
-0.6755
-0.6763
-0.6772
-0.6782
-0.6793
-0.6805
-0.6817
-0.6831
-0.6845
-0.6860
-0.6876
-0.6893
-0.6910
-0.6929
-0.6948
-0.6968
-0.6989
-0.7011
-0.7034
-0.7058
-0.7082
-0.7108
-0.7134
-0.7161
-0.7189
-0.7218
-0.7247
-0.7278
-0.7309
-0.7341
-0.7374
-0.7408
-0.7443
-0.7479
-0.7515
-0.7552
-0.7591
-0.7630
-0.7670
-0.7710
-0.7752
-0.7794
-0.7838
-0.7882
-0.7927
-0.7973
-0.8019
-0.8067
-0.8115
-0.8165
-0.8215
-0.8266
-0.8317
-0.8370
-0.8424
-0.8478
-0.8533
-0.8589
-0.8646
-0.8704
-0.8763
-0.8822
-0.8882
-0.8944
-0.9000
-0.8947
-0.8896
-0.8845
-0.8795
-0.8746
-0.8697
-0.8650
-0.8603
-0.8558
-0.8513
-0.8469
-0.8426
-0.8383
-0.8342
-0.8301
-0.8261
-0.8222
-0.8184
-0.8147
-0.8110
-0.8075
-0.8040
-0.8006
-0.7973
-0.7941
-0.7910
-0.7879
-0.7850
-0.7821
-0.7793
-0.7766
-0.7740
-0.7715
-0.7690
-0.7667
-0.7644
-0.7622
-0.7601
-0.7580
-0.7561
-0.7543
-0.7525
-0.7508
-0.7492
-0.7477
-0.7463
-0.7449
-0.7437
-0.7425
-0.7414
-0.7404
-0.7395
-0.7387
-0.7379
-0.7373
-0.7367
-0.7362
-0.7358
-0.7355
-0.7352
-0.7351
-0.7350
-0.7350
-0.7352
-0.7353
-0.7356
-0.7360
-0.7364
-0.7370
-0.7376
-0.7383
-0.7391
-0.7400
-0.7409
-0.7420
-0.7431
-0.7443
-0.7456
-0.7470
-0.7485
-0.7500
-0.7516
-0.7534
-0.7552
-0.7571
-0.7591
-0.7611
-0.7633
-0.7655
-0.7678
-0.7702
-0.7727
-0.7753
-0.7780
-0.7807
-0.7835
-0.7864
-0.7894
-0.7925
-0.7957
-0.7989
-0.8023
-0.8057
-0.8092
-0.8128
-0.8165
-0.8203
-0.8241
-0.8280
-0.8321
-0.8362
-0.8403
-0.8446
-0.8490
-0.8534
-0.8579
-0.8625
-0.8672
-0.8720
-0.8769
-0.8818
-0.8869
-0.8920
-0.8972
-0.9000
-0.8955
-0.8911
-0.8869
-0.8826
-0.8785
-0.8745
-0.8705
-0.8666
-0.8628
-0.8591
-0.8555
-0.8520
-0.8485
-0.8451
-0.8419
-0.8387
-0.8355
-0.8325
-0.8296
-0.8267
-0.8239
-0.8212
-0.8186
-0.8161
-0.8137
-0.8113
-0.8090
-0.8069
-0.8048
-0.8027
-0.8008
-0.7990
-0.7972
-0.7955
-0.7939
-0.7924
-0.7910
-0.7897
-0.7884
-0.7873
-0.7862
-0.7852
-0.7843
-0.7834
-0.7827
-0.7820
-0.7815
-0.7810
-0.7806
-0.7802
-0.7800
-0.7798
-0.7798
-0.7798
-0.7799
-0.7801
-0.7804
-0.7807
-0.7812
-0.7817
-0.7823
-0.7830
-0.7838
-0.7846
-0.7856
-0.7866
-0.7877
-0.7889
-0.7902
-0.7916
-0.7931
-0.7946
-0.7962
-0.7979
-0.7997
-0.8016
-0.8036
-0.8056
-0.8078
-0.8100
-0.8123
-0.8147
-0.8171
-0.8197
-0.8223
-0.8251
-0.8279
-0.8308
-0.8337
-0.8368
-0.8400
-0.8432
-0.8465
-0.8499
-0.8534
-0.8570
-0.8606
-0.8643
-0.8682
-0.8721
-0.8761
-0.8801
-0.8843
-0.8885
-0.8929
-0.8973
-0.9000
-0.8962
-0.8925
-0.8889
-0.8854
-0.8819
-0.8785
-0.8753
-0.8721
-0.8689
-0.8659
-0.8630
-0.8601
-0.8573
-0.8546
-0.8520
-0.8495
-0.8471
-0.8447
-0.8424
-0.8402
-0.8381
-0.8361
-0.8342
-0.8323
-0.8306
-0.8289
-0.8273
-0.8258
-0.8243
-0.8230
-0.8217
-0.8206
-0.8195
-0.8185
-0.8175
-0.8167
-0.8159
-0.8153
-0.8147
-0.8142
-0.8138
-0.8134
-0.8132
-0.8130
-0.8129
-0.8129
-0.8130
-0.8132
-0.8135
-0.8138
-0.8142
-0.8147
-0.8153
-0.8160
-0.8168
-0.8176
-0.8185
-0.8196
-0.8207
-0.8218
-0.8231
-0.8245
-0.8259
-0.8274
-0.8290
-0.8307
-0.8325
-0.8343
-0.8363
-0.8383
-0.8404
-0.8426
-0.8449
-0.8472
-0.8497
-0.8522
-0.8548
-0.8575
-0.8603
-0.8632
-0.8661
-0.8692
-0.8723
-0.8755
-0.8788
-0.8821
-0.8856
-0.8891
-0.8927
-0.8964
-0.9000
-0.8968
-0.8937
-0.8907
-0.8878
-0.8849
-0.8822
-0.8795
-0.8769
-0.8744
-0.8720
-0.8696
-0.8674
-0.8652
-0.8631
-0.8611
-0.8592
-0.8573
-0.8556
-0.8539
-0.8523
-0.8508
-0.8494
-0.8481
-0.8468
-0.8457
-0.8446
-0.8436
-0.8427
-0.8418
-0.8411
-0.8404
-0.8398
-0.8394
-0.8389
-0.8386
-0.8384
-0.8382
-0.8381
-0.8381
-0.8382
-0.8384
-0.8387
-0.8390
-0.8394
-0.8400
-0.8406
-0.8412
-0.8420
-0.8429
-0.8438
-0.8448
-0.8459
-0.8471
-0.8483
-0.8497
-0.8511
-0.8527
-0.8543
-0.8559
-0.8577
-0.8596
-0.8615
-0.8635
-0.8656
-0.8678
-0.8701
-0.8725
-0.8749
-0.8774
-0.8800
-0.8827
-0.8855
-0.8884
-0.8913
-0.8943
-0.8974
-0.9000
-0.8973
-0.8947
-0.8922
-0.8898
-0.8875
-0.8852
-0.8831
-0.8810
-0.8790
-0.8771
-0.8752
-0.8735
-0.8718
-0.8702
-0.8687
-0.8673
-0.8660
-0.8648
-0.8636
-0.8625
-0.8615
-0.8606
-0.8598
-0.8590
-0.8584
-0.8578
-0.8573
-0.8569
-0.8566
-0.8563
-0.8562
-0.8561
-0.8561
-0.8562
-0.8564
-0.8566
-0.8570
-0.8574
-0.8579
-0.8585
-0.8592
-0.8599
-0.8608
-0.8617
-0.8627
-0.8638
-0.8650
-0.8663
-0.8676
-0.8690
-0.8705
-0.8721
-0.8738
-0.8756
-0.8774
-0.8794
-0.8814
-0.8835
-0.8857
-0.8879
-0.8903
-0.8927
-0.8952
-0.8978
-0.9000
-0.8978
-0.8956
-0.8936
-0.8916
-0.8897
-0.8879
-0.8861
-0.8845
-0.8829
-0.8815
-0.8801
-0.8788
-0.8775
-0.8764
-0.8753
-0.8743
-0.8734
-0.8726
-0.8719
-0.8713
-0.8707
-0.8702
-0.8698
-0.8695
-0.8693
-0.8692
-0.8691
-0.8691
-0.8692
-0.8694
-0.8697
-0.8700
-0.8705
-0.8710
-0.8716
-0.8723
-0.8731
-0.8739
-0.8749
-0.8759
-0.8770
-0.8782
-0.8795
-0.8808
-0.8823
-0.8838
-0.8854
-0.8871
-0.8889
-0.8907
-0.8927
-0.8947
-0.8968
-0.8990
-0.9000
-0.8981
-0.8963
-0.8946
-0.8930
-0.8914
-0.8900
-0.8886
-0.8873
-0.8861
-0.8850
-0.8839
-0.8830
-0.8821
-0.8813
-0.8806
-0.8799
-0.8794
-0.8789
-0.8785
-0.8782
-0.8780
-0.8779
-0.8779
-0.8779
-0.8780
-0.8782
-0.8785
-0.8789
-0.8793
-0.8799
-0.8805
-0.8812
-0.8820
-0.8828
-0.8838
-0.8848
-0.8859
-0.8871
-0.8884
-0.8898
-0.8912
-0.8928
-0.8944
-0.8961
-0.8979
-0.8998
-0.9000
-0.8984
-0.8969
-0.8955
-0.8941
-0.8928
-0.8916
-0.8905
-0.8895
-0.8886
-0.8877
-0.8870
-0.8863
-0.8857
-0.8852
-0.8847
-0.8844
-0.8841
-0.8839
-0.8838
-0.8838
-0.8839
-0.8840
-0.8842
-0.8845
-0.8849
-0.8854
-0.8860
-0.8866
-0.8874
-0.8882
-0.8891
-0.8900
-0.8911
-0.8922
-0.8935
-0.8948
-0.8962
-0.8976
-0.8992
-0.9000
-0.8987
-0.8974
-0.8962
-0.8952
-0.8942
-0.8932
-0.8924
-0.8917
-0.8910
-0.8904
-0.8899
-0.8895
-0.8891
-0.8889
-0.8887
-0.8886
-0.8886
-0.8887
-0.8888
-0.8891
-0.8894
-0.8898
-0.8903
-0.8909
-0.8916
-0.8923
-0.8931
-0.8940
-0.8950
-0.8961
-0.8972
-0.8985
-0.8998
-0.9000
-0.8989
-0.8978
-0.8969
-0.8960
-0.8952
-0.8945
-0.8938
-0.8933
-0.8928
-0.8924
-0.8921
-0.8919
-0.8918
-0.8917
-0.8917
-0.8919
-0.8921
-0.8923
-0.8927
-0.8931
-0.8937
-0.8943
-0.8950
-0.8957
-0.8966
-0.8975
-0.8986
-0.8997
-0.9000
-0.8991
-0.8982
-0.8974
-0.8967
-0.8961
-0.8956
-0.8951
-0.8947
-0.8945
-0.8943
-0.8941
-0.8941
-0.8942
-0.8943
-0.8945
-0.8948
-0.8952
-0.8956
-0.8962
-0.8968
-0.8975
-0.8983
-0.8992
-0.9000
-0.8993
-0.8986
-0.8980
-0.8975
-0.8971
-0.8968
-0.8965
-0.8963
-0.8963
-0.8963
-0.8963
-0.8965
-0.8967
-0.8971
-0.8975
-0.8980
-0.8986
-0.8992
-0.9000
-0.9000
-0.8994
-0.8988
-0.8984
-0.8980
-0.8977
-0.8974
-0.8973
-0.8973
-0.8973
-0.8974
-0.8976
-0.8979
-0.8982
-0.8987
-0.8992
-0.8998
-0.9000
-0.8995
-0.8990
-0.8987
-0.8984
-0.8982
-0.8981
-0.8981
-0.8982
-0.8983
-0.8986
-0.8989
-0.8993
-0.8997
-0.9000
-0.8996
-0.8993
-0.8990
-0.8989
-0.8988
-0.8988
-0.8989
-0.8991
-0.8994
-0.8997
-0.9000
-0.8997
-0.8995
-0.8994
-0.8993
-0.8994
-0.8995
-0.8997
-0.9000
-0.8998
-0.8997
-0.8997
-0.8998
-0.9000
-0.9000
-0.8999
-0.8998
-0.8999
-0.9000
-0.9000
-0.8999
-0.8999
-0.9000
-0.9000
-0.8999
-0.9000
-0.9000
-0.9000
-0.9000
-0.9000
-0.9000
-0.9000
-0.9000
-0.9000
-0.9000
-0.9000
-0.9000
-0.9000
-0.9000
-0.9000
-0.9000
-0.9000
-0.9000
-0.9000
-0.9000
-0.9000
-0.9000
-0.9000
-0.9000
-0.9000
-0.9000
-0.9000
-0.9000
-0.9000
-0.9000
-0.9000
-0.9000
-0.9000
-0.9000
-0.9000
-0.9000
-0.9000
-0.9000
-0.9000
-0.9000
-0.9000
-0.9000
-0.9000
-0.9000
-0.9000
-0.9000
-0.9000
-0.9000
-0.9000
-0.9000
-0.9000
-0.9000
-0.9000
-0.9000
-0.9000
-0.9000
-0.9000
-0.9000
-0.9000
-0.9000
-0.9000
-0.9000
-0.9000
-0.9000
-0.9000
-0.9000
-0.9000
-0.9000
-0.9000
-0.9000
-0.9000
-0.9000
-0.9000
-0.9000
-0.9000
-0.9000
-0.9000
-0.9000
-0.9000
-0.9000
-0.9000
-0.9000
-0.9000
-0.9000
-0.9000
-0.9000
-0.9000
-0.9000
-0.9000
-0.9000
-0.9000
-0.9000
-0.9000
-0.9000
-0.9000
-0.9000
-0.9000
-0.9000
-0.9000
-0.9000
-0.9000
-0.9000
-0.9000
-0.9000
-0.9000
-0.9000
-0.9000
-0.9000
-0.9000
-0.9000
-0.9000
-0.9000
-0.9000
-0.9000
-0.9000
-0.9000
-0.9000
-0.9000
-0.9000
-0.9000
-0.9000
-0.9000
-0.9000
-0.9000
-0.9000
-0.9000
-0.9000
-0.9000
-0.9000
-0.9000
-0.9000
-0.9000
-0.9000
-0.9000
-0.9000
-0.9000
-0.9000
-0.9000
-0.9000
-0.9000
-0.9000
-0.9000
-0.9000
-0.9000
-0.9000
-0.9000
-0.9000
-0.9000
-0.9000
-0.9000
-0.9000
-0.9000
-0.9000
-0.9000
-0.9000
-0.9000
-0.9000
-0.9000
-0.9000
-0.9000
-0.9000
-0.9000
-0.9000
-0.9000
-0.9000
-0.9000
-0.9000
-0.9000
-0.9000
-0.9000
-0.9000
-0.9000
-0.9000
-0.9000
-0.9000
-0.9000
-0.9000
-0.9000
-0.9000
-0.9000
-0.9000
-0.9000
-0.9000
-0.9000
-0.9000
-0.9000
-0.9000
-0.9000
-0.9000
-0.9000
-0.9000
-0.9000
-0.9000
-0.9000
-0.9000
-0.9000
-0.9000
-0.9000
-0.9000
-0.9000
-0.9000
-0.9000
-0.9000
-0.9000
-0.9000
-0.9000
-0.9000
-0.9000
-0.9000
-0.9000
-0.9000
-0.9000
-0.9000
-0.9000
-0.9000
-0.9000
-0.9000
-0.9000
-0.9000
-0.9000
-0.9000
-0.9000
-0.9000
-0.9000
-0.9000
-0.9000
-0.9000
-0.9000
-0.9000
-0.9000
-0.9000
-0.9000
-0.9000
-0.9000
-0.9000
-0.9000
-0.9000
-0.9000
-0.9000
-0.9000
-0.9000
-0.9000
-0.9000
-0.9000
-0.9000
-0.9000
-0.9000
-0.9000
-0.9000
-0.9000
-0.9000
-0.9000
-0.9000
-0.9000
-0.9000
-0.9000
-0.9000
-0.9000
-0.9000
-0.9000
-0.9000
-0.9000
-0.9000
-0.9000
-0.9000
-0.9000
-0.9000
-0.9000
-0.9000
-0.9000
-0.9000
-0.9000
-0.9000
-0.9000
-0.9000
-0.9000
-0.9000
-0.9000
-0.9000
-0.9000
-0.9000
-0.9000
-0.9000
-0.9000
-0.9000
-0.9000
-0.9000
-0.9000
-0.9000
-0.9000
-0.9000
-0.9000
-0.9000
-0.9000
-0.9000
-0.9000
-0.9000
-0.9000
-0.9000
-0.9000
-0.9000
-0.9000
-0.9000
-0.9000
-0.9000
-0.9000
-0.9000
-0.9000
-0.9000
-0.9000
-0.9000
-0.9000
-0.9000
-0.9000
-0.9000
-0.9000
-0.9000
-0.9000
-0.9000
-0.9000
-0.9000
-0.9000
-0.9000
-0.9000
-0.9000
-0.9000
-0.9000
-0.9000
-0.9000
-0.9000
-0.9000
-0.9000
-0.9000
-0.9000
-0.9000
-0.9000
-0.9000
-0.9000
-0.9000
-0.9000
-0.9000
-0.9000
-0.9000
-0.9000
-0.9000
-0.9000
-0.9000
-0.9000
-0.9000
-0.9000
-0.9000
-0.9000
-0.9000
-0.9000
-0.9000
-0.9000
-0.9000
-0.9000
-0.9000
-0.9000
-0.9000
-0.9000
-0.9000
-0.9000
-0.9000
-0.9000
-0.9000
-0.9000
-0.9000
-0.9000
-0.9000
-0.9000
-0.9000
-0.9000
-0.9000
-0.9000
-0.9000
-0.9000
-0.9000
-0.9000
-0.9000
-0.9000
-0.9000
-0.9000
-0.9000
-0.9000
-0.9000
-0.9000
-0.9000
-0.9000
-0.9000
-0.9000
-0.9000
-0.9000
-0.9000
-0.9000
-0.9000
-0.9000
-0.9000
-0.9000
-0.9000
-0.9000
-0.9000
-0.9000
-0.9000
-0.9000
-0.9000
-0.9000
-0.9000
-0.9000
-0.9000
-0.9000
-0.9000
-0.9000
-0.9000
-0.9000
-0.9000
-0.9000
-0.9000
-0.9000
-0.9000
-0.9000
-0.9000
-0.9000
-0.9000
-0.9000
-0.9000
-0.9000
-0.9000
-0.9000
-0.9000
-0.9000
-0.9000
-0.9000
-0.9000
-0.9000
-0.9000
-0.9000
-0.9000
-0.9000
-0.9000
-0.9000
-0.9000
-0.9000
-0.9000
-0.9000
-0.9000
-0.9000
-0.9000
-0.9000
-0.9000
-0.9000
-0.9000
-0.9000
-0.9000
-0.9000
-0.9000
-0.9000
-0.9000
-0.9000
-0.9000
-0.9000
-0.9000
-0.9000
-0.9000
-0.9000
-0.9000
-0.9000
-0.9000
-0.9000
-0.9000
-0.9000
-0.9000
-0.9000
-0.9000
-0.9000
-0.9000
-0.9000
-0.9000
-0.9000
-0.9000
-0.9000
-0.9000
-0.9000
-0.9000
-0.9000
-0.9000
-0.9000
-0.9000
-0.9000
-0.9000
-0.9000
-0.9000
-0.9000
-0.9000
-0.9000
-0.9000
-0.9000
-0.9000
-0.9000
-0.9000
-0.9000
-0.9000
-0.9000
-0.9000
-0.9000
-0.9000
-0.9000
-0.9000
-0.9000
-0.9000
-0.9000
-0.9000
-0.9000
-0.9000
-0.9000
-0.9000
-0.9000
-0.9000
-0.9000
-0.9000
-0.9000
-0.9000
-0.9000
-0.9000
-0.9000
-0.9000
-0.9000
-0.9000
-0.9000
-0.9000
-0.9000
-0.9000
-0.9000
-0.9000
-0.9000
-0.9000
-0.9000
-0.9000
-0.9000
-0.9000
-0.9000
-0.9000
-0.9000
-0.9000
-0.9000
-0.9000
-0.9000
-0.9000
-0.9000
-0.9000
-0.9000
-0.9000
-0.9000
-0.9000
-0.9000
-0.9000
-0.9000
-0.9000
-0.9000
-0.9000
-0.9000
-0.9000
-0.9000
-0.9000
-0.9000
-0.9000
-0.9000
-0.9000
-0.9000
-0.9000
-0.9000
-0.9000
-0.9000
-0.9000
-0.9000
-0.9000
-0.9000
-0.9000
-0.9000
-0.9000
-0.9000
-0.9000
-0.9000
-0.9000
-0.9000
-0.9000
-0.9000
-0.9000
-0.9000
-0.9000
-0.9000
-0.9000
-0.9000
-0.9000
-0.9000
-0.9000
-0.9000
-0.9000
-0.9000
-0.9000
-0.9000
-0.9000
-0.9000
-0.9000
-0.9000
-0.9000
-0.9000
-0.9000
-0.9000
-0.9000
-0.9000
-0.9000
-0.9000
-0.9000
-0.9000
-0.9000
-0.9000
-0.9000
-0.9000
-0.9000
-0.9000
-0.9000
-0.9000
-0.9000
-0.9000
-0.9000
-0.9000
-0.9000
-0.9000
-0.9000
-0.9000
-0.9000
-0.9000
-0.9000
-0.9000
-0.9000
-0.9000
-0.9000
-0.9000
-0.9000
-0.9000
-0.9000
-0.9000
-0.9000
-0.9000
-0.9000
-0.9000
-0.9000
-0.9000
-0.9000
-0.9000
-0.9000
-0.9000
-0.9000
-0.9000
-0.9000
-0.9000
-0.9000
-0.9000
-0.9000
-0.9000
-0.9000
-0.9000
-0.9000
-0.9000
-0.9000
-0.9000
-0.9000
-0.9000
-0.9000
-0.9000
-0.9000
-0.9000
-0.9000
-0.9000
-0.9000
-0.9000
-0.9000
-0.9000
-0.9000
-0.9000
-0.9000
-0.9000
-0.9000
-0.9000
-0.9000
-0.9000
-0.9000
-0.9000
-0.9000
-0.9000
-0.9000
-0.9000
-0.9000
-0.9000
-0.9000
-0.9000
-0.9000
-0.9000
-0.9000
-0.9000
-0.9000
-0.9000
-0.9000
-0.9000
-0.9000
-0.9000
-0.9000
-0.9000
-0.9000
-0.9000
-0.9000
-0.9000
-0.9000
-0.9000
-0.9000
-0.9000
-0.9000
-0.9000
-0.9000
-0.9000
-0.9000
-0.9000
-0.9000
-0.9000
-0.9000
-0.9000
-0.9000
-0.9000
-0.9000
-0.9000
-0.9000
-0.9000
-0.9000
-0.9000
-0.9000
-0.9000
-0.9000
-0.9000
-0.9000
-0.9000
-0.9000
-0.9000
-0.9000
-0.9000
-0.9000
-0.9000
-0.9000
-0.9000
-0.9000
-0.9000
-0.9000
-0.9000
-0.9000
-0.9000
-0.9000
-0.9000
-0.9000
-0.9000
-0.9000
-0.9000
-0.9000
-0.9000
-0.9000
-0.9000
-0.9000
-0.9000
-0.9000
-0.9000
-0.9000
-0.9000
-0.9000
-0.9000
-0.9000
-0.9000
-0.9000
-0.9000
-0.9000
-0.9000
-0.9000
-0.9000
-0.9000
-0.9000
-0.9000
-0.9000
-0.9000
-0.9000
-0.9000
-0.9000
-0.9000
-0.9000
-0.9000
-0.9000
-0.9000
-0.9000
-0.9000
-0.9000
-0.9000
-0.9000
-0.9000
-0.9000
-0.9000
-0.9000
-0.9000
-0.9000
-0.9000
-0.9000
-0.9000
-0.9000
-0.9000
-0.9000
-0.9000
-0.9000
-0.9000
-0.9000
-0.9000
-0.9000
-0.9000
-0.9000
-0.9000
-0.9000
-0.9000
-0.9000
-0.9000
-0.9000
-0.9000
-0.9000
-0.9000
-0.9000
-0.9000
-0.9000
-0.9000
-0.9000
-0.9000
-0.9000
-0.9000
-0.9000
-0.9000
-0.9000
-0.9000
-0.9000
-0.9000
-0.9000
-0.9000
-0.9000
-0.9000
-0.9000
-0.9000
-0.9000
-0.9000
-0.9000
-0.9000
-0.9000
-0.9000
-0.9000
-0.9000
-0.9000
-0.9000
-0.9000
-0.9000
-0.9000
-0.9000
-0.9000
-0.9000
-0.9000
-0.9000
-0.9000
-0.9000
-0.9000
-0.9000
-0.9000
-0.9000
-0.9000
-0.9000
-0.9000
-0.9000
-0.9000
-0.9000
-0.9000
-0.9000
-0.9000
-0.9000
-0.9000
-0.9000
-0.9000
-0.9000
-0.9000
-0.9000
-0.9000
-0.9000
-0.9000
-0.9000
-0.9000
-0.9000
-0.9000
-0.9000
-0.9000
-0.9000
-0.9000
-0.9000
-0.9000
-0.9000
-0.9000
-0.9000
-0.9000
-0.9000
-0.9000
-0.9000
-0.9000
-0.9000
-0.9000
-0.9000
-0.9000
-0.9000
-0.9000
-0.9000
-0.9000
-0.9000
-0.9000
-0.9000
-0.9000
-0.9000
-0.9000
-0.9000
-0.9000
-0.9000
-0.9000
-0.9000
-0.9000
-0.9000
-0.9000
-0.9000
-0.9000
-0.9000
-0.9000
-0.9000
-0.9000
-0.9000
-0.9000
-0.9000
-0.9000
-0.9000
-0.9000
-0.9000
-0.9000
-0.9000
-0.9000
-0.9000
-0.9000
-0.9000
-0.9000
-0.9000
-0.9000
-0.9000
-0.9000
-0.9000
-0.9000
-0.9000
-0.9000
-0.9000
-0.9000
-0.9000
-0.9000
-0.9000
-0.9000
-0.9000
-0.9000
-0.9000
-0.9000
-0.9000
-0.9000
-0.9000
-0.9000
-0.9000
-0.9000
-0.9000
-0.9000
-0.9000
-0.9000
-0.9000
-0.9000
-0.9000
-0.9000
-0.9000
-0.9000
-0.9000
-0.9000
-0.9000
-0.9000
-0.9000
-0.9000
-0.9000
-0.9000
-0.9000
-0.9000
-0.9000
-0.9000
-0.9000
-0.9000
-0.9000
-0.9000
-0.9000
-0.9000
-0.9000
-0.9000
-0.9000
-0.9000
-0.9000
-0.9000
-0.9000
-0.9000
-0.9000
-0.9000
-0.9000
-0.9000
-0.9000
-0.9000
-0.9000
-0.9000
-0.9000
-0.9000
-0.9000
-0.9000
-0.9000
-0.9000
-0.9000
-0.9000
-0.9000
-0.9000
-0.9000
-0.9000
-0.9000
-0.9000
-0.9000
-0.9000
-0.9000
-0.9000
-0.9000
-0.9000
-0.9000
-0.9000
-0.9000
-0.9000
-0.9000
-0.9000
-0.9000
-0.9000
-0.9000
-0.9000
-0.9000
-0.9000
-0.9000
-0.9000
-0.9000
-0.9000
-0.9000
-0.9000
-0.9000
-0.9000
-0.9000
-0.9000
-0.9000
-0.9000
-0.9000
-0.9000
-0.9000
-0.9000
-0.9000
-0.9000
-0.9000
-0.9000
-0.9000
-0.9000
-0.9000
-0.9000
-0.9000
-0.9000
-0.9000
-0.9000
-0.9000
-0.9000
-0.9000
-0.9000
-0.9000
-0.9000
-0.9000
-0.9000
-0.9000
-0.9000
-0.9000
-0.9000
-0.9000
-0.9000
-0.9000
-0.9000
-0.9000
-0.9000
-0.9000
-0.9000
-0.9000
-0.9000
-0.9000
-0.9000
-0.9000
-0.9000
-0.9000
-0.9000
-0.9000
-0.9000
-0.9000
-0.9000
-0.9000
-0.9000
-0.9000
-0.9000
-0.9000
-0.9000
-0.9000
-0.9000
-0.9000
-0.9000
-0.9000
-0.9000
-0.9000
-0.9000
-0.9000
-0.9000
-0.9000
-0.9000
-0.9000
-0.9000
-0.9000
-0.9000
-0.9000
-0.9000
-0.9000
-0.9000
-0.9000
-0.9000
-0.9000
-0.9000
-0.9000
-0.9000
-0.9000
-0.9000
-0.9000
-0.9000
-0.9000
-0.9000
-0.9000
-0.9000
-0.9000
-0.9000
-0.9000
-0.9000
-0.9000
-0.9000
-0.9000
-0.9000
-0.9000
-0.9000
-0.9000
-0.9000
-0.9000
-0.9000
-0.9000
-0.9000
-0.9000
-0.9000
-0.9000
-0.9000
-0.9000
-0.9000
-0.9000
-0.9000
-0.9000
-0.9000
-0.9000
-0.9000
-0.9000
-0.9000
-0.9000
-0.9000
-0.9000
-0.9000
-0.9000
-0.9000
-0.9000
-0.9000
-0.9000
-0.9000
-0.9000
-0.9000
-0.9000
-0.9000
-0.9000
-0.9000
-0.9000
-0.9000
-0.9000
-0.9000
-0.9000
-0.9000
-0.9000
-0.9000
-0.9000
-0.9000
-0.9000
-0.9000
-0.9000
-0.9000
-0.9000
-0.9000
-0.9000
-0.9000
-0.9000
-0.9000
-0.9000
-0.9000
-0.9000
-0.9000
-0.9000
-0.9000
-0.9000
-0.9000
-0.9000
-0.9000
-0.9000
-0.9000
-0.9000
-0.9000
-0.9000
-0.9000
-0.9000
-0.9000
-0.9000
-0.9000
-0.9000
-0.9000
-0.9000
-0.9000
-0.9000
-0.9000
-0.9000
-0.9000
-0.9000
-0.9000
-0.9000
-0.9000
-0.9000
-0.9000
-0.9000
-0.9000
-0.9000
-0.9000
-0.9000
-0.9000
-0.9000
-0.9000
-0.9000
-0.9000
-0.9000
-0.9000
-0.9000
-0.9000
-0.9000
-0.9000
-0.9000
-0.9000
-0.9000
-0.9000
-0.9000
-0.9000
-0.9000
-0.9000
-0.9000
-0.9000
-0.9000
-0.9000
-0.9000
-0.9000
-0.9000
-0.9000
-0.9000
-0.9000
-0.9000
-0.9000
-0.9000
-0.9000
-0.9000
-0.9000
-0.9000
-0.9000
-0.9000
-0.9000
-0.9000
-0.9000
-0.9000
-0.9000
-0.9000
-0.9000
-0.9000
-0.9000
-0.9000
-0.9000
-0.9000
-0.9000
-0.9000
-0.9000
-0.9000
-0.9000
-0.9000
-0.9000
-0.9000
-0.9000
-0.9000
-0.9000
-0.9000
-0.9000
-0.9000
-0.9000
-0.9000
-0.9000
-0.9000
-0.9000
-0.9000
-0.9000
-0.9000
-0.9000
-0.9000
-0.9000
-0.9000
-0.9000
-0.9000
-0.9000
-0.9000
-0.9000
-0.9000
-0.9000
-0.9000
-0.9000
-0.9000
-0.9000
-0.9000
-0.9000
-0.9000
-0.9000
-0.9000
-0.9000
-0.9000
-0.9000
-0.9000
-0.9000
-0.9000
-0.9000
-0.9000
-0.9000
-0.9000
-0.9000
-0.9000
-0.9000
-0.9000
-0.9000
-0.9000
-0.9000
-0.9000
-0.9000
-0.9000
-0.9000
-0.9000
-0.9000
-0.9000
-0.9000
-0.9000
-0.9000
-0.9000
-0.9000
-0.9000
-0.9000
-0.9000
-0.9000
-0.9000
-0.9000
-0.9000
-0.9000
-0.9000
-0.9000
-0.9000
-0.9000
-0.9000
-0.9000
-0.9000
-0.9000
-0.9000
-0.9000
-0.9000
-0.9000
-0.9000
-0.9000
-0.9000
-0.9000
-0.9000
-0.9000
-0.9000
-0.9000
-0.9000
-0.9000
-0.9000
-0.9000
-0.9000
-0.9000
-0.9000
-0.9000
-0.9000
-0.9000
-0.9000
-0.9000
-0.9000
-0.9000
-0.9000
-0.9000
-0.9000
-0.9000
-0.9000
-0.9000
-0.9000
-0.9000
-0.9000
-0.9000
-0.9000
-0.9000
-0.9000
-0.9000
-0.9000
-0.9000
-0.9000
-0.9000
-0.9000
-0.9000
-0.9000
-0.9000
-0.9000
-0.9000
-0.9000
-0.9000
-0.9000
-0.9000
-0.9000
-0.9000
-0.9000
-0.9000
-0.9000
-0.9000
-0.9000
-0.9000
-0.9000
-0.9000
-0.9000
-0.9000
-0.9000
-0.9000
-0.9000
-0.9000
-0.9000
-0.9000
-0.9000
-0.9000
-0.9000
-0.9000
-0.9000
-0.9000
-0.9000
-0.9000
-0.9000
-0.9000
-0.9000
-0.9000
-0.9000
-0.9000
-0.9000
-0.9000
-0.9000
-0.9000
-0.9000
-0.9000
-0.9000
-0.9000
-0.9000
-0.9000
-0.9000
-0.9000
-0.9000
-0.9000
-0.9000
-0.9000
-0.9000
-0.9000
-0.9000
-0.9000
-0.9000
-0.9000
-0.9000
-0.9000
-0.9000
-0.9000
-0.9000
-0.9000
-0.9000
-0.9000
-0.9000
-0.9000
-0.9000
-0.9000
-0.9000
-0.9000
-0.9000
-0.9000
-0.9000
-0.9000
-0.9000
-0.9000
-0.9000
-0.9000
-0.9000
-0.9000
-0.9000
-0.9000
-0.9000
-0.9000
-0.9000
-0.9000
-0.9000
-0.9000
-0.9000
-0.9000
-0.9000
-0.9000
-0.9000
-0.9000
-0.9000
-0.9000
-0.9000
-0.9000
-0.9000
-0.9000
-0.9000
-0.9000
-0.9000
-0.9000
-0.9000
-0.9000
-0.9000
-0.9000
-0.9000
-0.9000
-0.9000
-0.9000
-0.9000
-0.9000
-0.9000
-0.9000
-0.9000
-0.9000
-0.9000
-0.9000
-0.9000
-0.9000
-0.9000
-0.9000
-0.9000
-0.9000
-0.9000
-0.9000
-0.9000
-0.9000
-0.9000
-0.9000
-0.9000
-0.9000
-0.9000
-0.9000
-0.9000
-0.9000
-0.9000
-0.9000
-0.9000
-0.9000
-0.9000
-0.9000
-0.9000
-0.9000
-0.9000
-0.9000
-0.9000
-0.9000
-0.9000
-0.9000
-0.9000
-0.9000
-0.9000
-0.9000
-0.9000
-0.9000
-0.9000
-0.9000
-0.9000
-0.9000
-0.9000
-0.9000
-0.9000
-0.9000
-0.9000
-0.9000
-0.9000
-0.9000
-0.9000
-0.9000
-0.9000
-0.9000
-0.9000
-0.9000
-0.9000
-0.9000
-0.9000
-0.9000
-0.9000
-0.9000
-0.9000
-0.9000
-0.9000
-0.9000
-0.9000
-0.9000
-0.9000
-0.9000
-0.9000
-0.9000
-0.9000
-0.9000
-0.9000
-0.9000
-0.9000
-0.9000
-0.9000
-0.9000
-0.9000
-0.9000
-0.9000
-0.9000
-0.9000
-0.9000
-0.9000
-0.9000
-0.9000
-0.9000
-0.9000
-0.9000
-0.9000
-0.9000
-0.9000
-0.9000
-0.9000
-0.9000
-0.9000
-0.9000
-0.9000
-0.9000
-0.9000
-0.9000
-0.9000
-0.9000
-0.9000
-0.9000
-0.9000
-0.9000
-0.9000
-0.9000
-0.9000
-0.9000
-0.9000
-0.9000
-0.9000
-0.9000
-0.9000
-0.9000
-0.9000
-0.9000
-0.9000
-0.9000
-0.9000
-0.9000
-0.9000
-0.9000
-0.9000
-0.9000
-0.9000
-0.9000
-0.9000
-0.9000
-0.9000
-0.9000
-0.9000
-0.9000
-0.9000
-0.9000
-0.9000
-0.9000
-0.9000
-0.9000
-0.9000
-0.9000
-0.9000
-0.9000
-0.9000
-0.9000
-0.9000
-0.9000
-0.9000
-0.9000
-0.9000
-0.9000
-0.9000
-0.9000
-0.9000
-0.9000
-0.9000
-0.9000
-0.9000
-0.9000
-0.9000
-0.9000
-0.9000
-0.9000
-0.9000
-0.9000
-0.9000
-0.9000
-0.9000
-0.9000
-0.9000
-0.9000
-0.9000
-0.9000
-0.9000
-0.9000
-0.9000
-0.9000
-0.9000
-0.9000
-0.9000
-0.9000
-0.9000
-0.9000
-0.9000
-0.9000
-0.9000
-0.9000
-0.9000
-0.9000
-0.9000
-0.9000
-0.9000
-0.9000
-0.9000
-0.9000
-0.9000
-0.9000
-0.9000
-0.9000
-0.9000
-0.9000
-0.9000
-0.9000
-0.9000
-0.9000
-0.9000
-0.9000
-0.9000
-0.9000
-0.9000
-0.9000
-0.9000
-0.9000
-0.9000
-0.9000
-0.9000
-0.9000
-0.9000
-0.9000
-0.9000
-0.9000
-0.9000
-0.9000
-0.9000
-0.9000
-0.9000
-0.9000
-0.9000
-0.9000
-0.9000
-0.9000
-0.9000
-0.9000
-0.9000
-0.9000
-0.9000
-0.9000
-0.9000
-0.9000
-0.9000
-0.9000
-0.9000
-0.9000
-0.9000
-0.9000
-0.9000
-0.9000
-0.9000
-0.9000
-0.9000
-0.9000
-0.9000
-0.9000
-0.9000
-0.9000
-0.9000
-0.9000
-0.9000
-0.9000
-0.9000
-0.9000
-0.9000
-0.9000
-0.9000
-0.9000
-0.9000
-0.9000
-0.9000
-0.9000
-0.9000
-0.9000
-0.9000
-0.9000
-0.9000
-0.9000
-0.9000
-0.9000
-0.9000
-0.9000
-0.9000
-0.9000
-0.9000
-0.9000
-0.9000
-0.9000
-0.9000
-0.9000
-0.9000
-0.9000
-0.9000
-0.9000
-0.9000
-0.9000
-0.9000
-0.9000
-0.9000
-0.9000
-0.9000
-0.9000
-0.9000
-0.9000
-0.9000
-0.9000
-0.9000
-0.9000
-0.9000
-0.9000
-0.9000
-0.9000
-0.9000
-0.9000
-0.9000
-0.9000
-0.9000
-0.9000
-0.9000
-0.9000
-0.9000
-0.9000
-0.9000
-0.9000
-0.9000
-0.9000
-0.9000
-0.9000
-0.9000
-0.9000
-0.9000
-0.9000
-0.9000
-0.9000
-0.9000
-0.9000
-0.9000
-0.9000
-0.9000
-0.9000
-0.9000
-0.9000
-0.9000
-0.9000
-0.9000
-0.9000
-0.9000
-0.9000
-0.9000
-0.9000
-0.9000
-0.9000
-0.9000
-0.9000
-0.9000
-0.9000
-0.9000
-0.9000
-0.9000
-0.9000
-0.9000
-0.9000
-0.9000
-0.9000
-0.9000
-0.9000
-0.9000
-0.9000
-0.9000
-0.9000
-0.9000
-0.9000
-0.9000
-0.9000
-0.9000
-0.9000
-0.9000
-0.9000
-0.9000
-0.9000
-0.9000
-0.9000
-0.9000
-0.9000
-0.9000
-0.9000
-0.9000
-0.9000
-0.9000
-0.9000
-0.9000
-0.9000
-0.9000
-0.9000
-0.9000
-0.9000
-0.9000
-0.9000
-0.9000
-0.9000
-0.9000
-0.9000
-0.9000
-0.9000
-0.9000
-0.9000
-0.9000
-0.9000
-0.9000
-0.9000
-0.9000
-0.9000
-0.9000
-0.9000
-0.9000
-0.9000
-0.9000
-0.9000
-0.9000
-0.9000
-0.9000
-0.9000
-0.9000
-0.9000
-0.9000
-0.9000
-0.9000
-0.9000
-0.9000
-0.9000
-0.9000
-0.9000
-0.9000
-0.9000
-0.9000
-0.9000
-0.9000
-0.9000
-0.9000
-0.9000
-0.9000
-0.9000
-0.9000
-0.9000
-0.9000
-0.9000
-0.9000
-0.9000
-0.9000
-0.9000
-0.9000
-0.9000
-0.9000
-0.9000
-0.9000
-0.9000
-0.9000
-0.9000
-0.9000
-0.9000
-0.9000
-0.9000
-0.9000
-0.9000
-0.9000
-0.9000
-0.9000
-0.9000
-0.9000
-0.9000
-0.9000
-0.9000
-0.9000
-0.9000
-0.9000
-0.9000
-0.9000
-0.9000
-0.9000
-0.9000
-0.9000
-0.9000
-0.9000
-0.9000
-0.9000
-0.9000
-0.9000
-0.9000
-0.9000
-0.9000
-0.9000
-0.9000
-0.9000
-0.9000
-0.9000
-0.9000
-0.9000
-0.9000
-0.9000
-0.9000
-0.9000
-0.9000
-0.9000
-0.9000
-0.9000
-0.9000
-0.9000
-0.9000
-0.9000
-0.9000
-0.9000
-0.9000
-0.9000
-0.9000
-0.9000
-0.9000
-0.9000
-0.9000
-0.9000
-0.9000
-0.9000
-0.9000
-0.9000
-0.9000
-0.9000
-0.9000
-0.9000
-0.9000
-0.9000
-0.9000
-0.9000
-0.9000
-0.9000
-0.9000
-0.9000
-0.9000
-0.9000
-0.9000
-0.9000
-0.9000
-0.9000
-0.9000
-0.9000
-0.9000
-0.9000
-0.9000
-0.9000
-0.9000
-0.9000
-0.9000
-0.9000
-0.9000
-0.9000
-0.9000
-0.9000
-0.9000
-0.9000
-0.9000
-0.9000
-0.9000
-0.9000
-0.9000
-0.9000
-0.9000
-0.9000
-0.9000
-0.9000
-0.9000
-0.9000
-0.9000
-0.9000
-0.9000
-0.9000
-0.9000
-0.9000
-0.9000
-0.9000
-0.9000
-0.9000
-0.9000
-0.9000
-0.9000
-0.9000
-0.9000
-0.9000
-0.9000
-0.9000
-0.9000
-0.9000
-0.9000
-0.9000
-0.9000
-0.9000
-0.9000
-0.9000
-0.9000
-0.9000
-0.9000
-0.9000
-0.9000
-0.9000
-0.9000
-0.9000
-0.9000
-0.9000
-0.9000
-0.9000
-0.9000
-0.9000
-0.9000
-0.9000
-0.9000
-0.9000
-0.9000
-0.9000
-0.9000
-0.9000
-0.9000
-0.9000
-0.9000
-0.9000
-0.9000
-0.9000
-0.9000
-0.9000
-0.9000
-0.9000
-0.9000
-0.9000
-0.9000
-0.9000
-0.9000
-0.9000
-0.9000
-0.9000
-0.9000
-0.9000
-0.9000
-0.9000
-0.9000
-0.9000
-0.9000
-0.9000
-0.9000
-0.9000
-0.9000
-0.9000
-0.9000
-0.9000
-0.9000
-0.9000
-0.9000
-0.9000
-0.9000
-0.9000
-0.9000
-0.9000
-0.9000
-0.9000
-0.9000
-0.9000
-0.9000
-0.9000
-0.9000
-0.9000
-0.9000
-0.9000
-0.9000
-0.9000
-0.9000
-0.9000
-0.9000
-0.9000
-0.9000
-0.9000
-0.9000
-0.9000
-0.9000
-0.9000
-0.9000
-0.9000
-0.9000
-0.9000
-0.9000
-0.9000
-0.9000
-0.9000
-0.9000
-0.9000
-0.9000
-0.9000
-0.9000
-0.9000
-0.9000
-0.9000
-0.9000
-0.9000
-0.9000
-0.9000
-0.9000
-0.9000
-0.9000
-0.9000
-0.9000
-0.9000
-0.9000
-0.9000
-0.9000
-0.9000
-0.9000
-0.9000
-0.9000
-0.9000
-0.9000
-0.9000
-0.9000
-0.9000
-0.9000
-0.9000
-0.9000
-0.9000
-0.9000
-0.9000
-0.9000
-0.9000
-0.9000
-0.9000
-0.9000
-0.9000
-0.9000
-0.9000
-0.9000
-0.9000
-0.9000
-0.9000
-0.9000
-0.9000
-0.9000
-0.9000
-0.9000
-0.9000
-0.9000
-0.9000
-0.9000
-0.9000
-0.9000
-0.9000
-0.9000
-0.9000
-0.9000
-0.9000
-0.9000
-0.9000
-0.9000
-0.9000
-0.9000
-0.9000
-0.9000
-0.9000
-0.9000
-0.9000
-0.9000
-0.9000
-0.9000
-0.9000
-0.9000
-0.9000
-0.9000
-0.9000
-0.9000
-0.9000
-0.9000
-0.9000
-0.9000
-0.9000
-0.9000
-0.9000
-0.9000
-0.9000
-0.9000
-0.9000
-0.9000
-0.9000
-0.9000
-0.9000
-0.9000
-0.9000
-0.9000
-0.9000
-0.9000
-0.9000
-0.9000
-0.9000
-0.9000
-0.9000
-0.9000
-0.9000
-0.9000
-0.9000
-0.9000
-0.9000
-0.9000
-0.9000
-0.9000
-0.9000
-0.9000
-0.9000
-0.9000
-0.9000
-0.9000
-0.9000
-0.9000
-0.9000
-0.9000
-0.9000
-0.9000
-0.9000
-0.9000
-0.9000
-0.9000
-0.9000
-0.9000
-0.9000
-0.9000
-0.9000
-0.9000
-0.9000
-0.9000
-0.9000
-0.9000
-0.9000
-0.9000
-0.9000
-0.9000
-0.9000
-0.9000
-0.9000
-0.9000
-0.9000
-0.9000
-0.9000
-0.9000
-0.9000
-0.9000
-0.9000
-0.9000
-0.9000
-0.9000
-0.9000
-0.9000
-0.9000
-0.9000
-0.9000
-0.9000
-0.9000
-0.9000
-0.9000
-0.9000
-0.9000
-0.9000
-0.9000
-0.9000
-0.9000
-0.9000