1.1719
1.1718
1.1717
1.1716
1.1714
1.1711
1.1708
1.1704
1.1699
1.1693
1.1687
1.1680
1.1673
1.1665
1.1656
1.1646
1.1636
1.1625
1.1613
1.1600
1.1586
1.1572
1.1557
1.1541
1.1524
1.1507
1.1488
1.1469
1.1449
1.1428
1.1406
1.1383
1.1359
1.1335
1.1309
1.1283
1.1255
1.1227
1.1197
1.1167
1.1136
1.1103
1.1070
1.1035
1.1000
1.0964
1.0926
1.0888
1.0848
1.0807
1.0765
1.0722
1.0678
1.0633
1.0587
1.0540
1.0491
1.0441
1.0390
1.0338
1.0285
1.0230
1.0175
1.0118
1.0060
1.0000
0.9940
0.9878
0.9815
0.9750
0.9684
0.9617
0.9549
0.9479
0.9408
0.9336
0.9262
0.9187
0.9110
0.9032
0.8953
0.8872
0.8790
0.8706
0.8621
0.8535
0.8447
0.8358
0.8267
0.8175
0.8081
0.7985
0.7888
0.7790
0.7690
0.7589
0.7485
0.7381
0.7275
0.7167
0.7057
0.6946
0.6834
0.6719
0.6603
0.6486
0.6367
0.6246
0.6123
0.5999
0.5873
0.5745
0.5615
0.5484
0.5351
0.5217
0.5080
0.4942
0.4802
0.4660
0.4516
0.4371
0.4224
0.4075
0.3924
0.3771
0.3616
0.3460
0.3301
0.3141
0.2979
0.2814
0.2648
0.2480
0.2310
0.2138
0.1964
0.1789
0.1611
0.1431
0.1249
0.1065
0.0879
0.0691
0.0501
0.0309
0.0115
-0.0081
-0.0279
-0.0479
-0.0682
-0.0886
-0.1093
-0.1302
-0.1513
-0.1726
-0.1941
-0.2158
-0.2378
-0.2600
-0.2823
-0.3050
-0.3278
-0.3508
-0.3741
-0.3976
-0.4213
-0.4453
-0.4695
-0.4939
-0.5185
-0.5433
-0.5684
-0.5937
-0.6193
-0.6450
-0.6711
-0.6973
-0.7238
-0.7505
-0.7774
-0.8046
-0.8320
-0.8597
-0.8876
-0.9000
-0.8760
-0.8523
-0.8288
-0.8056
-0.7826
-0.7598
-0.7373
-0.7151
-0.6931
-0.6713
-0.6498
-0.6285
-0.6075
-0.5868
-0.5663
-0.5461
-0.5261
-0.5064
-0.4869
-0.4677
-0.4488
-0.4301
-0.4117
-0.3936
-0.3757
-0.3581
-0.3407
-0.3236
-0.3068
-0.2902
-0.2739
-0.2579
-0.2421
-0.2266
-0.2114
-0.1964
-0.1817
-0.1673
-0.1532
-0.1393
-0.1257
-0.1123
-0.0992
-0.0864
-0.0739
-0.0616
-0.0496
-0.0379
-0.0264
-0.0152
-0.0043
0.0064
0.0168
0.0269
0.0367
0.0463
0.0556
0.0647
0.0734
0.0819
0.0901
0.0981
0.1058
0.1132
0.1204
0.1272
0.1338
0.1402
0.1462
0.1520
0.1576
0.1628
0.1678
0.1725
0.1770
0.1811
0.1850
0.1887
0.1920
0.1951
0.1980
0.2005
0.2028
0.2048
0.2065
0.2080
0.2092
0.2101
0.2108
0.2112
0.2113
0.2112
0.2107
0.2100
0.2091
0.2078
0.2063
0.2046
0.2025
0.2002
0.1976
0.1947
0.1916
0.1882
0.1846
0.1806
0.1764
0.1719
0.1672
0.1621
0.1569
0.1513
0.1455
0.1394
0.1330
0.1263
0.1194
0.1123
0.1048
0.0971
0.0891
0.0808
0.0723
0.0635
0.0544
0.0451
0.0355
0.0256
0.0154
0.0050
-0.0057
-0.0167
-0.0279
-0.0394
-0.0512
-0.0632
-0.0755
-0.0881
-0.1009
-0.1140
-0.1274
-0.1411
-0.1550
-0.1692
-0.1837
-0.1984
-0.2134
-0.2286
-0.2442
-0.2600
-0.2761
-0.2924
-0.3090
-0.3259
-0.3430
-0.3604
-0.3781
-0.3960
-0.4142
-0.4327
-0.4515
-0.4705
-0.4898
-0.5093
-0.5291
-0.5492
-0.5695
-0.5901
-0.6110
-0.6321
-0.6535
-0.6752
-0.6971
-0.7193
-0.7418
-0.7645
-0.7875
-0.8107
-0.8342
-0.8580
-0.8821
-0.9000
-0.8793
-0.8590
-0.8388
-0.8190
-0.7994
-0.7800
-0.7609
-0.7421
-0.7236
-0.7053
-0.6873
-0.6695
-0.6520
-0.6348
-0.6178
-0.6011
-0.5847
-0.5685
-0.5526
-0.5370
-0.5216
-0.5065
-0.4917
-0.4771
-0.4628
-0.4488
-0.4350
-0.4215
-0.4082
-0.3953
-0.3826
-0.3701
-0.3579
-0.3460
-0.3344
-0.3230
-0.3119
-0.3011
-0.2905
-0.2802
-0.2702
-0.2604
-0.2509
-0.2417
-0.2328
-0.2241
-0.2157
-0.2075
-0.1996
-0.1920
-0.1846
-0.1776
-0.1708
-0.1642
-0.1579
-0.1519
-0.1462
-0.1407
-0.1355
-0.1306
-0.1259
-0.1216
-0.1174
-0.1136
-0.1100
-0.1067
-0.1036
-0.1009
-0.0983
-0.0961
-0.0941
-0.0924
-0.0910
-0.0898
-0.0889
-0.0883
-0.0880
-0.0879
-0.0881
-0.0885
-0.0892
-0.0902
-0.0915
-0.0930
-0.0948
-0.0969
-0.0992
-0.1018
-0.1047
-0.1078
-0.1113
-0.1149
-0.1189
-0.1231
-0.1276
-0.1323
-0.1374
-0.1427
-0.1482
-0.1541
-0.1602
-0.1665
-0.1732
-0.1801
-0.1873
-0.1947
-0.2024
-0.2104
-0.2186
-0.2272
-0.2359
-0.2450
-0.2543
-0.2639
-0.2738
-0.2839
-0.2943
-0.3050
-0.3159
-0.3271
-0.3386
-0.3503
-0.3623
-0.3746
-0.3871
-0.3999
-0.4130
-0.4263
-0.4399
-0.4538
-0.4679
-0.4823
-0.4970
-0.5119
-0.5271
-0.5426
-0.5583
-0.5743
-0.5906
-0.6071
-0.6239
-0.6409
-0.6583
-0.6759
-0.6937
-0.7118
-0.7302
-0.7488
-0.7677
-0.7869
-0.8063
-0.8260
-0.8459
-0.8661
-0.8865
-0.9000
-0.8824
-0.8651
-0.8481
-0.8313
-0.8147
-0.7984
-0.7824
-0.7666
-0.7510
-0.7357
-0.7206
-0.7058
-0.6912
-0.6768
-0.6627
-0.6488
-0.6352
-0.6218
-0.6087
-0.5958
-0.5831
-0.5707
-0.5585
-0.5465
-0.5348
-0.5233
-0.5120
-0.5010
-0.4902
-0.4796
-0.4693
-0.4592
-0.4493
-0.4397
-0.4303
-0.4211
-0.4121
-0.4033
-0.3948
-0.3865
-0.3784
-0.3706
-0.3629
-0.3555
-0.3483
-0.3414
-0.3346
-0.3281
-0.3217
-0.3156
-0.3097
-0.3040
-0.2986
-0.2933
-0.2882
-0.2834
-0.2788
-0.2744
-0.2701
-0.2661
-0.2623
-0.2587
-0.2553
-0.2522
-0.2492
-0.2464
-0.2438
-0.2414
-0.2392
-0.2373
-0.2355
-0.2339
-0.2325
-0.2313
-0.2303
-0.2295
-0.2289
-0.2284
-0.2282
-0.2282
-0.2283
-0.2286
-0.2292
-0.2299
-0.2308
-0.2318
-0.2331
-0.2346
-0.2362
-0.2380
-0.2400
-0.2422
-0.2445
-0.2470
-0.2497
-0.2526
-0.2557
-0.2589
-0.2623
-0.2659
-0.2697
-0.2736
-0.2777
-0.2819
-0.2864
-0.2910
-0.2957
-0.3007
-0.3058
-0.3110
-0.3164
-0.3220
-0.3278
-0.3337
-0.3398
-0.3460
-0.3524
-0.3589
-0.3656
-0.3725
-0.3795
-0.3867
-0.3940
-0.4015
-0.4091
-0.4169
-0.4248
-0.4328
-0.4411
-0.4494
-0.4579
-0.4666
-0.4754
-0.4843
-0.4934
-0.5027
-0.5120
-0.5215
-0.5312
-0.5410
-0.5509
-0.5610
-0.5712
-0.5815
-0.5920
-0.6026
-0.6133
-0.6242
-0.6352
-0.6463
-0.6576
-0.6690
-0.6805
-0.6921
-0.7039
-0.7158
-0.7278
-0.7399
-0.7522
-0.7646
-0.7771
-0.7897
-0.8025
-0.8153
-0.8283
-0.8414
-0.8546
-0.8679
-0.8814
-0.8949
-0.9000
-0.8883
-0.8768
-0.8654
-0.8541
-0.8428
-0.8317
-0.8207
-0.8099
-0.7991
-0.7884
-0.7778
-0.7673
-0.7570
-0.7467
-0.7366
-0.7265
-0.7165
-0.7067
-0.6969
-0.6872
-0.6777
-0.6682
-0.6588
-0.6495
-0.6403
-0.6313
-0.6223
-0.6133
-0.6045
-0.5958
-0.5872
-0.5786
-0.5701
-0.5618
-0.5535
-0.5453
-0.5372
-0.5291
-0.5212
-0.5133
-0.5055
-0.4978
-0.4902
-0.4827
-0.4752
-0.4678
-0.4605
-0.4533
-0.4462
-0.4391
-0.4321
-0.4251
-0.4183
-0.4115
-0.4048
-0.3981
-0.3916
-0.3851
-0.3786
-0.3723
-0.3660
-0.3598
-0.3536
-0.3475
-0.3415
-0.3356
-0.3297
-0.3239
-0.3181
-0.3125
-0.3069
-0.3014
-0.2959
-0.2905
-0.2852
-0.2800
-0.2748
-0.2697
-0.2647
-0.2597
-0.2548
-0.2500
-0.2452
-0.2405
-0.2359
-0.2314
-0.2269
-0.2225
-0.2182
-0.2139
-0.2097
-0.2056
-0.2015
-0.1976
-0.1936
-0.1898
-0.1860
-0.1823
-0.1787
-0.1751
-0.1716
-0.1682
-0.1649
-0.1616
-0.1584
-0.1552
-0.1522
-0.1492
-0.1462
-0.1434
-0.1406
-0.1379
-0.1352
-0.1326
-0.1301
-0.1277
-0.1253
-0.1230
-0.1208
-0.1186
-0.1166
-0.1145
-0.1126
-0.1107
-0.1089
-0.1072
-0.1055
-0.1039
-0.1024
-0.1009
-0.0996
-0.0982
-0.0970
-0.0958
-0.0947
-0.0937
-0.0927
-0.0918
-0.0910
-0.0903
-0.0896
-0.0890
-0.0884
-0.0880
-0.0876
-0.0872
-0.0870
-0.0868
-0.0867
-0.0866
-0.0866
-0.0867
-0.0869
-0.0871
-0.0874
-0.0878
-0.0883
-0.0888
-0.0893
-0.0900
-0.0907
-0.0915
-0.0924
-0.0933
-0.0943
-0.0954
-0.0966
-0.0978
-0.0991
-0.1004
-0.1018
-0.1033
-0.1049
-0.1065
-0.1083
-0.1100
-0.1119
-0.1138
-0.1158
-0.1179
-0.1200
-0.1222
-0.1245
-0.1268
-0.1292
-0.1317
-0.1342
-0.1369
-0.1395
-0.1423
-0.1451
-0.1480
-0.1510
-0.1541
-0.1572
-0.1604
-0.1636
-0.1669
-0.1703
-0.1738
-0.1773
-0.1809
-0.1846
-0.1883
-0.1922
-0.1960
-0.2000
-0.2040
-0.2081
-0.2123
-0.2165
-0.2208
-0.2252
-0.2296
-0.2341
-0.2387
-0.2434
-0.2481
-0.2529
-0.2578
-0.2627
-0.2677
-0.2728
-0.2779
-0.2831
-0.2884
-0.2938
-0.2992
-0.3047
-0.3102
-0.3159
-0.3216
-0.3274
-0.3332
-0.3391
-0.3451
-0.3511
-0.3573
-0.3635
-0.3697
-0.3760
-0.3824
-0.3889
-0.3955
-0.4021
-0.4087
-0.4155
-0.4223
-0.4292
-0.4362
-0.4432
-0.4503
-0.4574
-0.4647
-0.4720
-0.4794
-0.4868
-0.4943
-0.5019
-0.5095
-0.5173
-0.5251
-0.5329
-0.5408
-0.5488
-0.5569
-0.5650
-0.5733
-0.5815
-0.5899
-0.5983
-0.6068
-0.6153
-0.6239
-0.6326
-0.6414
-0.6502
-0.6591
-0.6681
-0.6771
-0.6862
-0.6954
-0.7046
-0.7140
-0.7233
-0.7328
-0.7423
-0.7519
-0.7615
-0.7713
-0.7811
-0.7909
-0.8008
-0.8108
-0.8209
-0.8310
-0.8413
-0.8515
-0.8619
-0.8723
-0.8827
-0.8933
-0.9000
-0.8909
-0.8819
-0.8730
-0.8642
-0.8554
-0.8466
-0.8380
-0.8294
-0.8209
-0.8124
-0.8041
-0.7957
-0.7875
-0.7793
-0.7712
-0.7632
-0.7552
-0.7473
-0.7395
-0.7317
-0.7240
-0.7164
-0.7088
-0.7014
-0.6939
-0.6866
-0.6793
-0.6721
-0.6650
-0.6579
-0.6509
-0.6439
-0.6371
-0.6303
-0.6235
-0.6169
-0.6103
-0.6038
-0.5973
-0.5909
-0.5846
-0.5784
-0.5722
-0.5661
-0.5600
-0.5541
-0.5482
-0.5423
-0.5366
-0.5309
-0.5253
-0.5197
-0.5142
-0.5088
-0.5035
-0.4982
-0.4930
-0.4878
-0.4828
-0.4778
-0.4728
-0.4680
-0.4632
-0.4585
-0.4538
-0.4492
-0.4447
-0.4403
-0.4359
-0.4316
-0.4274
-0.4232
-0.4191
-0.4151
-0.4111
-0.4072
-0.4034
-0.3997
-0.3960
-0.3924
-0.3888
-0.3854
-0.3820
-0.3786
-0.3754
-0.3722
-0.3690
-0.3660
-0.3630
-0.3601
-0.3573
-0.3545
-0.3518
-0.3491
-0.3466
-0.3441
-0.3416
-0.3393
-0.3370
-0.3348
-0.3326
-0.3306
-0.3285
-0.3266
-0.3247
-0.3229
-0.3212
-0.3195
-0.3179
-0.3164
-0.3150
-0.3136
-0.3123
-0.3110
-0.3099
-0.3088
-0.3077
-0.3068
-0.3059
-0.3050
-0.3043
-0.3036
-0.3030
-0.3024
-0.3020
-0.3016
-0.3012
-0.3009
-0.3008
-0.3006
-0.3006
-0.3006
-0.3007
-0.3008
-0.3010
-0.3013
-0.3017
-0.3021
-0.3026
-0.3032
-0.3038
-0.3045
-0.3053
-0.3061
-0.3071
-0.3080
-0.3091
-0.3102
-0.3114
-0.3127
-0.3140
-0.3154
-0.3169
-0.3184
-0.3201
-0.3217
-0.3235
-0.3253
-0.3272
-0.3292
-0.3312
-0.3333
-0.3355
-0.3377
-0.3400
-0.3424
-0.3449
-0.3474
-0.3500
-0.3526
-0.3553
-0.3581
-0.3610
-0.3639
-0.3669
-0.3700
-0.3732
-0.3764
-0.3797
-0.3830
-0.3864
-0.3899
-0.3935
-0.3971
-0.4008
-0.4046
-0.4084
-0.4123
-0.4163
-0.4204
-0.4245
-0.4287
-0.4329
-0.4372
-0.4416
-0.4461
-0.4506
-0.4552
-0.4599
-0.4646
-0.4694
-0.4743
-0.4793
-0.4843
-0.4894
-0.4945
-0.4998
-0.5050
-0.5104
-0.5158
-0.5213
-0.5269
-0.5326
-0.5383
-0.5440
-0.5499
-0.5558
-0.5618
-0.5678
-0.5740
-0.5802
-0.5864
-0.5927
-0.5991
-0.6056
-0.6122
-0.6188
-0.6254
-0.6322
-0.6390
-0.6459
-0.6528
-0.6598
-0.6669
-0.6741
-0.6813
-0.6886
-0.6960
-0.7034
-0.7109
-0.7185
-0.7261
-0.7338
-0.7416
-0.7494
-0.7573
-0.7653
-0.7734
-0.7815
-0.7897
-0.7979
-0.8062
-0.8146
-0.8231
-0.8316
-0.8402
-0.8489
-0.8576
-0.8664
-0.8753
-0.8842
-0.8932
-0.9000
-0.8923
-0.8846
-0.8770
-0.8695
-0.8620
-0.8546
-0.8473
-0.8400
-0.8328
-0.8257
-0.8186
-0.8116
-0.8047
-0.7979
-0.7911
-0.7844
-0.7777
-0.7711
-0.7646
-0.7582
-0.7518
-0.7455
-0.7393
-0.7331
-0.7270
-0.7210
-0.7150
-0.7091
-0.7033
-0.6975
-0.6919
-0.6862
-0.6807
-0.6752
-0.6698
-0.6644
-0.6592
-0.6540
-0.6488
-0.6438
-0.6388
-0.6338
-0.6290
-0.6242
-0.6194
-0.6148
-0.6102
-0.6057
-0.6012
-0.5968
-0.5925
-0.5883
-0.5841
-0.5800
-0.5760
-0.5720
-0.5681
-0.5643
-0.5605
-0.5568
-0.5532
-0.5496
-0.5461
-0.5427
-0.5394
-0.5361
-0.5329
-0.5298
-0.5267
-0.5237
-0.5207
-0.5179
-0.5151
-0.5124
-0.5097
-0.5071
-0.5046
-0.5021
-0.4998
-0.4975
-0.4952
-0.4930
-0.4909
-0.4889
-0.4869
-0.4850
-0.4832
-0.4814
-0.4797
-0.4781
-0.4766
-0.4751
-0.4737
-0.4723
-0.4711
-0.4699
-0.4687
-0.4676
-0.4666
-0.4657
-0.4649
-0.4641
-0.4633
-0.4627
-0.4621
-0.4616
-0.4611
-0.4608
-0.4605
-0.4602
-0.4601
-0.4600
-0.4599
-0.4600
-0.4601
-0.4602
-0.4605
-0.4608
-0.4612
-0.4616
-0.4622
-0.4628
-0.4634
-0.4641
-0.4649
-0.4658
-0.4667
-0.4677
-0.4688
-0.4700
-0.4712
-0.4725
-0.4738
-0.4752
-0.4767
-0.4783
-0.4799
-0.4816
-0.4834
-0.4852
-0.4871
-0.4891
-0.4911
-0.4932
-0.4954
-0.4977
-0.5000
-0.5024
-0.5048
-0.5074
-0.5099
-0.5126
-0.5153
-0.5181
-0.5210
-0.5240
-0.5270
-0.5300
-0.5332
-0.5364
-0.5397
-0.5430
-0.5465
-0.5499
-0.5535
-0.5571
-0.5608
-0.5646
-0.5684
-0.5723
-0.5763
-0.5803
-0.5845
-0.5886
-0.5929
-0.5972
-0.6016
-0.6060
-0.6106
-0.6152
-0.6198
-0.6245
-0.6293
-0.6342
-0.6391
-0.6441
-0.6492
-0.6544
-0.6596
-0.6648
-0.6702
-0.6756
-0.6811
-0.6866
-0.6923
-0.6979
-0.7037
-0.7095
-0.7154
-0.7214
-0.7274
-0.7335
-0.7397
-0.7459
-0.7522
-0.7586
-0.7650
-0.7715
-0.7781
-0.7848
-0.7915
-0.7983
-0.8051
-0.8120
-0.8190
-0.8261
-0.8332
-0.8404
-0.8476
-0.8550
-0.8624
-0.8698
-0.8774
-0.8850
-0.8926
-0.9000
-0.8934
-0.8869
-0.8804
-0.8741
-0.8677
-0.8615
-0.8553
-0.8492
-0.8431
-0.8372
-0.8313
-0.8254
-0.8196
-0.8139
-0.8083
-0.8027
-0.7972
-0.7918
-0.7864
-0.7811
-0.7759
-0.7708
-0.7657
-0.7606
-0.7557
-0.7508
-0.7460
-0.7412
-0.7366
-0.7319
-0.7274
-0.7229
-0.7185
-0.7142
-0.7099
-0.7057
-0.7016
-0.6975
-0.6935
-0.6896
-0.6857
-0.6819
-0.6782
-0.6745
-0.6709
-0.6674
-0.6640
-0.6606
-0.6573
-0.6540
-0.6509
-0.6477
-0.6447
-0.6417
-0.6388
-0.6360
-0.6332
-0.6305
-0.6279
-0.6254
-0.6229
-0.6204
-0.6181
-0.6158
-0.6136
-0.6114
-0.6094
-0.6073
-0.6054
-0.6035
-0.6017
-0.6000
-0.5983
-0.5967
-0.5952
-0.5937
-0.5923
-0.5910
-0.5898
-0.5886
-0.5875
-0.5864
-0.5854
-0.5845
-0.5837
-0.5829
-0.5822
-0.5815
-0.5810
-0.5805
-0.5800
-0.5797
-0.5794
-0.5792
-0.5790
-0.5789
-0.5789
-0.5789
-0.5791
-0.5793
-0.5795
-0.5798
-0.5802
-0.5807
-0.5812
-0.5818
-0.5825
-0.5832
-0.5840
-0.5849
-0.5858
-0.5868
-0.5879
-0.5891
-0.5903
-0.5916
-0.5929
-0.5944
-0.5958
-0.5974
-0.5990
-0.6007
-0.6025
-0.6043
-0.6062
-0.6082
-0.6102
-0.6124
-0.6145
-0.6168
-0.6191
-0.6215
-0.6239
-0.6264
-0.6290
-0.6317
-0.6344
-0.6372
-0.6401
-0.6430
-0.6460
-0.6491
-0.6522
-0.6554
-0.6587
-0.6620
-0.6654
-0.6689
-0.6725
-0.6761
-0.6798
-0.6835
-0.6873
-0.6912
-0.6952
-0.6992
-0.7033
-0.7074
-0.7117
-0.7160
-0.7203
-0.7248
-0.7293
-0.7339
-0.7385
-0.7432
-0.7480
-0.7528
-0.7577
-0.7627
-0.7678
-0.7729
-0.7781
-0.7833
-0.7886
-0.7940
-0.7995
-0.8050
-0.8106
-0.8163
-0.8220
-0.8278
-0.8336
-0.8396
-0.8456
-0.8516
-0.8578
-0.8640
-0.8703
-0.8766
-0.8830
-0.8895
-0.8960
-0.9000
-0.8944
-0.8888
-0.8833
-0.8779
-0.8726
-0.8673
-0.8621
-0.8569
-0.8518
-0.8468
-0.8419
-0.8370
-0.8322
-0.8275
-0.8228
-0.8182
-0.8136
-0.8092
-0.8048
-0.8004
-0.7962
-0.7920
-0.7879
-0.7838
-0.7798
-0.7759
-0.7720
-0.7682
-0.7645
-0.7609
-0.7573
-0.7538
-0.7503
-0.7469
-0.7436
-0.7404
-0.7372
-0.7341
-0.7310
-0.7281
-0.7252
-0.7223
-0.7196
-0.7169
-0.7142
-0.7117
-0.7092
-0.7068
-0.7044
-0.7021
-0.6999
-0.6977
-0.6956
-0.6936
-0.6917
-0.6898
-0.6880
-0.6862
-0.6846
-0.6830
-0.6814
-0.6800
-0.6786
-0.6772
-0.6760
-0.6748
-0.6736
-0.6726
-0.6716
-0.6706
-0.6698
-0.6690
-0.6683
-0.6676
-0.6671
-0.6665
-0.6661
-0.6657
-0.6654
-0.6652
-0.6650
-0.6649
-0.6648
-0.6649
-0.6650
-0.6651
-0.6654
-0.6657
-0.6661
-0.6665
-0.6670
-0.6676
-0.6682
-0.6690
-0.6697
-0.6706
-0.6715
-0.6725
-0.6736
-0.6747
-0.6759
-0.6771
-0.6785
-0.6799
-0.6813
-0.6829
-0.6845
-0.6861
-0.6879
-0.6897
-0.6915
-0.6935
-0.6955
-0.6976
-0.6997
-0.7019
-0.7042
-0.7066
-0.7090
-0.7115
-0.7140
-0.7167
-0.7194
-0.7221
-0.7250
-0.7279
-0.7308
-0.7339
-0.7370
-0.7401
-0.7434
-0.7467
-0.7500
-0.7535
-0.7570
-0.7606
-0.7642
-0.7679
-0.7717
-0.7756
-0.7795
-0.7835
-0.7875
-0.7916
-0.7958
-0.8001
-0.8044
-0.8088
-0.8133
-0.8178
-0.8224
-0.8271
-0.8318
-0.8366
-0.8415
-0.8464
-0.8514
-0.8565
-0.8616
-0.8668
-0.8721
-0.8774
-0.8828
-0.8883
-0.8938
-0.8995
-0.9000
-0.8952
-0.8904
-0.8857
-0.8811
-0.8766
-0.8721
-0.8677
-0.8633
-0.8590
-0.8548
-0.8507
-0.8466
-0.8426
-0.8387
-0.8348
-0.8310
-0.8272
-0.8236
-0.8200
-0.8164
-0.8130
-0.8096
-0.8062
-0.8030
-0.7998
-0.7966
-0.7936
-0.7906
-0.7877
-0.7848
-0.7820
-0.7793
-0.7766
-0.7741
-0.7715
-0.7691
-0.7667
-0.7644
-0.7621
-0.7600
-0.7579
-0.7558
-0.7538
-0.7519
-0.7501
-0.7483
-0.7466
-0.7450
-0.7434
-0.7419
-0.7405
-0.7391
-0.7378
-0.7366
-0.7354
-0.7344
-0.7333
-0.7324
-0.7315
-0.7307
-0.7299
-0.7292
-0.7286
-0.7281
-0.7276
-0.7272
-0.7268
-0.7266
-0.7264
-0.7262
-0.7261
-0.7261
-0.7262
-0.7263
-0.7265
-0.7268
-0.7272
-0.7276
-0.7280
-0.7286
-0.7292
-0.7299
-0.7306
-0.7314
-0.7323
-0.7332
-0.7343
-0.7353
-0.7365
-0.7377
-0.7390
-0.7404
-0.7418
-0.7433
-0.7448
-0.7465
-0.7482
-0.7499
-0.7518
-0.7537
-0.7556
-0.7577
-0.7598
-0.7619
-0.7642
-0.7665
-0.7689
-0.7713
-0.7738
-0.7764
-0.7790
-0.7818
-0.7845
-0.7874
-0.7903
-0.7933
-0.7963
-0.7995
-0.8027
-0.8059
-0.8092
-0.8126
-0.8161
-0.8196
-0.8232
-0.8269
-0.8306
-0.8344
-0.8383
-0.8422
-0.8462
-0.8503
-0.8544
-0.8586
-0.8629
-0.8672
-0.8716
-0.8761
-0.8806
-0.8853
-0.8899
-0.8947
-0.8995
-0.9000
-0.8959
-0.8918
-0.8878
-0.8839
-0.8800
-0.8762
-0.8725
-0.8688
-0.8652
-0.8617
-0.8582
-0.8549
-0.8515
-0.8483
-0.8451
-0.8420
-0.8389
-0.8359
-0.8330
-0.8302
-0.8274
-0.8247
-0.8220
-0.8194
-0.8169
-0.8145
-0.8121
-0.8098
-0.8076
-0.8054
-0.8033
-0.8012
-0.7993
-0.7974
-0.7955
-0.7938
-0.7921
-0.7904
-0.7889
-0.7874
-0.7859
-0.7846
-0.7833
-0.7821
-0.7809
-0.7798
-0.7788
-0.7778
-0.7770
-0.7761
-0.7754
-0.7747
-0.7741
-0.7735
-0.7731
-0.7726
-0.7723
-0.7720
-0.7718
-0.7717
-0.7716
-0.7716
-0.7717
-0.7718
-0.7720
-0.7723
-0.7726
-0.7730
-0.7735
-0.7740
-0.7746
-0.7753
-0.7760
-0.7768
-0.7777
-0.7786
-0.7796
-0.7807
-0.7819
-0.7831
-0.7844
-0.7857
-0.7871
-0.7886
-0.7902
-0.7918
-0.7935
-0.7952
-0.7970
-0.7989
-0.8009
-0.8029
-0.8050
-0.8072
-0.8094
-0.8117
-0.8141
-0.8165
-0.8190
-0.8216
-0.8242
-0.8269
-0.8297
-0.8325
-0.8354
-0.8384
-0.8414
-0.8445
-0.8477
-0.8509
-0.8543
-0.8576
-0.8611
-0.8646
-0.8682
-0.8718
-0.8755
-0.8793
-0.8832
-0.8871
-0.8911
-0.8951
-0.8992
-0.9000
-0.8965
-0.8930
-0.8896
-0.8863
-0.8830
-0.8798
-0.8767
-0.8736
-0.8706
-0.8677
-0.8648
-0.8620
-0.8593
-0.8566
-0.8540
-0.8515
-0.8490
-0.8466
-0.8443
-0.8421
-0.8399
-0.8378
-0.8357
-0.8337
-0.8318
-0.8299
-0.8282
-0.8264
-0.8248
-0.8232
-0.8217
-0.8203
-0.8189
-0.8176
-0.8163
-0.8151
-0.8140
-0.8130
-0.8120
-0.8111
-0.8103
-0.8095
-0.8088
-0.8082
-0.8076
-0.8071
-0.8067
-0.8063
-0.8060
-0.8058
-0.8056
-0.8055
-0.8055
-0.8055
-0.8056
-0.8058
-0.8061
-0.8064
-0.8067
-0.8072
-0.8077
-0.8083
-0.8089
-0.8096
-0.8104
-0.8113
-0.8122
-0.8132
-0.8142
-0.8154
-0.8165
-0.8178
-0.8191
-0.8205
-0.8220
-0.8235
-0.8251
-0.8267
-0.8285
-0.8303
-0.8321
-0.8341
-0.8361
-0.8381
-0.8403
-0.8425
-0.8447
-0.8471
-0.8495
-0.8519
-0.8545
-0.8571
-0.8598
-0.8625
-0.8653
-0.8682
-0.8711
-0.8741
-0.8772
-0.8803
-0.8836
-0.8868
-0.8902
-0.8936
-0.8971
-0.9000
-0.8970
-0.8941
-0.8912
-0.8885
-0.8857
-0.8831
-0.8805
-0.8780
-0.8755
-0.8731
-0.8708
-0.8686
-0.8664
-0.8643
-0.8622
-0.8603
-0.8584
-0.8565
-0.8547
-0.8530
-0.8514
-0.8498
-0.8483
-0.8469
-0.8455
-0.8442
-0.8429
-0.8418
-0.8407
-0.8396
-0.8387
-0.8378
-0.8369
-0.8362
-0.8355
-0.8348
-0.8343
-0.8338
-0.8333
-0.8330
-0.8327
-0.8325
-0.8323
-0.8322
-0.8322
-0.8322
-0.8323
-0.8325
-0.8328
-0.8331
-0.8335
-0.8339
-0.8344
-0.8350
-0.8357
-0.8364
-0.8372
-0.8380
-0.8389
-0.8399
-0.8410
-0.8421
-0.8433
-0.8445
-0.8459
-0.8472
-0.8487
-0.8502
-0.8518
-0.8535
-0.8552
-0.8570
-0.8589
-0.8608
-0.8628
-0.8648
-0.8670
-0.8692
-0.8714
-0.8738
-0.8762
-0.8786
-0.8812
-0.8838
-0.8864
-0.8892
-0.8920
-0.8949
-0.8978
-0.9000
-0.8975
-0.8950
-0.8926
-0.8903
-0.8881
-0.8859
-0.8838
-0.8817
-0.8797
-0.8778
-0.8760
-0.8742
-0.8725
-0.8708
-0.8692
-0.8677
-0.8663
-0.8649
-0.8636
-0.8623
-0.8612
-0.8601
-0.8590
-0.8580
-0.8571
-0.8563
-0.8555
-0.8548
-0.8542
-0.8536
-0.8531
-0.8527
-0.8523
-0.8520
-0.8517
-0.8516
-0.8515
-0.8514
-0.8515
-0.8516
-0.8517
-0.8520
-0.8523
-0.8527
-0.8531
-0.8536
-0.8542
-0.8548
-0.8555
-0.8563
-0.8571
-0.8580
-0.8590
-0.8601
-0.8612
-0.8623
-0.8636
-0.8649
-0.8663
-0.8677
-0.8692
-0.8708
-0.8725
-0.8742
-0.8760
-0.8778
-0.8797
-0.8817
-0.8838
-0.8859
-0.8881
-0.8903
-0.8926
-0.8950
-0.8975
-0.9000
-0.9000
-0.8978
-0.8957
-0.8937
-0.8918
-0.8899
-0.8880
-0.8863
-0.8846
-0.8830
-0.8814
-0.8799
-0.8785
-0.8771
-0.8758
-0.8746
-0.8735
-0.8724
-0.8713
-0.8704
-0.8695
-0.8687
-0.8679
-0.8672
-0.8666
-0.8661
-0.8656
-0.8652
-0.8648
-0.8645
-0.8643
-0.8642
-0.8641
-0.8641
-0.8641
-0.8643
-0.8644
-0.8647
-0.8650
-0.8654
-0.8659
-0.8664
-0.8670
-0.8676
-0.8684
-0.8691
-0.8700
-0.8709
-0.8719
-0.8730
-0.8741
-0.8753
-0.8766
-0.8779
-0.8793
-0.8808
-0.8823
-0.8839
-0.8856
-0.8873
-0.8891
-0.8910
-0.8929
-0.8949
-0.8970
-0.8991
-0.9000
-0.8982
-0.8964
-0.8947
-0.8931
-0.8915
-0.8900
-0.8886
-0.8872
-0.8859
-0.8847
-0.8836
-0.8825
-0.8814
-0.8805
-0.8796
-0.8788
-0.8780
-0.8773
-0.8767
-0.8761
-0.8756
-0.8752
-0.8749
-0.8746
-0.8744
-0.8742
-0.8741
-0.8741
-0.8741
-0.8743
-0.8744
-0.8747
-0.8750
-0.8754
-0.8758
-0.8764
-0.8769
-0.8776
-0.8783
-0.8791
-0.8799
-0.8809
-0.8819
-0.8829
-0.8840
-0.8852
-0.8865
-0.8878
-0.8892
-0.8906
-0.8922
-0.8937
-0.8954
-0.8971
-0.8989
-0.9000
-0.8985
-0.8970
-0.8956
-0.8943
-0.8930
-0.8918
-0.8907
-0.8896
-0.8886
-0.8877
-0.8868
-0.8860
-0.8853
-0.8846
-0.8840
-0.8835
-0.8830
-0.8826
-0.8823
-0.8820
-0.8818
-0.8817
-0.8816
-0.8816
-0.8817
-0.8819
-0.8821
-0.8823
-0.8827
-0.8831
-0.8836
-0.8841
-0.8847
-0.8854
-0.8861
-0.8869
-0.8878
-0.8888
-0.8898
-0.8908
-0.8920
-0.8932
-0.8945
-0.8958
-0.8972
-0.8987
-0.9000
-0.8987
-0.8975
-0.8964
-0.8953
-0.8943
-0.8934
-0.8925
-0.8917
-0.8910
-0.8903
-0.8897
-0.8892
-0.8887
-0.8883
-0.8880
-0.8877
-0.8876
-0.8874
-0.8874
-0.8874
-0.8874
-0.8876
-0.8878
-0.8881
-0.8884
-0.8888
-0.8893
-0.8898
-0.8904
-0.8911
-0.8918
-0.8926
-0.8935
-0.8945
-0.8955
-0.8965
-0.8977
-0.8989
-0.9000
-0.8990
-0.8980
-0.8971
-0.8963
-0.8955
-0.8948
-0.8942
-0.8936
-0.8931
-0.8927
-0.8923
-0.8920
-0.8918
-0.8916
-0.8915
-0.8915
-0.8915
-0.8916
-0.8918
-0.8920
-0.8923
-0.8927
-0.8931
-0.8936
-0.8942
-0.8948
-0.8955
-0.8963
-0.8971
-0.8980
-0.8990
-0.9000
-0.8992
-0.8984
-0.8977
-0.8971
-0.8965
-0.8960
-0.8956
-0.8952
-0.8949
-0.8947
-0.8945
-0.8944
-0.8944
-0.8944
-0.8946
-0.8947
-0.8950
-0.8953
-0.8956
-0.8961
-0.8966
-0.8972
-0.8978
-0.8985
-0.8993
-0.9000
-0.8993
-0.8987
-0.8982
-0.8978
-0.8974
-0.8970
-0.8968
-0.8966
-0.8965
-0.8964
-0.8964
-0.8965
-0.8966
-0.8968
-0.8971
-0.8974
-0.8979
-0.8983
-0.8989
-0.8995
-0.9000
-0.8995
-0.8990
-0.8986
-0.8983
-0.8981
-0.8979
-0.8978
-0.8977
-0.8977
-0.8978
-0.8980
-0.8982
-0.8985
-0.8988
-0.8992
-0.8997
-0.9000
-0.8996
-0.8992
-0.8990
-0.8988
-0.8986
-0.8985
-0.8985
-0.8986
-0.8987
-0.8989
-0.8992
-0.8995
-0.8999
-0.9000
-0.8997
-0.8994
-0.8992
-0.8991
-0.8990
-0.8990
-0.8991
-0.8992
-0.8994
-0.8997
-0.9000
-0.8998
-0.8996
-0.8995
-0.8995
-0.8995
-0.8996
-0.8998
-0.9000
-0.8999
-0.8998
-0.8998
-0.8998
-0.8999
-0.9000
-0.8999
-0.8999
-0.8999
-0.9000
-0.9000
-0.8999
-0.8999
-0.9000
-0.9000
-0.9000
-0.9000
-0.9000
-0.9000
-0.9000
-0.9000
-0.9000
-0.9000
-0.9000
-0.9000
-0.9000
-0.9000
-0.9000
-0.9000
-0.9000
-0.9000
-0.9000
-0.9000
-0.9000
-0.9000
-0.9000
-0.9000
-0.9000
-0.9000
-0.9000
-0.9000
-0.9000
-0.9000
-0.9000
-0.9000
-0.9000
-0.9000
-0.9000
-0.9000
-0.9000
-0.9000
-0.9000
-0.9000
-0.9000
-0.9000
-0.9000
-0.9000
-0.9000
-0.9000
-0.9000
-0.9000
-0.9000
-0.9000
-0.9000
-0.9000
-0.9000
-0.9000
-0.9000
-0.9000
-0.9000
-0.9000
-0.9000
-0.9000
-0.9000
-0.9000
-0.9000
-0.9000
-0.9000
-0.9000
-0.9000
-0.9000
-0.9000
-0.9000
-0.9000
-0.9000
-0.9000
-0.9000
-0.9000
-0.9000
-0.9000
-0.9000
-0.9000
-0.9000
-0.9000
-0.9000
-0.9000
-0.9000
-0.9000
-0.9000
-0.9000
-0.9000
-0.9000
-0.9000
-0.9000
-0.9000
-0.9000
-0.9000
-0.9000
-0.9000
-0.9000
-0.9000
-0.9000
-0.9000
-0.9000
-0.9000
-0.9000
-0.9000
-0.9000
-0.9000
-0.9000
-0.9000
-0.9000
-0.9000
-0.9000
-0.9000
-0.9000
-0.9000
-0.9000
-0.9000
-0.9000
-0.9000
-0.9000
-0.9000
-0.9000
-0.9000
-0.9000
-0.9000
-0.9000
-0.9000
-0.9000
-0.9000
-0.9000
-0.9000
-0.9000
-0.9000
-0.9000
-0.9000
-0.9000
-0.9000
-0.9000
-0.9000
-0.9000
-0.9000
-0.9000
-0.9000
-0.9000
-0.9000
-0.9000
-0.9000
-0.9000
-0.9000
-0.9000
-0.9000
-0.9000
-0.9000
-0.9000
-0.9000
-0.9000
-0.9000
-0.9000
-0.9000
-0.9000
-0.9000
-0.9000
-0.9000
-0.9000
-0.9000
-0.9000
-0.9000
-0.9000
-0.9000
-0.9000
-0.9000
-0.9000
-0.9000
-0.9000
-0.9000
-0.9000
-0.9000
-0.9000
-0.9000
-0.9000
-0.9000
-0.9000
-0.9000
-0.9000
-0.9000
-0.9000
-0.9000
-0.9000
-0.9000
-0.9000
-0.9000
-0.9000
-0.9000
-0.9000
-0.9000
-0.9000
-0.9000
-0.9000
-0.9000
-0.9000
-0.9000
-0.9000
-0.9000
-0.9000
-0.9000
-0.9000
-0.9000
-0.9000
-0.9000
-0.9000
-0.9000
-0.9000
-0.9000
-0.9000
-0.9000
-0.9000
-0.9000
-0.9000
-0.9000
-0.9000
-0.9000
-0.9000
-0.9000
-0.9000
-0.9000
-0.9000
-0.9000
-0.9000
-0.9000
-0.9000
-0.9000
-0.9000
-0.9000
-0.9000
-0.9000
-0.9000
-0.9000
-0.9000
-0.9000
-0.9000
-0.9000
-0.9000
-0.9000
-0.9000
-0.9000
-0.9000
-0.9000
-0.9000
-0.9000
-0.9000
-0.9000
-0.9000
-0.9000
-0.9000
-0.9000
-0.9000
-0.9000
-0.9000
-0.9000
-0.9000
-0.9000
-0.9000
-0.9000
-0.9000
-0.9000
-0.9000
-0.9000
-0.9000
-0.9000
-0.9000
-0.9000
-0.9000
-0.9000
-0.9000
-0.9000
-0.9000
-0.9000
-0.9000
-0.9000
-0.9000
-0.9000
-0.9000
-0.9000
-0.9000
-0.9000
-0.9000
-0.9000
-0.9000
-0.9000
-0.9000
-0.9000
-0.9000
-0.9000
-0.9000
-0.9000
-0.9000
-0.9000
-0.9000
-0.9000
-0.9000
-0.9000
-0.9000
-0.9000
-0.9000
-0.9000
-0.9000
-0.9000
-0.9000
-0.9000
-0.9000
-0.9000
-0.9000
-0.9000
-0.9000
-0.9000
-0.9000
-0.9000
-0.9000
-0.9000
-0.9000
-0.9000
-0.9000
-0.9000
-0.9000
-0.9000
-0.9000
-0.9000
-0.9000
-0.9000
-0.9000
-0.9000
-0.9000
-0.9000
-0.9000
-0.9000
-0.9000
-0.9000
-0.9000
-0.9000
-0.9000
-0.9000
-0.9000
-0.9000
-0.9000
-0.9000
-0.9000
-0.9000
-0.9000
-0.9000
-0.9000
-0.9000
-0.9000
-0.9000
-0.9000
-0.9000
-0.9000
-0.9000
-0.9000
-0.9000
-0.9000
-0.9000
-0.9000
-0.9000
-0.9000
-0.9000
-0.9000
-0.9000
-0.9000
-0.9000
-0.9000
-0.9000
-0.9000
-0.9000
-0.9000
-0.9000
-0.9000
-0.9000
-0.9000
-0.9000
-0.9000
-0.9000
-0.9000
-0.9000
-0.9000
-0.9000
-0.9000
-0.9000
-0.9000
-0.9000
-0.9000
-0.9000
-0.9000
-0.9000
-0.9000
-0.9000
-0.9000
-0.9000
-0.9000
-0.9000
-0.9000
-0.9000
-0.9000
-0.9000
-0.9000
-0.9000
-0.9000
-0.9000
-0.9000
-0.9000
-0.9000
-0.9000
-0.9000
-0.9000
-0.9000
-0.9000
-0.9000
-0.9000
-0.9000
-0.9000
-0.9000
-0.9000
-0.9000
-0.9000
-0.9000
-0.9000
-0.9000
-0.9000
-0.9000
-0.9000
-0.9000
-0.9000
-0.9000
-0.9000
-0.9000
-0.9000
-0.9000
-0.9000
-0.9000
-0.9000
-0.9000
-0.9000
-0.9000
-0.9000
-0.9000
-0.9000
-0.9000
-0.9000
-0.9000
-0.9000
-0.9000
-0.9000
-0.9000
-0.9000
-0.9000
-0.9000
-0.9000
-0.9000
-0.9000
-0.9000
-0.9000
-0.9000
-0.9000
-0.9000
-0.9000
-0.9000
-0.9000
-0.9000
-0.9000
-0.9000
-0.9000
-0.9000
-0.9000
-0.9000
-0.9000
-0.9000
-0.9000
-0.9000
-0.9000
-0.9000
-0.9000
-0.9000
-0.9000
-0.9000
-0.9000
-0.9000
-0.9000
-0.9000
-0.9000
-0.9000
-0.9000
-0.9000
-0.9000
-0.9000
-0.9000
-0.9000
-0.9000
-0.9000
-0.9000
-0.9000
-0.9000
-0.9000
-0.9000
-0.9000
-0.9000
-0.9000
-0.9000
-0.9000
-0.9000
-0.9000
-0.9000
-0.9000
-0.9000
-0.9000
-0.9000
-0.9000
-0.9000
-0.9000
-0.9000
-0.9000
-0.9000
-0.9000
-0.9000
-0.9000
-0.9000
-0.9000
-0.9000
-0.9000
-0.9000
-0.9000
-0.9000
-0.9000
-0.9000
-0.9000
-0.9000
-0.9000
-0.9000
-0.9000
-0.9000
-0.9000
-0.9000
-0.9000
-0.9000
-0.9000
-0.9000
-0.9000
-0.9000
-0.9000
-0.9000
-0.9000
-0.9000
-0.9000
-0.9000
-0.9000
-0.9000
-0.9000
-0.9000
-0.9000
-0.9000
-0.9000
-0.9000
-0.9000
-0.9000
-0.9000
-0.9000
-0.9000
-0.9000
-0.9000
-0.9000
-0.9000
-0.9000
-0.9000
-0.9000
-0.9000
-0.9000
-0.9000
-0.9000
-0.9000
-0.9000
-0.9000
-0.9000
-0.9000
-0.9000
-0.9000
-0.9000
-0.9000
-0.9000
-0.9000
-0.9000
-0.9000
-0.9000
-0.9000
-0.9000
-0.9000
-0.9000
-0.9000
-0.9000
-0.9000
-0.9000
-0.9000
-0.9000
-0.9000
-0.9000
-0.9000
-0.9000
-0.9000
-0.9000
-0.9000
-0.9000
-0.9000
-0.9000
-0.9000
-0.9000
-0.9000
-0.9000
-0.9000
-0.9000
-0.9000
-0.9000
-0.9000
-0.9000
-0.9000
-0.9000
-0.9000
-0.9000
-0.9000
-0.9000
-0.9000
-0.9000
-0.9000
-0.9000
-0.9000
-0.9000
-0.9000
-0.9000
-0.9000
-0.9000
-0.9000
-0.9000
-0.9000
-0.9000
-0.9000
-0.9000
-0.9000
-0.9000
-0.9000
-0.9000
-0.9000
-0.9000
-0.9000
-0.9000
-0.9000
-0.9000
-0.9000
-0.9000
-0.9000
-0.9000
-0.9000
-0.9000
-0.9000
-0.9000
-0.9000
-0.9000
-0.9000
-0.9000
-0.9000
-0.9000
-0.9000
-0.9000
-0.9000
-0.9000
-0.9000
-0.9000
-0.9000
-0.9000
-0.9000
-0.9000
-0.9000
-0.9000
-0.9000
-0.9000
-0.9000
-0.9000
-0.9000
-0.9000
-0.9000
-0.9000
-0.9000
-0.9000
-0.9000
-0.9000
-0.9000
-0.9000
-0.9000
-0.9000
-0.9000
-0.9000
-0.9000
-0.9000
-0.9000
-0.9000
-0.9000
-0.9000
-0.9000
-0.9000
-0.9000
-0.9000
-0.9000
-0.9000
-0.9000
-0.9000
-0.9000
-0.9000
-0.9000
-0.9000
-0.9000
-0.9000
-0.9000
-0.9000
-0.9000
-0.9000
-0.9000
-0.9000
-0.9000
-0.9000
-0.9000
-0.9000
-0.9000
-0.9000
-0.9000
-0.9000
-0.9000
-0.9000
-0.9000
-0.9000
-0.9000
-0.9000
-0.9000
-0.9000
-0.9000
-0.9000
-0.9000
-0.9000
-0.9000
-0.9000
-0.9000
-0.9000
-0.9000
-0.9000
-0.9000
-0.9000
-0.9000
-0.9000
-0.9000
-0.9000
-0.9000
-0.9000
-0.9000
-0.9000
-0.9000
-0.9000
-0.9000
-0.9000
-0.9000
-0.9000
-0.9000
-0.9000
-0.9000
-0.9000
-0.9000
-0.9000
-0.9000
-0.9000
-0.9000
-0.9000
-0.9000
-0.9000
-0.9000
-0.9000
-0.9000
-0.9000
-0.9000
-0.9000
-0.9000
-0.9000
-0.9000
-0.9000
-0.9000
-0.9000
-0.9000
-0.9000
-0.9000
-0.9000
-0.9000
-0.9000
-0.9000
-0.9000
-0.9000
-0.9000
-0.9000
-0.9000
-0.9000
-0.9000
-0.9000
-0.9000
-0.9000
-0.9000
-0.9000
-0.9000
-0.9000
-0.9000
-0.9000
-0.9000
-0.9000
-0.9000
-0.9000
-0.9000
-0.9000
-0.9000
-0.9000
-0.9000
-0.9000
-0.9000
-0.9000
-0.9000
-0.9000
-0.9000
-0.9000
-0.9000
-0.9000
-0.9000
-0.9000
-0.9000
-0.9000
-0.9000
-0.9000
-0.9000
-0.9000
-0.9000
-0.9000
-0.9000
-0.9000
-0.9000
-0.9000
-0.9000
-0.9000
-0.9000
-0.9000
-0.9000
-0.9000
-0.9000
-0.9000
-0.9000
-0.9000
-0.9000
-0.9000
-0.9000
-0.9000
-0.9000
-0.9000
-0.9000
-0.9000
-0.9000
-0.9000
-0.9000
-0.9000
-0.9000
-0.9000
-0.9000
-0.9000
-0.9000
-0.9000
-0.9000
-0.9000
-0.9000
-0.9000
-0.9000
-0.9000
-0.9000
-0.9000
-0.9000
-0.9000
-0.9000
-0.9000
-0.9000
-0.9000
-0.9000
-0.9000
-0.9000
-0.9000
-0.9000
-0.9000
-0.9000
-0.9000
-0.9000
-0.9000
-0.9000
-0.9000
-0.9000
-0.9000
-0.9000
-0.9000
-0.9000
-0.9000
-0.9000
-0.9000
-0.9000
-0.9000
-0.9000
-0.9000
-0.9000
-0.9000
-0.9000
-0.9000
-0.9000
-0.9000
-0.9000
-0.9000
-0.9000
-0.9000
-0.9000
-0.9000
-0.9000
-0.9000
-0.9000
-0.9000
-0.9000
-0.9000
-0.9000
-0.9000
-0.9000
-0.9000
-0.9000
-0.9000
-0.9000
-0.9000
-0.9000
-0.9000
-0.9000
-0.9000
-0.9000
-0.9000
-0.9000
-0.9000
-0.9000
-0.9000
-0.9000
-0.9000
-0.9000
-0.9000
-0.9000
-0.9000
-0.9000
-0.9000
-0.9000
-0.9000
-0.9000
-0.9000
-0.9000
-0.9000
-0.9000
-0.9000
-0.9000
-0.9000
-0.9000
-0.9000
-0.9000
-0.9000
-0.9000
-0.9000
-0.9000
-0.9000
-0.9000
-0.9000
-0.9000
-0.9000
-0.9000
-0.9000
-0.9000
-0.9000
-0.9000
-0.9000
-0.9000
-0.9000
-0.9000
-0.9000
-0.9000
-0.9000
-0.9000
-0.9000
-0.9000
-0.9000
-0.9000
-0.9000
-0.9000
-0.9000
-0.9000
-0.9000
-0.9000
-0.9000
-0.9000
-0.9000
-0.9000
-0.9000
-0.9000
-0.9000
-0.9000
-0.9000
-0.9000
-0.9000
-0.9000
-0.9000
-0.9000
-0.9000
-0.9000
-0.9000
-0.9000
-0.9000
-0.9000
-0.9000
-0.9000
-0.9000
-0.9000
-0.9000
-0.9000
-0.9000
-0.9000
-0.9000
-0.9000
-0.9000
-0.9000
-0.9000
-0.9000
-0.9000
-0.9000
-0.9000
-0.9000
-0.9000
-0.9000
-0.9000
-0.9000
-0.9000
-0.9000
-0.9000
-0.9000
-0.9000
-0.9000
-0.9000
-0.9000
-0.9000
-0.9000
-0.9000
-0.9000
-0.9000
-0.9000
-0.9000
-0.9000
-0.9000
-0.9000
-0.9000
-0.9000
-0.9000
-0.9000
-0.9000
-0.9000
-0.9000
-0.9000
-0.9000
-0.9000
-0.9000
-0.9000
-0.9000
-0.9000
-0.9000
-0.9000
-0.9000
-0.9000
-0.9000
-0.9000
-0.9000
-0.9000
-0.9000
-0.9000
-0.9000
-0.9000
-0.9000
-0.9000
-0.9000
-0.9000
-0.9000
-0.9000
-0.9000
-0.9000
-0.9000
-0.9000
-0.9000
-0.9000
-0.9000
-0.9000
-0.9000
-0.9000
-0.9000
-0.9000
-0.9000
-0.9000
-0.9000
-0.9000
-0.9000
-0.9000
-0.9000
-0.9000
-0.9000
-0.9000
-0.9000
-0.9000
-0.9000
-0.9000
-0.9000
-0.9000
-0.9000
-0.9000
-0.9000
-0.9000
-0.9000
-0.9000
-0.9000
-0.9000
-0.9000
-0.9000
-0.9000
-0.9000
-0.9000
-0.9000
-0.9000
-0.9000
-0.9000
-0.9000
-0.9000
-0.9000
-0.9000
-0.9000
-0.9000
-0.9000
-0.9000
-0.9000
-0.9000
-0.9000
-0.9000
-0.9000
-0.9000
-0.9000
-0.9000
-0.9000
-0.9000
-0.9000
-0.9000
-0.9000
-0.9000
-0.9000
-0.9000
-0.9000
-0.9000
-0.9000
-0.9000
-0.9000
-0.9000
-0.9000
-0.9000
-0.9000
-0.9000
-0.9000
-0.9000
-0.9000
-0.9000
-0.9000
-0.9000
-0.9000
-0.9000
-0.9000
-0.9000
-0.9000
-0.9000
-0.9000
-0.9000
-0.9000
-0.9000
-0.9000
-0.9000
-0.9000
-0.9000
-0.9000
-0.9000
-0.9000
-0.9000
-0.9000
-0.9000
-0.9000
-0.9000
-0.9000
-0.9000
-0.9000
-0.9000
-0.9000
-0.9000
-0.9000
-0.9000
-0.9000
-0.9000
-0.9000
-0.9000
-0.9000
-0.9000
-0.9000
-0.9000
-0.9000
-0.9000
-0.9000
-0.9000
-0.9000
-0.9000
-0.9000
-0.9000
-0.9000
-0.9000
-0.9000
-0.9000
-0.9000
-0.9000
-0.9000
-0.9000
-0.9000
-0.9000
-0.9000
-0.9000
-0.9000
-0.9000
-0.9000
-0.9000
-0.9000
-0.9000
-0.9000
-0.9000
-0.9000
-0.9000
-0.9000
-0.9000
-0.9000
-0.9000
-0.9000
-0.9000
-0.9000
-0.9000
-0.9000
-0.9000
-0.9000
-0.9000
-0.9000
-0.9000
-0.9000
-0.9000
-0.9000
-0.9000
-0.9000
-0.9000
-0.9000
-0.9000
-0.9000
-0.9000
-0.9000
-0.9000
-0.9000
-0.9000
-0.9000
-0.9000
-0.9000
-0.9000
-0.9000
-0.9000
-0.9000
-0.9000
-0.9000
-0.9000
-0.9000
-0.9000
-0.9000
-0.9000
-0.9000
-0.9000
-0.9000
-0.9000
-0.9000
-0.9000
-0.9000
-0.9000
-0.9000
-0.9000
-0.9000
-0.9000
-0.9000
-0.9000
-0.9000
-0.9000
-0.9000
-0.9000
-0.9000
-0.9000
-0.9000
-0.9000
-0.9000
-0.9000
-0.9000
-0.9000
-0.9000
-0.9000
-0.9000
-0.9000
-0.9000
-0.9000
-0.9000
-0.9000
-0.9000
-0.9000
-0.9000
-0.9000
-0.9000
-0.9000
-0.9000
-0.9000
-0.9000
-0.9000
-0.9000
-0.9000
-0.9000
-0.9000
-0.9000
-0.9000
-0.9000
-0.9000
-0.9000
-0.9000
-0.9000
-0.9000
-0.9000
-0.9000
-0.9000
-0.9000
-0.9000
-0.9000
-0.9000
-0.9000
-0.9000
-0.9000
-0.9000
-0.9000
-0.9000
-0.9000
-0.9000
-0.9000
-0.9000
-0.9000
-0.9000
-0.9000
-0.9000
-0.9000
-0.9000
-0.9000
-0.9000
-0.9000
-0.9000
-0.9000
-0.9000
-0.9000
-0.9000
-0.9000
-0.9000
-0.9000
-0.9000
-0.9000
-0.9000
-0.9000
-0.9000
-0.9000
-0.9000
-0.9000
-0.9000
-0.9000
-0.9000
-0.9000
-0.9000
-0.9000
-0.9000
-0.9000
-0.9000
-0.9000
-0.9000
-0.9000
-0.9000
-0.9000
-0.9000
-0.9000
-0.9000
-0.9000
-0.9000
-0.9000
-0.9000
-0.9000
-0.9000
-0.9000
-0.9000
-0.9000
-0.9000
-0.9000
-0.9000
-0.9000
-0.9000
-0.9000
-0.9000
-0.9000
-0.9000
-0.9000
-0.9000
-0.9000
-0.9000
-0.9000
-0.9000
-0.9000
-0.9000
-0.9000
-0.9000
-0.9000
-0.9000
-0.9000
-0.9000
-0.9000
-0.9000
-0.9000
-0.9000
-0.9000
-0.9000
-0.9000
-0.9000
-0.9000
-0.9000
-0.9000
-0.9000
-0.9000
-0.9000
-0.9000
-0.9000
-0.9000
-0.9000
-0.9000
-0.9000
-0.9000
-0.9000
-0.9000
-0.9000
-0.9000
-0.9000
-0.9000
-0.9000
-0.9000
-0.9000
-0.9000
-0.9000
-0.9000
-0.9000
-0.9000
-0.9000
-0.9000
-0.9000
-0.9000
-0.9000
-0.9000
-0.9000
-0.9000
-0.9000
-0.9000
-0.9000
-0.9000
-0.9000
-0.9000
-0.9000
-0.9000
-0.9000
-0.9000
-0.9000
-0.9000
-0.9000
-0.9000
-0.9000
-0.9000
-0.9000
-0.9000
-0.9000
-0.9000
-0.9000
-0.9000
-0.9000
-0.9000
-0.9000
-0.9000
-0.9000
-0.9000
-0.9000
-0.9000
-0.9000
-0.9000
-0.9000
-0.9000
-0.9000
-0.9000
-0.9000
-0.9000
-0.9000
-0.9000
-0.9000
-0.9000
-0.9000
-0.9000
-0.9000
-0.9000
-0.9000
-0.9000
-0.9000
-0.9000
-0.9000
-0.9000
-0.9000
-0.9000
-0.9000
-0.9000
-0.9000
-0.9000
-0.9000
-0.9000
-0.9000
-0.9000
-0.9000
-0.9000
-0.9000
-0.9000
-0.9000
-0.9000
-0.9000
-0.9000
-0.9000
-0.9000
-0.9000
-0.9000
-0.9000
-0.9000
-0.9000
-0.9000
-0.9000
-0.9000
-0.9000
-0.9000
-0.9000
-0.9000
-0.9000
-0.9000
-0.9000
-0.9000
-0.9000
-0.9000
-0.9000
-0.9000
-0.9000
-0.9000
-0.9000
-0.9000
-0.9000
-0.9000
-0.9000
-0.9000
-0.9000
-0.9000
-0.9000
-0.9000
-0.9000
-0.9000
-0.9000
-0.9000
-0.9000
-0.9000
-0.9000
-0.9000
-0.9000
-0.9000
-0.9000
-0.9000
-0.9000
-0.9000
-0.9000
-0.9000
-0.9000
-0.9000
-0.9000
-0.9000
-0.9000
-0.9000
-0.9000
-0.9000
-0.9000
-0.9000
-0.9000
-0.9000
-0.9000
-0.9000
-0.9000
-0.9000
-0.9000
-0.9000
-0.9000
-0.9000
-0.9000
-0.9000
-0.9000
-0.9000
-0.9000
-0.9000
-0.9000
-0.9000
-0.9000
-0.9000
-0.9000
-0.9000
-0.9000
-0.9000
-0.9000
-0.9000
-0.9000
-0.9000
-0.9000
-0.9000
-0.9000
-0.9000
-0.9000
-0.9000
-0.9000
-0.9000
-0.9000
-0.9000
-0.9000
-0.9000
-0.9000
-0.9000
-0.9000
-0.9000
-0.9000
-0.9000
-0.9000
-0.9000
-0.9000
-0.9000
-0.9000
-0.9000
-0.9000
-0.9000
-0.9000
-0.9000
-0.9000
-0.9000
-0.9000
-0.9000
-0.9000
-0.9000
-0.9000
-0.9000
-0.9000
-0.9000
-0.9000
-0.9000
-0.9000
-0.9000
-0.9000
-0.9000
-0.9000
-0.9000
-0.9000
-0.9000
-0.9000
-0.9000
-0.9000
-0.9000
-0.9000
-0.9000
-0.9000
-0.9000
-0.9000
-0.9000
-0.9000
-0.9000
-0.9000
-0.9000
-0.9000
-0.9000
-0.9000
-0.9000
-0.9000
-0.9000
-0.9000
-0.9000
-0.9000
-0.9000
-0.9000
-0.9000
-0.9000
-0.9000
-0.9000
-0.9000
-0.9000
-0.9000
-0.9000
-0.9000
-0.9000
-0.9000
-0.9000
-0.9000
-0.9000
-0.9000
-0.9000
-0.9000
-0.9000
-0.9000
-0.9000
-0.9000
-0.9000
-0.9000
-0.9000
-0.9000
-0.9000
-0.9000
-0.9000
-0.9000
-0.9000
-0.9000
-0.9000
-0.9000
-0.9000
-0.9000
-0.9000
-0.9000
-0.9000
-0.9000
-0.9000
-0.9000
-0.9000
-0.9000
-0.9000
-0.9000
-0.9000
-0.9000
-0.9000
-0.9000
-0.9000
-0.9000
-0.9000
-0.9000
-0.9000
-0.9000
-0.9000
-0.9000
-0.9000
-0.9000
-0.9000
-0.9000
-0.9000
-0.9000
-0.9000
-0.9000
-0.9000
-0.9000
-0.9000
-0.9000
-0.9000
-0.9000
-0.9000
-0.9000
-0.9000
-0.9000
-0.9000
-0.9000
-0.9000
-0.9000
-0.9000
-0.9000
-0.9000
-0.9000
-0.9000
-0.9000
-0.9000
-0.9000
-0.9000
-0.9000
-0.9000
-0.9000
-0.9000
-0.9000
-0.9000
-0.9000
-0.9000
-0.9000
-0.9000
-0.9000
-0.9000
-0.9000
-0.9000
-0.9000
-0.9000
-0.9000
-0.9000
-0.9000
-0.9000
-0.9000
-0.9000
-0.9000
-0.9000
-0.9000
-0.9000
-0.9000
-0.9000
-0.9000
-0.9000
-0.9000
-0.9000
-0.9000
-0.9000
-0.9000
-0.9000
-0.9000
-0.9000
-0.9000
-0.9000
-0.9000
-0.9000
-0.9000
-0.9000
-0.9000
-0.9000
-0.9000
-0.9000
-0.9000
-0.9000
-0.9000
-0.9000
-0.9000
-0.9000
-0.9000
-0.9000
-0.9000
-0.9000
-0.9000
-0.9000
-0.9000
-0.9000
-0.9000
-0.9000
-0.9000
-0.9000
-0.9000
-0.9000
-0.9000
-0.9000
-0.9000
-0.9000
-0.9000
-0.9000
-0.9000
-0.9000
-0.9000
-0.9000
-0.9000
-0.9000
-0.9000
-0.9000
-0.9000
-0.9000
-0.9000
-0.9000
-0.9000
-0.9000
-0.9000
-0.9000
-0.9000
-0.9000
-0.9000
-0.9000
-0.9000
-0.9000
-0.9000
-0.9000
-0.9000
-0.9000
-0.9000
-0.9000
-0.9000
-0.9000
-0.9000
-0.9000
-0.9000
-0.9000
-0.9000
-0.9000
-0.9000
-0.9000
-0.9000
-0.9000
-0.9000
-0.9000
-0.9000
-0.9000
-0.9000
-0.9000
-0.9000
-0.9000
-0.9000
-0.9000
-0.9000
-0.9000
-0.9000
-0.9000
-0.9000
-0.9000
-0.9000
-0.9000
-0.9000
-0.9000
-0.9000
-0.9000
-0.9000
-0.9000
-0.9000
-0.9000
-0.9000
-0.9000
-0.9000
-0.9000
-0.9000
-0.9000
-0.9000
-0.9000
-0.9000
-0.9000
-0.9000
-0.9000
-0.9000
-0.9000
-0.9000
-0.9000
-0.9000
-0.9000
-0.9000
-0.9000
-0.9000
-0.9000
-0.9000
-0.9000
-0.9000
-0.9000
-0.9000
-0.9000
-0.9000
-0.9000
-0.9000
-0.9000
-0.9000
-0.9000
-0.9000
-0.9000
-0.9000
-0.9000
-0.9000
-0.9000
-0.9000
-0.9000
-0.9000
-0.9000
-0.9000
-0.9000
-0.9000
-0.9000
-0.9000
-0.9000
-0.9000
-0.9000
-0.9000
-0.9000
-0.9000
-0.9000
-0.9000
-0.9000
-0.9000
-0.9000
-0.9000
-0.9000
-0.9000
-0.9000
-0.9000
-0.9000
-0.9000
-0.9000
-0.9000
-0.9000
-0.9000
-0.9000
-0.9000
-0.9000
-0.9000
-0.9000
-0.9000
-0.9000
-0.9000
-0.9000
-0.9000
-0.9000
-0.9000
-0.9000
-0.9000
-0.9000
-0.9000
-0.9000
-0.9000
-0.9000
-0.9000
-0.9000
-0.9000
-0.9000
-0.9000
-0.9000
-0.9000
-0.9000
-0.9000
-0.9000
-0.9000
-0.9000
-0.9000
-0.9000
-0.9000
-0.9000
-0.9000
-0.9000
-0.9000
-0.9000
-0.9000
-0.9000
-0.9000
-0.9000
-0.9000
-0.9000
-0.9000
-0.9000
-0.9000
-0.9000
-0.9000
-0.9000
-0.9000
-0.9000
-0.9000
-0.9000
-0.9000
-0.9000
-0.9000
-0.9000
-0.9000
-0.9000
-0.9000
-0.9000
-0.9000
-0.9000
-0.9000
-0.9000
-0.9000
-0.9000
-0.9000
-0.9000
-0.9000
-0.9000
-0.9000
-0.9000
-0.9000
-0.9000
-0.9000
-0.9000
-0.9000
-0.9000
-0.9000
-0.9000
-0.9000
-0.9000
-0.9000
-0.9000
-0.9000
-0.9000
-0.9000
-0.9000
-0.9000
-0.9000
-0.9000
-0.9000
-0.9000
-0.9000
-0.9000
-0.9000
-0.9000
-0.9000
-0.9000
-0.9000
-0.9000
-0.9000
-0.9000
-0.9000
-0.9000
-0.9000
-0.9000
-0.9000
-0.9000
-0.9000
-0.9000
-0.9000
-0.9000
-0.9000
-0.9000
-0.9000
-0.9000
-0.9000
-0.9000
-0.9000
-0.9000
-0.9000
-0.9000
-0.9000
-0.9000
-0.9000
-0.9000
-0.9000
-0.9000
-0.9000
-0.9000
-0.9000
-0.9000
-0.9000
-0.9000
-0.9000
-0.9000
-0.9000
-0.9000
-0.9000
-0.9000
-0.9000
-0.9000
-0.9000
-0.9000
-0.9000
-0.9000
-0.9000
-0.9000
-0.9000
-0.9000
-0.9000
-0.9000
-0.9000
-0.9000
-0.9000
-0.9000
-0.9000
-0.9000
-0.9000
-0.9000
-0.9000
-0.9000
-0.9000
-0.9000
-0.9000
-0.9000
-0.9000
-0.9000
-0.9000
-0.9000
-0.9000
-0.9000
-0.9000
-0.9000
-0.9000
-0.9000
-0.9000
-0.9000
-0.9000
-0.9000
-0.9000
-0.9000
-0.9000
-0.9000
-0.9000
-0.9000
-0.9000
-0.9000
-0.9000
-0.9000
-0.9000
-0.9000
-0.9000
-0.9000
-0.9000
-0.9000
-0.9000
-0.9000
-0.9000
-0.9000
-0.9000
-0.9000
-0.9000
-0.9000
-0.9000
-0.9000
-0.9000
-0.9000
-0.9000
-0.9000
-0.9000
-0.9000
-0.9000
-0.9000
-0.9000
-0.9000
-0.9000
-0.9000
-0.9000
-0.9000
-0.9000
-0.9000
-0.9000
-0.9000
-0.9000
-0.9000
-0.9000
-0.9000
-0.9000
-0.9000
-0.9000
-0.9000
-0.9000
-0.9000
-0.9000
-0.9000
-0.9000
-0.9000
-0.9000
-0.9000
-0.9000
-0.9000
-0.9000
-0.9000
-0.9000
-0.9000
-0.9000
-0.9000
-0.9000
-0.9000
-0.9000
-0.9000
-0.9000
