0.6000
0.6000
0.5999
0.5997
0.5995
0.5992
0.5989
0.5985
0.5980
0.5975
0.5969
0.5962
0.5955
0.5947
0.5938
0.5929
0.5918
0.5907
0.5896
0.5883
0.5870
0.5856
0.5842
0.5826
0.5810
0.5793
0.5776
0.5757
0.5738
0.5718
0.5697
0.5675
0.5652
0.5629
0.5604
0.5579
0.5553
0.5526
0.5498
0.5469
0.5440
0.5409
0.5378
0.5345
0.5312
0.5278
0.5243
0.5207
0.5169
0.5131
0.5092
0.5052
0.5011
0.4969
0.4926
0.4882
0.4837
0.4791
0.4744
0.4696
0.4646
0.4596
0.4545
0.4492
0.4439
0.4384
0.4328
0.4271
0.4213
0.4154
0.4094
0.4033
0.3970
0.3907
0.3842
0.3776
0.3708
0.3640
0.3571
0.3500
0.3428
0.3355
0.3280
0.3205
0.3128
0.3050
0.2970
0.2890
0.2808
0.2724
0.2640
0.2554
0.2467
0.2379
0.2289
0.2198
0.2106
0.2012
0.1917
0.1820
0.1723
0.1623
0.1523
0.1421
0.1318
0.1213
0.1107
0.0999
0.0891
0.0780
0.0668
0.0555
0.0440
0.0324
0.0207
0.0088
-0.0033
-0.0155
-0.0279
-0.0404
-0.0530
-0.0659
-0.0788
-0.0919
-0.1052
-0.1186
-0.1322
-0.1459
-0.1598
-0.1739
-0.1881
-0.2025
-0.2170
-0.2317
-0.2465
-0.2616
-0.2767
-0.2921
-0.3076
-0.3232
-0.3391
-0.3551
-0.3712
-0.3876
-0.4041
-0.4208
-0.4376
-0.4546
-0.4718
-0.4891
-0.5067
-0.5244
-0.5422
-0.5603
-0.5785
-0.5969
-0.6155
-0.6342
-0.6532
-0.6723
-0.6915
-0.7110
-0.7307
-0.7505
-0.7705
-0.7907
-0.8110
-0.8316
-0.8523
-0.8732
-0.8944
-0.9000
-0.8819
-0.8639
-0.8462
-0.8286
-0.8112
-0.7940
-0.7770
-0.7602
-0.7436
-0.7272
-0.7109
-0.6949
-0.6791
-0.6634
-0.6480
-0.6327
-0.6177
-0.6029
-0.5882
-0.5738
-0.5596
-0.5455
-0.5317
-0.5181
-0.5047
-0.4915
-0.4785
-0.4657
-0.4532
-0.4408
-0.4287
-0.4167
-0.4050
-0.3935
-0.3822
-0.3712
-0.3604
-0.3498
-0.3394
-0.3292
-0.3193
-0.3096
-0.3001
-0.2909
-0.2819
-0.2732
-0.2647
-0.2564
-0.2484
-0.2406
-0.2331
-0.2258
-0.2187
-0.2119
-0.2053
-0.1990
-0.1930
-0.1871
-0.1816
-0.1762
-0.1711
-0.1663
-0.1617
-0.1573
-0.1532
-0.1493
-0.1457
-0.1423
-0.1392
-0.1363
-0.1337
-0.1313
-0.1291
-0.1272
-0.1256
-0.1241
-0.1230
-0.1220
-0.1214
-0.1209
-0.1207
-0.1208
-0.1211
-0.1216
-0.1224
-0.1235
-0.1247
-0.1263
-0.1280
-0.1300
-0.1323
-0.1348
-0.1376
-0.1406
-0.1438
-0.1473
-0.1510
-0.1550
-0.1592
-0.1637
-0.1684
-0.1733
-0.1785
-0.1840
-0.1897
-0.1956
-0.2018
-0.2082
-0.2149
-0.2218
-0.2289
-0.2363
-0.2440
-0.2519
-0.2600
-0.2684
-0.2770
-0.2859
-0.2950
-0.3043
-0.3139
-0.3238
-0.3339
-0.3442
-0.3548
-0.3656
-0.3767
-0.3880
-0.3995
-0.4113
-0.4233
-0.4356
-0.4481
-0.4609
-0.4739
-0.4872
-0.5007
-0.5144
-0.5284
-0.5426
-0.5570
-0.5717
-0.5867
-0.6019
-0.6173
-0.6330
-0.6489
-0.6650
-0.6814
-0.6981
-0.7149
-0.7320
-0.7494
-0.7670
-0.7848
-0.8029
-0.8212
-0.8397
-0.8585
-0.8776
-0.8968
-0.9000
-0.8834
-0.8671
-0.8511
-0.8352
-0.8196
-0.8043
-0.7892
-0.7743
-0.7596
-0.7452
-0.7311
-0.7171
-0.7035
-0.6900
-0.6768
-0.6639
-0.6511
-0.6386
-0.6264
-0.6144
-0.6026
-0.5911
-0.5798
-0.5688
-0.5580
-0.5474
-0.5371
-0.5270
-0.5172
-0.5076
-0.4983
-0.4892
-0.4803
-0.4717
-0.4633
-0.4551
-0.4472
-0.4396
-0.4321
-0.4250
-0.4180
-0.4113
-0.4049
-0.3987
-0.3927
-0.3870
-0.3815
-0.3762
-0.3712
-0.3665
-0.3619
-0.3577
-0.3536
-0.3498
-0.3463
-0.3430
-0.3399
-0.3371
-0.3345
-0.3322
-0.3301
-0.3282
-0.3266
-0.3252
-0.3241
-0.3232
-0.3225
-0.3221
-0.3220
-0.3220
-0.3224
-0.3229
-0.3237
-0.3248
-0.3261
-0.3276
-0.3294
-0.3314
-0.3336
-0.3361
-0.3389
-0.3418
-0.3451
-0.3485
-0.3522
-0.3562
-0.3604
-0.3648
-0.3694
-0.3744
-0.3795
-0.3849
-0.3905
-0.3964
-0.4025
-0.4089
-0.4155
-0.4223
-0.4294
-0.4367
-0.4442
-0.4520
-0.4601
-0.4684
-0.4769
-0.4856
-0.4946
-0.5039
-0.5133
-0.5231
-0.5330
-0.5432
-0.5537
-0.5643
-0.5752
-0.5864
-0.5978
-0.6094
-0.6213
-0.6334
-0.6457
-0.6583
-0.6711
-0.6842
-0.6975
-0.7110
-0.7248
-0.7388
-0.7531
-0.7676
-0.7823
-0.7972
-0.8124
-0.8279
-0.8435
-0.8594
-0.8756
-0.8919
-0.9000
-0.8859
-0.8721
-0.8585
-0.8451
-0.8320
-0.8191
-0.8065
-0.7941
-0.7819
-0.7700
-0.7582
-0.7468
-0.7355
-0.7245
-0.7138
-0.7033
-0.6930
-0.6829
-0.6731
-0.6635
-0.6542
-0.6451
-0.6363
-0.6276
-0.6192
-0.6111
-0.6032
-0.5955
-0.5881
-0.5809
-0.5739
-0.5672
-0.5607
-0.5545
-0.5485
-0.5427
-0.5372
-0.5319
-0.5268
-0.5220
-0.5174
-0.5131
-0.5090
-0.5051
-0.5015
-0.4981
-0.4949
-0.4920
-0.4893
-0.4868
-0.4845
-0.4825
-0.4808
-0.4792
-0.4779
-0.4768
-0.4760
-0.4753
-0.4749
-0.4747
-0.4748
-0.4751
-0.4756
-0.4763
-0.4772
-0.4784
-0.4798
-0.4814
-0.4832
-0.4853
-0.4875
-0.4900
-0.4927
-0.4957
-0.4988
-0.5022
-0.5058
-0.5096
-0.5136
-0.5178
-0.5222
-0.5269
-0.5317
-0.5368
-0.5421
-0.5476
-0.5533
-0.5592
-0.5653
-0.5717
-0.5782
-0.5850
-0.5919
-0.5991
-0.6064
-0.6140
-0.6218
-0.6297
-0.6379
-0.6463
-0.6549
-0.6636
-0.6726
-0.6818
-0.6912
-0.7008
-0.7105
-0.7205
-0.7307
-0.7410
-0.7516
-0.7623
-0.7732
-0.7844
-0.7957
-0.8072
-0.8189
-0.8308
-0.8429
-0.8552
-0.8676
-0.8803
-0.8931
-0.9000
-0.8890
-0.8781
-0.8675
-0.8570
-0.8467
-0.8366
-0.8267
-0.8170
-0.8074
-0.7980
-0.7888
-0.7798
-0.7709
-0.7623
-0.7538
-0.7455
-0.7374
-0.7294
-0.7216
-0.7140
-0.7066
-0.6993
-0.6922
-0.6853
-0.6786
-0.6720
-0.6656
-0.6594
-0.6534
-0.6475
-0.6418
-0.6362
-0.6308
-0.6256
-0.6206
-0.6157
-0.6110
-0.6065
-0.6021
-0.5979
-0.5938
-0.5899
-0.5862
-0.5827
-0.5792
-0.5760
-0.5729
-0.5700
-0.5672
-0.5646
-0.5622
-0.5599
-0.5578
-0.5558
-0.5540
-0.5523
-0.5508
-0.5495
-0.5483
-0.5472
-0.5463
-0.5456
-0.5450
-0.5445
-0.5442
-0.5440
-0.5440
-0.5441
-0.5444
-0.5448
-0.5454
-0.5461
-0.5469
-0.5479
-0.5490
-0.5503
-0.5517
-0.5532
-0.5549
-0.5566
-0.5586
-0.5606
-0.5628
-0.5652
-0.5676
-0.5702
-0.5729
-0.5757
-0.5787
-0.5818
-0.5850
-0.5884
-0.5918
-0.5954
-0.5991
-0.6029
-0.6069
-0.6109
-0.6151
-0.6194
-0.6238
-0.6283
-0.6330
-0.6377
-0.6426
-0.6476
-0.6527
-0.6579
-0.6632
-0.6686
-0.6741
-0.6797
-0.6855
-0.6913
-0.6972
-0.7033
-0.7094
-0.7157
-0.7220
-0.7285
-0.7350
-0.7416
-0.7484
-0.7552
-0.7621
-0.7692
-0.7763
-0.7835
-0.7908
-0.7982
-0.8056
-0.8132
-0.8208
-0.8286
-0.8364
-0.8443
-0.8523
-0.8604
-0.8685
-0.8768
-0.8851
-0.8935
-0.9000
-0.8928
-0.8856
-0.8786
-0.8716
-0.8647
-0.8578
-0.8511
-0.8444
-0.8377
-0.8312
-0.8247
-0.8183
-0.8119
-0.8057
-0.7994
-0.7933
-0.7872
-0.7812
-0.7753
-0.7694
-0.7636
-0.7579
-0.7522
-0.7466
-0.7411
-0.7357
-0.7303
-0.7250
-0.7197
-0.7146
-0.7094
-0.7044
-0.6994
-0.6945
-0.6897
-0.6849
-0.6802
-0.6756
-0.6711
-0.6666
-0.6622
-0.6578
-0.6535
-0.6493
-0.6452
-0.6411
-0.6371
-0.6332
-0.6293
-0.6255
-0.6218
-0.6181
-0.6145
-0.6110
-0.6076
-0.6042
-0.6009
-0.5976
-0.5945
-0.5914
-0.5883
-0.5854
-0.5825
-0.5797
-0.5769
-0.5742
-0.5716
-0.5691
-0.5666
-0.5642
-0.5618
-0.5596
-0.5574
-0.5552
-0.5532
-0.5512
-0.5492
-0.5474
-0.5456
-0.5439
-0.5422
-0.5407
-0.5392
-0.5377
-0.5364
-0.5351
-0.5338
-0.5327
-0.5316
-0.5306
-0.5296
-0.5287
-0.5279
-0.5272
-0.5265
-0.5259
-0.5254
-0.5249
-0.5245
-0.5242
-0.5239
-0.5237
-0.5236
-0.5236
-0.5236
-0.5237
-0.5238
-0.5241
-0.5244
-0.5247
-0.5252
-0.5257
-0.5263
-0.5269
-0.5276
-0.5284
-0.5293
-0.5302
-0.5312
-0.5322
-0.5334
-0.5346
-0.5358
-0.5372
-0.5386
-0.5401
-0.5416
-0.5432
-0.5449
-0.5467
-0.5485
-0.5504
-0.5524
-0.5544
-0.5565
-0.5587
-0.5609
-0.5632
-0.5656
-0.5680
-0.5706
-0.5732
-0.5758
-0.5785
-0.5813
-0.5842
-0.5871
-0.5901
-0.5932
-0.5964
-0.5996
-0.6028
-0.6062
-0.6096
-0.6131
-0.6167
-0.6203
-0.6240
-0.6277
-0.6316
-0.6355
-0.6395
-0.6435
-0.6476
-0.6518
-0.6560
-0.6604
-0.6647
-0.6692
-0.6737
-0.6783
-0.6830
-0.6877
-0.6925
-0.6974
-0.7023
-0.7073
-0.7124
-0.7175
-0.7228
-0.7280
-0.7334
-0.7388
-0.7443
-0.7499
-0.7555
-0.7612
-0.7669
-0.7728
-0.7787
-0.7847
-0.7907
-0.7968
-0.8030
-0.8092
-0.8155
-0.8219
-0.8284
-0.8349
-0.8415
-0.8481
-0.8549
-0.8616
-0.8685
-0.8754
-0.8824
-0.8895
-0.8966
-0.9000
-0.8939
-0.8878
-0.8818
-0.8759
-0.8700
-0.8642
-0.8585
-0.8529
-0.8473
-0.8418
-0.8363
-0.8309
-0.8256
-0.8204
-0.8152
-0.8101
-0.8051
-0.8001
-0.7952
-0.7904
-0.7856
-0.7809
-0.7763
-0.7717
-0.7673
-0.7628
-0.7585
-0.7542
-0.7500
-0.7458
-0.7418
-0.7378
-0.7338
-0.7300
-0.7262
-0.7224
-0.7188
-0.7152
-0.7116
-0.7082
-0.7048
-0.7015
-0.6982
-0.6951
-0.6919
-0.6889
-0.6859
-0.6830
-0.6802
-0.6774
-0.6747
-0.6721
-0.6695
-0.6670
-0.6646
-0.6623
-0.6600
-0.6578
-0.6556
-0.6535
-0.6515
-0.6496
-0.6477
-0.6459
-0.6442
-0.6425
-0.6409
-0.6394
-0.6379
-0.6366
-0.6352
-0.6340
-0.6328
-0.6317
-0.6306
-0.6297
-0.6288
-0.6279
-0.6272
-0.6265
-0.6258
-0.6253
-0.6248
-0.6244
-0.6240
-0.6237
-0.6235
-0.6234
-0.6233
-0.6233
-0.6233
-0.6235
-0.6237
-0.6239
-0.6243
-0.6247
-0.6252
-0.6257
-0.6263
-0.6270
-0.6278
-0.6286
-0.6295
-0.6304
-0.6315
-0.6326
-0.6337
-0.6350
-0.6363
-0.6376
-0.6391
-0.6406
-0.6422
-0.6438
-0.6455
-0.6473
-0.6492
-0.6511
-0.6531
-0.6551
-0.6573
-0.6595
-0.6617
-0.6641
-0.6665
-0.6690
-0.6715
-0.6741
-0.6768
-0.6796
-0.6824
-0.6853
-0.6882
-0.6912
-0.6943
-0.6975
-0.7007
-0.7040
-0.7074
-0.7108
-0.7144
-0.7179
-0.7216
-0.7253
-0.7291
-0.7329
-0.7368
-0.7408
-0.7449
-0.7490
-0.7532
-0.7575
-0.7618
-0.7662
-0.7707
-0.7752
-0.7798
-0.7845
-0.7892
-0.7940
-0.7989
-0.8039
-0.8089
-0.8140
-0.8191
-0.8243
-0.8296
-0.8350
-0.8404
-0.8459
-0.8515
-0.8571
-0.8628
-0.8686
-0.8744
-0.8803
-0.8863
-0.8923
-0.8985
-0.9000
-0.8948
-0.8896
-0.8845
-0.8794
-0.8744
-0.8695
-0.8647
-0.8599
-0.8552
-0.8506
-0.8460
-0.8415
-0.8371
-0.8327
-0.8284
-0.8242
-0.8200
-0.8159
-0.8119
-0.8080
-0.8041
-0.8003
-0.7965
-0.7929
-0.7892
-0.7857
-0.7822
-0.7788
-0.7755
-0.7722
-0.7690
-0.7659
-0.7628
-0.7598
-0.7569
-0.7541
-0.7513
-0.7485
-0.7459
-0.7433
-0.7408
-0.7384
-0.7360
-0.7337
-0.7314
-0.7293
-0.7272
-0.7251
-0.7232
-0.7213
-0.7194
-0.7177
-0.7160
-0.7144
-0.7128
-0.7113
-0.7099
-0.7086
-0.7073
-0.7061
-0.7049
-0.7039
-0.7029
-0.7019
-0.7011
-0.7003
-0.6995
-0.6989
-0.6983
-0.6978
-0.6973
-0.6969
-0.6966
-0.6964
-0.6962
-0.6961
-0.6960
-0.6961
-0.6961
-0.6963
-0.6965
-0.6968
-0.6972
-0.6977
-0.6982
-0.6987
-0.6994
-0.7001
-0.7009
-0.7017
-0.7027
-0.7036
-0.7047
-0.7058
-0.7070
-0.7083
-0.7096
-0.7110
-0.7125
-0.7140
-0.7156
-0.7173
-0.7190
-0.7209
-0.7227
-0.7247
-0.7267
-0.7288
-0.7309
-0.7332
-0.7355
-0.7378
-0.7402
-0.7427
-0.7453
-0.7479
-0.7506
-0.7534
-0.7563
-0.7592
-0.7621
-0.7652
-0.7683
-0.7715
-0.7747
-0.7781
-0.7814
-0.7849
-0.7884
-0.7920
-0.7957
-0.7994
-0.8032
-0.8071
-0.8110
-0.8150
-0.8191
-0.8232
-0.8274
-0.8317
-0.8360
-0.8405
-0.8449
-0.8495
-0.8541
-0.8588
-0.8635
-0.8684
-0.8733
-0.8782
-0.8832
-0.8883
-0.8935
-0.8987
-0.9000
-0.8955
-0.8911
-0.8867
-0.8824
-0.8782
-0.8741
-0.8700
-0.8660
-0.8620
-0.8581
-0.8543
-0.8506
-0.8469
-0.8433
-0.8398
-0.8363
-0.8329
-0.8295
-0.8263
-0.8231
-0.8200
-0.8169
-0.8139
-0.8110
-0.8081
-0.8053
-0.8026
-0.8000
-0.7974
-0.7949
-0.7924
-0.7900
-0.7877
-0.7855
-0.7833
-0.7812
-0.7792
-0.7772
-0.7753
-0.7735
-0.7717
-0.7700
-0.7684
-0.7668
-0.7653
-0.7639
-0.7625
-0.7613
-0.7600
-0.7589
-0.7578
-0.7568
-0.7559
-0.7550
-0.7542
-0.7534
-0.7528
-0.7522
-0.7516
-0.7512
-0.7508
-0.7504
-0.7502
-0.7500
-0.7499
-0.7498
-0.7498
-0.7499
-0.7501
-0.7503
-0.7506
-0.7509
-0.7514
-0.7519
-0.7524
-0.7530
-0.7537
-0.7545
-0.7553
-0.7563
-0.7572
-0.7583
-0.7594
-0.7606
-0.7618
-0.7631
-0.7645
-0.7659
-0.7675
-0.7691
-0.7707
-0.7724
-0.7742
-0.7761
-0.7780
-0.7800
-0.7821
-0.7842
-0.7864
-0.7887
-0.7910
-0.7934
-0.7959
-0.7984
-0.8011
-0.8037
-0.8065
-0.8093
-0.8122
-0.8151
-0.8182
-0.8213
-0.8244
-0.8276
-0.8309
-0.8343
-0.8377
-0.8412
-0.8448
-0.8484
-0.8521
-0.8559
-0.8597
-0.8636
-0.8676
-0.8717
-0.8758
-0.8799
-0.8842
-0.8885
-0.8929
-0.8973
-0.9000
-0.8962
-0.8924
-0.8887
-0.8851
-0.8816
-0.8781
-0.8747
-0.8713
-0.8680
-0.8648
-0.8617
-0.8586
-0.8556
-0.8527
-0.8498
-0.8470
-0.8443
-0.8416
-0.8390
-0.8365
-0.8340
-0.8316
-0.8293
-0.8270
-0.8248
-0.8227
-0.8207
-0.8187
-0.8168
-0.8149
-0.8131
-0.8114
-0.8098
-0.8082
-0.8067
-0.8052
-0.8039
-0.8026
-0.8013
-0.8002
-0.7991
-0.7980
-0.7971
-0.7962
-0.7953
-0.7946
-0.7939
-0.7933
-0.7927
-0.7922
-0.7918
-0.7915
-0.7912
-0.7910
-0.7908
-0.7908
-0.7907
-0.7908
-0.7909
-0.7911
-0.7914
-0.7917
-0.7921
-0.7926
-0.7931
-0.7937
-0.7944
-0.7951
-0.7960
-0.7968
-0.7978
-0.7988
-0.7999
-0.8010
-0.8022
-0.8035
-0.8049
-0.8063
-0.8078
-0.8094
-0.8110
-0.8127
-0.8144
-0.8163
-0.8182
-0.8201
-0.8222
-0.8243
-0.8265
-0.8287
-0.8310
-0.8334
-0.8358
-0.8383
-0.8409
-0.8436
-0.8463
-0.8491
-0.8519
-0.8548
-0.8578
-0.8609
-0.8640
-0.8672
-0.8705
-0.8738
-0.8772
-0.8806
-0.8842
-0.8878
-0.8914
-0.8952
-0.8990
-0.9000
-0.8967
-0.8935
-0.8904
-0.8873
-0.8844
-0.8814
-0.8786
-0.8758
-0.8731
-0.8704
-0.8678
-0.8653
-0.8628
-0.8605
-0.8581
-0.8559
-0.8537
-0.8516
-0.8496
-0.8476
-0.8457
-0.8438
-0.8421
-0.8404
-0.8387
-0.8372
-0.8357
-0.8342
-0.8329
-0.8316
-0.8303
-0.8292
-0.8281
-0.8271
-0.8261
-0.8252
-0.8244
-0.8236
-0.8230
-0.8223
-0.8218
-0.8213
-0.8209
-0.8206
-0.8203
-0.8201
-0.8199
-0.8199
-0.8199
-0.8199
-0.8201
-0.8203
-0.8205
-0.8209
-0.8213
-0.8217
-0.8223
-0.8229
-0.8236
-0.8243
-0.8251
-0.8260
-0.8269
-0.8280
-0.8290
-0.8302
-0.8314
-0.8327
-0.8341
-0.8355
-0.8370
-0.8385
-0.8402
-0.8419
-0.8436
-0.8455
-0.8474
-0.8493
-0.8514
-0.8535
-0.8556
-0.8579
-0.8602
-0.8626
-0.8650
-0.8675
-0.8701
-0.8727
-0.8754
-0.8782
-0.8811
-0.8840
-0.8870
-0.8900
-0.8932
-0.8963
-0.8996
-0.9000
-0.8972
-0.8945
-0.8918
-0.8892
-0.8867
-0.8842
-0.8819
-0.8795
-0.8773
-0.8751
-0.8730
-0.8709
-0.8689
-0.8670
-0.8652
-0.8634
-0.8617
-0.8601
-0.8585
-0.8570
-0.8555
-0.8542
-0.8529
-0.8516
-0.8504
-0.8493
-0.8483
-0.8474
-0.8465
-0.8456
-0.8449
-0.8442
-0.8435
-0.8430
-0.8425
-0.8421
-0.8417
-0.8414
-0.8412
-0.8411
-0.8410
-0.8410
-0.8410
-0.8411
-0.8413
-0.8416
-0.8419
-0.8423
-0.8428
-0.8433
-0.8439
-0.8446
-0.8453
-0.8461
-0.8470
-0.8479
-0.8489
-0.8500
-0.8511
-0.8523
-0.8536
-0.8549
-0.8563
-0.8578
-0.8594
-0.8610
-0.8627
-0.8644
-0.8662
-0.8681
-0.8701
-0.8721
-0.8742
-0.8763
-0.8786
-0.8809
-0.8832
-0.8856
-0.8881
-0.8907
-0.8933
-0.8960
-0.8988
-0.9000
-0.8976
-0.8953
-0.8931
-0.8909
-0.8888
-0.8868
-0.8848
-0.8829
-0.8811
-0.8793
-0.8776
-0.8760
-0.8744
-0.8729
-0.8715
-0.8701
-0.8689
-0.8676
-0.8665
-0.8654
-0.8644
-0.8634
-0.8625
-0.8617
-0.8610
-0.8603
-0.8597
-0.8591
-0.8587
-0.8582
-0.8579
-0.8576
-0.8574
-0.8573
-0.8572
-0.8572
-0.8573
-0.8574
-0.8576
-0.8579
-0.8582
-0.8586
-0.8591
-0.8596
-0.8602
-0.8609
-0.8617
-0.8625
-0.8633
-0.8643
-0.8653
-0.8664
-0.8675
-0.8687
-0.8700
-0.8714
-0.8728
-0.8743
-0.8758
-0.8775
-0.8792
-0.8809
-0.8827
-0.8846
-0.8866
-0.8886
-0.8907
-0.8929
-0.8951
-0.8974
-0.8998
-0.9000
-0.8980
-0.8960
-0.8941
-0.8923
-0.8905
-0.8888
-0.8872
-0.8856
-0.8842
-0.8827
-0.8814
-0.8801
-0.8789
-0.8777
-0.8766
-0.8756
-0.8747
-0.8738
-0.8730
-0.8722
-0.8716
-0.8710
-0.8704
-0.8699
-0.8695
-0.8692
-0.8689
-0.8687
-0.8686
-0.8685
-0.8685
-0.8686
-0.8687
-0.8689
-0.8692
-0.8695
-0.8699
-0.8704
-0.8709
-0.8715
-0.8722
-0.8730
-0.8738
-0.8746
-0.8756
-0.8766
-0.8777
-0.8788
-0.8801
-0.8813
-0.8827
-0.8841
-0.8856
-0.8872
-0.8888
-0.8905
-0.8922
-0.8940
-0.8959
-0.8979
-0.8999
-0.9000
-0.8983
-0.8966
-0.8950
-0.8934
-0.8920
-0.8906
-0.8892
-0.8880
-0.8868
-0.8857
-0.8846
-0.8836
-0.8827
-0.8818
-0.8810
-0.8803
-0.8796
-0.8790
-0.8785
-0.8781
-0.8777
-0.8774
-0.8771
-0.8769
-0.8768
-0.8767
-0.8768
-0.8769
-0.8770
-0.8772
-0.8775
-0.8779
-0.8783
-0.8788
-0.8793
-0.8800
-0.8807
-0.8814
-0.8823
-0.8832
-0.8841
-0.8851
-0.8862
-0.8874
-0.8886
-0.8899
-0.8913
-0.8928
-0.8943
-0.8958
-0.8975
-0.8992
-0.9000
-0.8985
-0.8971
-0.8958
-0.8946
-0.8934
-0.8922
-0.8912
-0.8902
-0.8893
-0.8884
-0.8876
-0.8869
-0.8862
-0.8857
-0.8851
-0.8847
-0.8843
-0.8840
-0.8837
-0.8836
-0.8834
-0.8834
-0.8834
-0.8835
-0.8837
-0.8839
-0.8842
-0.8845
-0.8850
-0.8855
-0.8860
-0.8867
-0.8874
-0.8881
-0.8890
-0.8899
-0.8908
-0.8919
-0.8930
-0.8941
-0.8954
-0.8967
-0.8980
-0.8995
-0.9000
-0.8988
-0.8976
-0.8965
-0.8955
-0.8945
-0.8936
-0.8928
-0.8920
-0.8913
-0.8907
-0.8901
-0.8897
-0.8892
-0.8889
-0.8886
-0.8884
-0.8882
-0.8881
-0.8881
-0.8882
-0.8883
-0.8885
-0.8887
-0.8890
-0.8894
-0.8899
-0.8904
-0.8910
-0.8916
-0.8923
-0.8931
-0.8940
-0.8949
-0.8959
-0.8970
-0.8981
-0.8993
-0.9000
-0.8990
-0.8980
-0.8971
-0.8963
-0.8956
-0.8949
-0.8943
-0.8937
-0.8932
-0.8928
-0.8925
-0.8922
-0.8920
-0.8918
-0.8917
-0.8917
-0.8918
-0.8919
-0.8921
-0.8923
-0.8927
-0.8931
-0.8935
-0.8941
-0.8946
-0.8953
-0.8960
-0.8968
-0.8977
-0.8986
-0.8996
-0.9000
-0.8991
-0.8984
-0.8976
-0.8970
-0.8964
-0.8959
-0.8954
-0.8950
-0.8947
-0.8945
-0.8943
-0.8942
-0.8941
-0.8942
-0.8943
-0.8944
-0.8946
-0.8949
-0.8953
-0.8957
-0.8962
-0.8968
-0.8974
-0.8981
-0.8988
-0.8997
-0.9000
-0.8993
-0.8986
-0.8981
-0.8976
-0.8971
-0.8968
-0.8965
-0.8962
-0.8960
-0.8959
-0.8959
-0.8959
-0.8960
-0.8962
-0.8964
-0.8967
-0.8971
-0.8975
-0.8980
-0.8986
-0.8993
-0.9000
-0.9000
-0.8994
-0.8989
-0.8984
-0.8980
-0.8977
-0.8974
-0.8972
-0.8971
-0.8970
-0.8970
-0.8971
-0.8972
-0.8974
-0.8977
-0.8980
-0.8984
-0.8989
-0.8995
-0.9000
-0.8995
-0.8991
-0.8988
-0.8986
-0.8984
-0.8982
-0.8982
-0.8982
-0.8983
-0.8984
-0.8986
-0.8989
-0.8992
-0.8997
-0.9000
-0.8996
-0.8994
-0.8991
-0.8990
-0.8989
-0.8989
-0.8990
-0.8991
-0.8993
-0.8995
-0.8998
-0.9000
-0.8997
-0.8995
-0.8994
-0.8993
-0.8993
-0.8994
-0.8995
-0.8997
-0.9000
-0.9000
-0.8998
-0.8996
-0.8995
-0.8995
-0.8996
-0.8997
-0.8998
-0.9000
-0.8998
-0.8998
-0.8998
-0.8998
-0.8999
-0.9000
-0.8999
-0.8999
-0.8999
-0.9000
-0.9000
-0.9000
-0.9000
-0.9000
-0.9000
-0.9000
-0.9000
-0.9000
-0.9000
-0.9000
-0.9000
-0.9000
-0.9000
-0.9000
-0.9000
-0.9000
-0.9000
-0.9000
-0.9000
-0.9000
-0.9000
-0.9000
-0.9000
-0.9000
-0.9000
-0.9000
-0.9000
-0.9000
-0.9000
-0.9000
-0.9000
-0.9000
-0.9000
-0.9000
-0.9000
-0.9000
-0.9000
-0.9000
-0.9000
-0.9000
-0.9000
-0.9000
-0.9000
-0.9000
-0.9000
-0.9000
-0.9000
-0.9000
-0.9000
-0.9000
-0.9000
-0.9000
-0.9000
-0.9000
-0.9000
-0.9000
-0.9000
-0.9000
-0.9000
-0.9000
-0.9000
-0.9000
-0.9000
-0.9000
-0.9000
-0.9000
-0.9000
-0.9000
-0.9000
-0.9000
-0.9000
-0.9000
-0.9000
-0.9000
-0.9000
-0.9000
-0.9000
-0.9000
-0.9000
-0.9000
-0.9000
-0.9000
-0.9000
-0.9000
-0.9000
-0.9000
-0.9000
-0.9000
-0.9000
-0.9000
-0.9000
-0.9000
-0.9000
-0.9000
-0.9000
-0.9000
-0.9000
-0.9000
-0.9000
-0.9000
-0.9000
-0.9000
-0.9000
-0.9000
-0.9000
-0.9000
-0.9000
-0.9000
-0.9000
-0.9000
-0.9000
-0.9000
-0.9000
-0.9000
-0.9000
-0.9000
-0.9000
-0.9000
-0.9000
-0.9000
-0.9000
-0.9000
-0.9000
-0.9000
-0.9000
-0.9000
-0.9000
-0.9000
-0.9000
-0.9000
-0.9000
-0.9000
-0.9000
-0.9000
-0.9000
-0.9000
-0.9000
-0.9000
-0.9000
-0.9000
-0.9000
-0.9000
-0.9000
-0.9000
-0.9000
-0.9000
-0.9000
-0.9000
-0.9000
-0.9000
-0.9000
-0.9000
-0.9000
-0.9000
-0.9000
-0.9000
-0.9000
-0.9000
-0.9000
-0.9000
-0.9000
-0.9000
-0.9000
-0.9000
-0.9000
-0.9000
-0.9000
-0.9000
-0.9000
-0.9000
-0.9000
-0.9000
-0.9000
-0.9000
-0.9000
-0.9000
-0.9000
-0.9000
-0.9000
-0.9000
-0.9000
-0.9000
-0.9000
-0.9000
-0.9000
-0.9000
-0.9000
-0.9000
-0.9000
-0.9000
-0.9000
-0.9000
-0.9000
-0.9000
-0.9000
-0.9000
-0.9000
-0.9000
-0.9000
-0.9000
-0.9000
-0.9000
-0.9000
-0.9000
-0.9000
-0.9000
-0.9000
-0.9000
-0.9000
-0.9000
-0.9000
-0.9000
-0.9000
-0.9000
-0.9000
-0.9000
-0.9000
-0.9000
-0.9000
-0.9000
-0.9000
-0.9000
-0.9000
-0.9000
-0.9000
-0.9000
-0.9000
-0.9000
-0.9000
-0.9000
-0.9000
-0.9000
-0.9000
-0.9000
-0.9000
-0.9000
-0.9000
-0.9000
-0.9000
-0.9000
-0.9000
-0.9000
-0.9000
-0.9000
-0.9000
-0.9000
-0.9000
-0.9000
-0.9000
-0.9000
-0.9000
-0.9000
-0.9000
-0.9000
-0.9000
-0.9000
-0.9000
-0.9000
-0.9000
-0.9000
-0.9000
-0.9000
-0.9000
-0.9000
-0.9000
-0.9000
-0.9000
-0.9000
-0.9000
-0.9000
-0.9000
-0.9000
-0.9000
-0.9000
-0.9000
-0.9000
-0.9000
-0.9000
-0.9000
-0.9000
-0.9000
-0.9000
-0.9000
-0.9000
-0.9000
-0.9000
-0.9000
-0.9000
-0.9000
-0.9000
-0.9000
-0.9000
-0.9000
-0.9000
-0.9000
-0.9000
-0.9000
-0.9000
-0.9000
-0.9000
-0.9000
-0.9000
-0.9000
-0.9000
-0.9000
-0.9000
-0.9000
-0.9000
-0.9000
-0.9000
-0.9000
-0.9000
-0.9000
-0.9000
-0.9000
-0.9000
-0.9000
-0.9000
-0.9000
-0.9000
-0.9000
-0.9000
-0.9000
-0.9000
-0.9000
-0.9000
-0.9000
-0.9000
-0.9000
-0.9000
-0.9000
-0.9000
-0.9000
-0.9000
-0.9000
-0.9000
-0.9000
-0.9000
-0.9000
-0.9000
-0.9000
-0.9000
-0.9000
-0.9000
-0.9000
-0.9000
-0.9000
-0.9000
-0.9000
-0.9000
-0.9000
-0.9000
-0.9000
-0.9000
-0.9000
-0.9000
-0.9000
-0.9000
-0.9000
-0.9000
-0.9000
-0.9000
-0.9000
-0.9000
-0.9000
-0.9000
-0.9000
-0.9000
-0.9000
-0.9000
-0.9000
-0.9000
-0.9000
-0.9000
-0.9000
-0.9000
-0.9000
-0.9000
-0.9000
-0.9000
-0.9000
-0.9000
-0.9000
-0.9000
-0.9000
-0.9000
-0.9000
-0.9000
-0.9000
-0.9000
-0.9000
-0.9000
-0.9000
-0.9000
-0.9000
-0.9000
-0.9000
-0.9000
-0.9000
-0.9000
-0.9000
-0.9000
-0.9000
-0.9000
-0.9000
-0.9000
-0.9000
-0.9000
-0.9000
-0.9000
-0.9000
-0.9000
-0.9000
-0.9000
-0.9000
-0.9000
-0.9000
-0.9000
-0.9000
-0.9000
-0.9000
-0.9000
-0.9000
-0.9000
-0.9000
-0.9000
-0.9000
-0.9000
-0.9000
-0.9000
-0.9000
-0.9000
-0.9000
-0.9000
-0.9000
-0.9000
-0.9000
-0.9000
-0.9000
-0.9000
-0.9000
-0.9000
-0.9000
-0.9000
-0.9000
-0.9000
-0.9000
-0.9000
-0.9000
-0.9000
-0.9000
-0.9000
-0.9000
-0.9000
-0.9000
-0.9000
-0.9000
-0.9000
-0.9000
-0.9000
-0.9000
-0.9000
-0.9000
-0.9000
-0.9000
-0.9000
-0.9000
-0.9000
-0.9000
-0.9000
-0.9000
-0.9000
-0.9000
-0.9000
-0.9000
-0.9000
-0.9000
-0.9000
-0.9000
-0.9000
-0.9000
-0.9000
-0.9000
-0.9000
-0.9000
-0.9000
-0.9000
-0.9000
-0.9000
-0.9000
-0.9000
-0.9000
-0.9000
-0.9000
-0.9000
-0.9000
-0.9000
-0.9000
-0.9000
-0.9000
-0.9000
-0.9000
-0.9000
-0.9000
-0.9000
-0.9000
-0.9000
-0.9000
-0.9000
-0.9000
-0.9000
-0.9000
-0.9000
-0.9000
-0.9000
-0.9000
-0.9000
-0.9000
-0.9000
-0.9000
-0.9000
-0.9000
-0.9000
-0.9000
-0.9000
-0.9000
-0.9000
-0.9000
-0.9000
-0.9000
-0.9000
-0.9000
-0.9000
-0.9000
-0.9000
-0.9000
-0.9000
-0.9000
-0.9000
-0.9000
-0.9000
-0.9000
-0.9000
-0.9000
-0.9000
-0.9000
-0.9000
-0.9000
-0.9000
-0.9000
-0.9000
-0.9000
-0.9000
-0.9000
-0.9000
-0.9000
-0.9000
-0.9000
-0.9000
-0.9000
-0.9000
-0.9000
-0.9000
-0.9000
-0.9000
-0.9000
-0.9000
-0.9000
-0.9000
-0.9000
-0.9000
-0.9000
-0.9000
-0.9000
-0.9000
-0.9000
-0.9000
-0.9000
-0.9000
-0.9000
-0.9000
-0.9000
-0.9000
-0.9000
-0.9000
-0.9000
-0.9000
-0.9000
-0.9000
-0.9000
-0.9000
-0.9000
-0.9000
-0.9000
-0.9000
-0.9000
-0.9000
-0.9000
-0.9000
-0.9000
-0.9000
-0.9000
-0.9000
-0.9000
-0.9000
-0.9000
-0.9000
-0.9000
-0.9000
-0.9000
-0.9000
-0.9000
-0.9000
-0.9000
-0.9000
-0.9000
-0.9000
-0.9000
-0.9000
-0.9000
-0.9000
-0.9000
-0.9000
-0.9000
-0.9000
-0.9000
-0.9000
-0.9000
-0.9000
-0.9000
-0.9000
-0.9000
-0.9000
-0.9000
-0.9000
-0.9000
-0.9000
-0.9000
-0.9000
-0.9000
-0.9000
-0.9000
-0.9000
-0.9000
-0.9000
-0.9000
-0.9000
-0.9000
-0.9000
-0.9000
-0.9000
-0.9000
-0.9000
-0.9000
-0.9000
-0.9000
-0.9000
-0.9000
-0.9000
-0.9000
-0.9000
-0.9000
-0.9000
-0.9000
-0.9000
-0.9000
-0.9000
-0.9000
-0.9000
-0.9000
-0.9000
-0.9000
-0.9000
-0.9000
-0.9000
-0.9000
-0.9000
-0.9000
-0.9000
-0.9000
-0.9000
-0.9000
-0.9000
-0.9000
-0.9000
-0.9000
-0.9000
-0.9000
-0.9000
-0.9000
-0.9000
-0.9000
-0.9000
-0.9000
-0.9000
-0.9000
-0.9000
-0.9000
-0.9000
-0.9000
-0.9000
-0.9000
-0.9000
-0.9000
-0.9000
-0.9000
-0.9000
-0.9000
-0.9000
-0.9000
-0.9000
-0.9000
-0.9000
-0.9000
-0.9000
-0.9000
-0.9000
-0.9000
-0.9000
-0.9000
-0.9000
-0.9000
-0.9000
-0.9000
-0.9000
-0.9000
-0.9000
-0.9000
-0.9000
-0.9000
-0.9000
-0.9000
-0.9000
-0.9000
-0.9000
-0.9000
-0.9000
-0.9000
-0.9000
-0.9000
-0.9000
-0.9000
-0.9000
-0.9000
-0.9000
-0.9000
-0.9000
-0.9000
-0.9000
-0.9000
-0.9000
-0.9000
-0.9000
-0.9000
-0.9000
-0.9000
-0.9000
-0.9000
-0.9000
-0.9000
-0.9000
-0.9000
-0.9000
-0.9000
-0.9000
-0.9000
-0.9000
-0.9000
-0.9000
-0.9000
-0.9000
-0.9000
-0.9000
-0.9000
-0.9000
-0.9000
-0.9000
-0.9000
-0.9000
-0.9000
-0.9000
-0.9000
-0.9000
-0.9000
-0.9000
-0.9000
-0.9000
-0.9000
-0.9000
-0.9000
-0.9000
-0.9000
-0.9000
-0.9000
-0.9000
-0.9000
-0.9000
-0.9000
-0.9000
-0.9000
-0.9000
-0.9000
-0.9000
-0.9000
-0.9000
-0.9000
-0.9000
-0.9000
-0.9000
-0.9000
-0.9000
-0.9000
-0.9000
-0.9000
-0.9000
-0.9000
-0.9000
-0.9000
-0.9000
-0.9000
-0.9000
-0.9000
-0.9000
-0.9000
-0.9000
-0.9000
-0.9000
-0.9000
-0.9000
-0.9000
-0.9000
-0.9000
-0.9000
-0.9000
-0.9000
-0.9000
-0.9000
-0.9000
-0.9000
-0.9000
-0.9000
-0.9000
-0.9000
-0.9000
-0.9000
-0.9000
-0.9000
-0.9000
-0.9000
-0.9000
-0.9000
-0.9000
-0.9000
-0.9000
-0.9000
-0.9000
-0.9000
-0.9000
-0.9000
-0.9000
-0.9000
-0.9000
-0.9000
-0.9000
-0.9000
-0.9000
-0.9000
-0.9000
-0.9000
-0.9000
-0.9000
-0.9000
-0.9000
-0.9000
-0.9000
-0.9000
-0.9000
-0.9000
-0.9000
-0.9000
-0.9000
-0.9000
-0.9000
-0.9000
-0.9000
-0.9000
-0.9000
-0.9000
-0.9000
-0.9000
-0.9000
-0.9000
-0.9000
-0.9000
-0.9000
-0.9000
-0.9000
-0.9000
-0.9000
-0.9000
-0.9000
-0.9000
-0.9000
-0.9000
-0.9000
-0.9000
-0.9000
-0.9000
-0.9000
-0.9000
-0.9000
-0.9000
-0.9000
-0.9000
-0.9000
-0.9000
-0.9000
-0.9000
-0.9000
-0.9000
-0.9000
-0.9000
-0.9000
-0.9000
-0.9000
-0.9000
-0.9000
-0.9000
-0.9000
-0.9000
-0.9000
-0.9000
-0.9000
-0.9000
-0.9000
-0.9000
-0.9000
-0.9000
-0.9000
-0.9000
-0.9000
-0.9000
-0.9000
-0.9000
-0.9000
-0.9000
-0.9000
-0.9000
-0.9000
-0.9000
-0.9000
-0.9000
-0.9000
-0.9000
-0.9000
-0.9000
-0.9000
-0.9000
-0.9000
-0.9000
-0.9000
-0.9000
-0.9000
-0.9000
-0.9000
-0.9000
-0.9000
-0.9000
-0.9000
-0.9000
-0.9000
-0.9000
-0.9000
-0.9000
-0.9000
-0.9000
-0.9000
-0.9000
-0.9000
-0.9000
-0.9000
-0.9000
-0.9000
-0.9000
-0.9000
-0.9000
-0.9000
-0.9000
-0.9000
-0.9000
-0.9000
-0.9000
-0.9000
-0.9000
-0.9000
-0.9000
-0.9000
-0.9000
-0.9000
-0.9000
-0.9000
-0.9000
-0.9000
-0.9000
-0.9000
-0.9000
-0.9000
-0.9000
-0.9000
-0.9000
-0.9000
-0.9000
-0.9000
-0.9000
-0.9000
-0.9000
-0.9000
-0.9000
-0.9000
-0.9000
-0.9000
-0.9000
-0.9000
-0.9000
-0.9000
-0.9000
-0.9000
-0.9000
-0.9000
-0.9000
-0.9000
-0.9000
-0.9000
-0.9000
-0.9000
-0.9000
-0.9000
-0.9000
-0.9000
-0.9000
-0.9000
-0.9000
-0.9000
-0.9000
-0.9000
-0.9000
-0.9000
-0.9000
-0.9000
-0.9000
-0.9000
-0.9000
-0.9000
-0.9000
-0.9000
-0.9000
-0.9000
-0.9000
-0.9000
-0.9000
-0.9000
-0.9000
-0.9000
-0.9000
-0.9000
-0.9000
-0.9000
-0.9000
-0.9000
-0.9000
-0.9000
-0.9000
-0.9000
-0.9000
-0.9000
-0.9000
-0.9000
-0.9000
-0.9000
-0.9000
-0.9000
-0.9000
-0.9000
-0.9000
-0.9000
-0.9000
-0.9000
-0.9000
-0.9000
-0.9000
-0.9000
-0.9000
-0.9000
-0.9000
-0.9000
-0.9000
-0.9000
-0.9000
-0.9000
-0.9000
-0.9000
-0.9000
-0.9000
-0.9000
-0.9000
-0.9000
-0.9000
-0.9000
-0.9000
-0.9000
-0.9000
-0.9000
-0.9000
-0.9000
-0.9000
-0.9000
-0.9000
-0.9000
-0.9000
-0.9000
-0.9000
-0.9000
-0.9000
-0.9000
-0.9000
-0.9000
-0.9000
-0.9000
-0.9000
-0.9000
-0.9000
-0.9000
-0.9000
-0.9000
-0.9000
-0.9000
-0.9000
-0.9000
-0.9000
-0.9000
-0.9000
-0.9000
-0.9000
-0.9000
-0.9000
-0.9000
-0.9000
-0.9000
-0.9000
-0.9000
-0.9000
-0.9000
-0.9000
-0.9000
-0.9000
-0.9000
-0.9000
-0.9000
-0.9000
-0.9000
-0.9000
-0.9000
-0.9000
-0.9000
-0.9000
-0.9000
-0.9000
-0.9000
-0.9000
-0.9000
-0.9000
-0.9000
-0.9000
-0.9000
-0.9000
-0.9000
-0.9000
-0.9000
-0.9000
-0.9000
-0.9000
-0.9000
-0.9000
-0.9000
-0.9000
-0.9000
-0.9000
-0.9000
-0.9000
-0.9000
-0.9000
-0.9000
-0.9000
-0.9000
-0.9000
-0.9000
-0.9000
-0.9000
-0.9000
-0.9000
-0.9000
-0.9000
-0.9000
-0.9000
-0.9000
-0.9000
-0.9000
-0.9000
-0.9000
-0.9000
-0.9000
-0.9000
-0.9000
-0.9000
-0.9000
-0.9000
-0.9000
-0.9000
-0.9000
-0.9000
-0.9000
-0.9000
-0.9000
-0.9000
-0.9000
-0.9000
-0.9000
-0.9000
-0.9000
-0.9000
-0.9000
-0.9000
-0.9000
-0.9000
-0.9000
-0.9000
-0.9000
-0.9000
-0.9000
-0.9000
-0.9000
-0.9000
-0.9000
-0.9000
-0.9000
-0.9000
-0.9000
-0.9000
-0.9000
-0.9000
-0.9000
-0.9000
-0.9000
-0.9000
-0.9000
-0.9000
-0.9000
-0.9000
-0.9000
-0.9000
-0.9000
-0.9000
-0.9000
-0.9000
-0.9000
-0.9000
-0.9000
-0.9000
-0.9000
-0.9000
-0.9000
-0.9000
-0.9000
-0.9000
-0.9000
-0.9000
-0.9000
-0.9000
-0.9000
-0.9000
-0.9000
-0.9000
-0.9000
-0.9000
-0.9000
-0.9000
-0.9000
-0.9000
-0.9000
-0.9000
-0.9000
-0.9000
-0.9000
-0.9000
-0.9000
-0.9000
-0.9000
-0.9000
-0.9000
-0.9000
-0.9000
-0.9000
-0.9000
-0.9000
-0.9000
-0.9000
-0.9000
-0.9000
-0.9000
-0.9000
-0.9000
-0.9000
-0.9000
-0.9000
-0.9000
-0.9000
-0.9000
-0.9000
-0.9000
-0.9000
-0.9000
-0.9000
-0.9000
-0.9000
-0.9000
-0.9000
-0.9000
-0.9000
-0.9000
-0.9000
-0.9000
-0.9000
-0.9000
-0.9000
-0.9000
-0.9000
-0.9000
-0.9000
-0.9000
-0.9000
-0.9000
-0.9000
-0.9000
-0.9000
-0.9000
-0.9000
-0.9000
-0.9000
-0.9000
-0.9000
-0.9000
-0.9000
-0.9000
-0.9000
-0.9000
-0.9000
-0.9000
-0.9000
-0.9000
-0.9000
-0.9000
-0.9000
-0.9000
-0.9000
-0.9000
-0.9000
-0.9000
-0.9000
-0.9000
-0.9000
-0.9000
-0.9000
-0.9000
-0.9000
-0.9000
-0.9000
-0.9000
-0.9000
-0.9000
-0.9000
-0.9000
-0.9000
-0.9000
-0.9000
-0.9000
-0.9000
-0.9000
-0.9000
-0.9000
-0.9000
-0.9000
-0.9000
-0.9000
-0.9000
-0.9000
-0.9000
-0.9000
-0.9000
-0.9000
-0.9000
-0.9000
-0.9000
-0.9000
-0.9000
-0.9000
-0.9000
-0.9000
-0.9000
-0.9000
-0.9000
-0.9000
-0.9000
-0.9000
-0.9000
-0.9000
-0.9000
-0.9000
-0.9000
-0.9000
-0.9000
-0.9000
-0.9000
-0.9000
-0.9000
-0.9000
-0.9000
-0.9000
-0.9000
-0.9000
-0.9000
-0.9000
-0.9000
-0.9000
-0.9000
-0.9000
-0.9000
-0.9000
-0.9000
-0.9000
-0.9000
-0.9000
-0.9000
-0.9000
-0.9000
-0.9000
-0.9000
-0.9000
-0.9000
-0.9000
-0.9000
-0.9000
-0.9000
-0.9000
-0.9000
-0.9000
-0.9000
-0.9000
-0.9000
-0.9000
-0.9000
-0.9000
-0.9000
-0.9000
-0.9000
-0.9000
-0.9000
-0.9000
-0.9000
-0.9000
-0.9000
-0.9000
-0.9000
-0.9000
-0.9000
-0.9000
-0.9000
-0.9000
-0.9000
-0.9000
-0.9000
-0.9000
-0.9000
-0.9000
-0.9000
-0.9000
-0.9000
-0.9000
-0.9000
-0.9000
-0.9000
-0.9000
-0.9000
-0.9000
-0.9000
-0.9000
-0.9000
-0.9000
-0.9000
-0.9000
-0.9000
-0.9000
-0.9000
-0.9000
-0.9000
-0.9000
-0.9000
-0.9000
-0.9000
-0.9000
-0.9000
-0.9000
-0.9000
-0.9000
-0.9000
-0.9000
-0.9000
-0.9000
-0.9000
-0.9000
-0.9000
-0.9000
-0.9000
-0.9000
-0.9000
-0.9000
-0.9000
-0.9000
-0.9000
-0.9000
-0.9000
-0.9000
-0.9000
-0.9000
-0.9000
-0.9000
-0.9000
-0.9000
-0.9000
-0.9000
-0.9000
-0.9000
-0.9000
-0.9000
-0.9000
-0.9000
-0.9000
-0.9000
-0.9000
-0.9000
-0.9000
-0.9000
-0.9000
-0.9000
-0.9000
-0.9000
-0.9000
-0.9000
-0.9000
-0.9000
-0.9000
-0.9000
-0.9000
-0.9000
-0.9000
-0.9000
-0.9000
-0.9000
-0.9000
-0.9000
-0.9000
-0.9000
-0.9000
-0.9000
-0.9000
-0.9000
-0.9000
-0.9000
-0.9000
-0.9000
-0.9000
-0.9000
-0.9000
-0.9000
-0.9000
-0.9000
-0.9000
-0.9000
-0.9000
-0.9000
-0.9000
-0.9000
-0.9000
-0.9000
-0.9000
-0.9000
-0.9000
-0.9000
-0.9000
-0.9000
-0.9000
-0.9000
-0.9000
-0.9000
-0.9000
-0.9000
-0.9000
-0.9000
-0.9000
-0.9000
-0.9000
-0.9000
-0.9000
-0.9000
-0.9000
-0.9000
-0.9000
-0.9000
-0.9000
-0.9000
-0.9000
-0.9000
-0.9000
-0.9000
-0.9000
-0.9000
-0.9000
-0.9000
-0.9000
-0.9000
-0.9000
-0.9000
-0.9000
-0.9000
-0.9000
-0.9000
-0.9000
-0.9000
-0.9000
-0.9000
-0.9000
-0.9000
-0.9000
-0.9000
-0.9000
-0.9000
-0.9000
-0.9000
-0.9000
-0.9000
-0.9000
-0.9000
-0.9000
-0.9000
-0.9000
-0.9000
-0.9000
-0.9000
-0.9000
-0.9000
-0.9000
-0.9000
-0.9000
-0.9000
-0.9000
-0.9000
-0.9000
-0.9000
-0.9000
-0.9000
-0.9000
-0.9000
-0.9000
-0.9000
-0.9000
-0.9000
-0.9000
-0.9000
-0.9000
-0.9000
-0.9000
-0.9000
-0.9000
-0.9000
-0.9000
-0.9000
-0.9000
-0.9000
-0.9000
-0.9000
-0.9000
-0.9000
-0.9000
-0.9000
-0.9000
-0.9000
-0.9000
-0.9000
-0.9000
-0.9000
-0.9000
-0.9000
-0.9000
-0.9000
-0.9000
-0.9000
-0.9000
-0.9000
-0.9000
-0.9000
-0.9000
-0.9000
-0.9000
-0.9000
-0.9000
-0.9000
-0.9000
-0.9000
-0.9000
-0.9000
-0.9000
-0.9000
-0.9000
-0.9000
-0.9000
-0.9000
-0.9000
-0.9000
-0.9000
-0.9000
-0.9000
-0.9000
-0.9000
-0.9000
-0.9000
-0.9000
-0.9000
-0.9000
-0.9000
-0.9000
-0.9000
-0.9000
-0.9000
-0.9000
-0.9000
-0.9000
-0.9000
-0.9000
-0.9000
-0.9000
-0.9000
-0.9000
-0.9000
-0.9000
-0.9000
-0.9000
-0.9000
-0.9000
-0.9000
-0.9000
-0.9000
-0.9000
-0.9000
-0.9000
-0.9000
-0.9000
-0.9000
-0.9000
-0.9000
-0.9000
-0.9000
-0.9000
-0.9000
-0.9000
-0.9000
-0.9000
-0.9000
-0.9000
-0.9000
-0.9000
-0.9000
-0.9000
-0.9000
-0.9000
-0.9000
-0.9000
-0.9000
-0.9000
-0.9000
-0.9000
-0.9000
-0.9000
-0.9000
-0.9000
-0.9000
-0.9000
-0.9000
-0.9000
-0.9000
-0.9000
-0.9000
-0.9000
-0.9000
-0.9000
-0.9000
-0.9000
-0.9000
-0.9000
-0.9000
-0.9000
-0.9000
-0.9000
-0.9000
-0.9000
-0.9000
-0.9000
-0.9000
-0.9000
-0.9000
-0.9000
-0.9000
-0.9000
-0.9000
-0.9000
-0.9000
-0.9000
-0.9000
-0.9000
-0.9000
-0.9000
-0.9000
-0.9000
-0.9000
-0.9000
-0.9000
-0.9000
-0.9000
-0.9000
-0.9000
-0.9000
-0.9000
-0.9000
-0.9000
-0.9000
-0.9000
-0.9000
-0.9000
-0.9000
-0.9000
-0.9000
-0.9000
-0.9000
-0.9000
-0.9000
-0.9000
-0.9000
-0.9000
-0.9000
-0.9000
-0.9000
-0.9000
-0.9000
-0.9000
-0.9000
-0.9000
-0.9000
-0.9000
-0.9000
-0.9000
-0.9000
-0.9000
-0.9000
-0.9000
-0.9000
-0.9000
-0.9000
-0.9000
-0.9000
-0.9000
-0.9000
-0.9000
-0.9000
-0.9000
-0.9000
-0.9000
-0.9000
-0.9000
-0.9000
-0.9000
-0.9000
-0.9000
-0.9000
-0.9000
-0.9000
-0.9000
-0.9000
-0.9000
-0.9000
-0.9000
-0.9000
-0.9000
-0.9000
-0.9000
-0.9000
-0.9000
-0.9000
-0.9000
-0.9000
-0.9000
-0.9000
-0.9000
-0.9000
-0.9000
-0.9000
-0.9000
-0.9000
-0.9000
-0.9000
-0.9000
-0.9000
-0.9000
-0.9000
-0.9000
-0.9000
-0.9000
-0.9000
-0.9000
-0.9000
-0.9000
-0.9000
-0.9000
-0.9000
-0.9000
-0.9000
-0.9000
-0.9000
-0.9000
-0.9000
-0.9000
-0.9000
-0.9000
-0.9000
-0.9000
-0.9000
-0.9000
-0.9000
-0.9000
-0.9000
-0.9000
-0.9000
-0.9000
-0.9000
-0.9000
-0.9000
-0.9000
-0.9000
-0.9000
-0.9000
-0.9000
-0.9000
-0.9000
-0.9000
-0.9000
-0.9000
-0.9000
-0.9000
-0.9000
-0.9000
-0.9000
-0.9000
-0.9000
-0.9000
-0.9000
-0.9000
-0.9000
-0.9000
-0.9000
-0.9000
-0.9000
-0.9000
-0.9000
-0.9000
-0.9000
-0.9000
-0.9000
-0.9000
-0.9000
-0.9000
-0.9000
-0.9000
-0.9000
-0.9000
-0.9000
-0.9000
-0.9000
-0.9000
-0.9000
-0.9000
-0.9000
-0.9000
-0.9000
-0.9000
-0.9000
-0.9000
-0.9000
-0.9000
-0.9000
-0.9000
-0.9000
-0.9000
-0.9000
-0.9000
-0.9000
-0.9000
-0.9000
-0.9000
-0.9000
-0.9000
-0.9000
-0.9000
-0.9000
-0.9000
-0.9000
-0.9000
-0.9000
-0.9000
-0.9000
-0.9000
-0.9000
-0.9000
-0.9000
-0.9000
-0.9000
-0.9000
-0.9000
-0.9000
-0.9000
-0.9000
-0.9000
-0.9000
-0.9000
-0.9000
-0.9000
-0.9000
-0.9000
-0.9000
-0.9000
-0.9000
-0.9000
-0.9000
-0.9000
-0.9000
-0.9000
-0.9000
-0.9000
-0.9000
-0.9000
-0.9000
-0.9000
-0.9000
-0.9000
-0.9000
-0.9000
-0.9000
-0.9000
-0.9000
-0.9000
-0.9000
-0.9000
-0.9000
-0.9000
-0.9000
-0.9000
-0.9000
-0.9000
-0.9000
-0.9000
-0.9000
-0.9000
-0.9000
-0.9000
-0.9000
-0.9000
-0.9000
-0.9000
-0.9000
-0.9000
-0.9000
-0.9000
-0.9000
-0.9000
-0.9000
-0.9000
-0.9000
-0.9000
-0.9000
-0.9000
-0.9000
-0.9000
-0.9000
-0.9000
-0.9000
-0.9000
-0.9000
-0.9000
-0.9000
-0.9000
-0.9000
-0.9000
-0.9000
-0.9000
-0.9000
-0.9000
-0.9000
-0.9000
-0.9000
-0.9000
-0.9000
-0.9000
-0.9000
-0.9000
-0.9000
-0.9000
-0.9000
-0.9000
-0.9000
-0.9000
-0.9000
-0.9000
-0.9000
-0.9000
-0.9000
-0.9000
-0.9000
-0.9000
-0.9000
-0.9000
-0.9000
-0.9000
-0.9000
-0.9000
-0.9000
-0.9000
-0.9000
-0.9000
-0.9000
-0.9000
-0.9000
-0.9000
-0.9000
-0.9000
-0.9000
-0.9000
-0.9000
-0.9000
-0.9000
-0.9000
-0.9000
-0.9000
-0.9000
-0.9000
-0.9000
-0.9000
-0.9000
-0.9000
-0.9000
-0.9000
-0.9000
-0.9000
-0.9000
-0.9000
-0.9000
-0.9000
-0.9000
-0.9000
-0.9000
-0.9000
-0.9000
-0.9000
-0.9000
-0.9000
-0.9000
-0.9000
-0.9000
-0.9000
-0.9000
-0.9000
-0.9000
-0.9000
-0.9000
-0.9000
-0.9000
-0.9000
-0.9000
-0.9000
-0.9000
-0.9000
-0.9000
-0.9000
-0.9000
-0.9000
-0.9000
-0.9000
-0.9000
-0.9000
-0.9000
-0.9000
-0.9000
-0.9000
-0.9000
-0.9000
-0.9000
-0.9000
-0.9000
-0.9000
-0.9000
-0.9000
-0.9000
-0.9000
-0.9000
-0.9000
-0.9000
-0.9000
-0.9000
-0.9000
-0.9000
-0.9000
-0.9000
-0.9000
-0.9000
-0.9000
-0.9000
-0.9000
-0.9000
-0.9000
-0.9000
-0.9000
-0.9000
-0.9000
-0.9000
-0.9000
-0.9000
-0.9000
-0.9000
-0.9000
-0.9000
-0.9000
-0.9000
-0.9000
-0.9000
-0.9000
-0.9000
-0.9000
-0.9000
-0.9000
-0.9000
-0.9000
-0.9000
-0.9000
-0.9000
-0.9000
-0.9000
-0.9000
-0.9000
-0.9000
-0.9000
-0.9000
-0.9000
-0.9000
-0.9000
-0.9000
-0.9000
-0.9000
-0.9000
-0.9000
-0.9000
-0.9000
-0.9000
-0.9000
-0.9000
-0.9000
-0.9000
-0.9000
-0.9000
-0.9000
-0.9000
-0.9000
-0.9000
-0.9000
-0.9000
-0.9000
-0.9000
-0.9000
-0.9000
-0.9000
-0.9000
-0.9000
-0.9000
-0.9000
-0.9000
-0.9000
-0.9000
-0.9000
-0.9000
-0.9000
-0.9000
-0.9000
-0.9000
-0.9000
-0.9000
-0.9000
-0.9000
-0.9000
-0.9000
-0.9000
-0.9000
-0.9000
-0.9000
-0.9000
-0.9000
-0.9000
-0.9000
-0.9000
-0.9000
-0.9000
-0.9000
-0.9000
-0.9000
-0.9000
-0.9000
-0.9000
-0.9000
-0.9000
-0.9000
-0.9000
-0.9000
-0.9000
-0.9000
-0.9000
-0.9000
-0.9000
-0.9000
-0.9000
-0.9000
-0.9000
-0.9000
-0.9000
-0.9000
-0.9000
-0.9000
-0.9000
-0.9000
-0.9000
-0.9000
-0.9000
-0.9000
-0.9000
-0.9000
-0.9000
-0.9000
-0.9000
-0.9000
-0.9000
-0.9000
-0.9000
-0.9000
-0.9000
-0.9000
-0.9000
-0.9000
-0.9000
-0.9000
-0.9000
-0.9000
-0.9000
-0.9000
-0.9000
-0.9000
-0.9000
-0.9000
-0.9000
-0.9000
-0.9000
-0.9000
-0.9000
-0.9000
-0.9000
-0.9000
-0.9000
-0.9000
-0.9000
-0.9000
-0.9000
-0.9000
-0.9000
-0.9000
-0.9000
-0.9000
-0.9000
-0.9000
-0.9000
-0.9000
-0.9000
-0.9000
-0.9000
-0.9000
-0.9000
-0.9000
-0.9000
-0.9000
-0.9000
-0.9000
-0.9000
-0.9000
-0.9000
-0.9000
-0.9000
-0.9000
-0.9000
-0.9000
-0.9000
-0.9000
-0.9000
-0.9000
-0.9000
-0.9000
-0.9000
-0.9000
-0.9000
-0.9000
-0.9000
-0.9000
-0.9000
-0.9000
-0.9000
-0.9000
-0.9000
-0.9000
-0.9000
-0.9000
-0.9000
-0.9000
-0.9000
-0.9000
-0.9000
-0.9000
-0.9000
-0.9000
-0.9000
-0.9000
-0.9000
-0.9000
-0.9000
-0.9000
-0.9000
-0.9000
-0.9000
-0.9000
-0.9000
-0.9000
-0.9000
-0.9000
-0.9000
-0.9000
-0.9000
-0.9000
-0.9000
-0.9000
-0.9000
-0.9000
-0.9000
-0.9000
-0.9000
-0.9000
-0.9000
-0.9000
-0.9000
-0.9000
-0.9000
-0.9000
-0.9000
-0.9000
-0.9000
-0.9000
-0.9000
-0.9000
-0.9000
-0.9000
-0.9000
-0.9000
-0.9000
-0.9000
-0.9000
-0.9000
-0.9000
-0.9000
-0.9000
-0.9000
-0.9000
-0.9000
-0.9000
-0.9000
-0.9000
-0.9000
-0.9000
-0.9000
-0.9000
-0.9000
-0.9000
-0.9000
-0.9000
-0.9000
-0.9000
-0.9000
-0.9000
-0.9000
-0.9000
-0.9000
-0.9000
-0.9000
-0.9000
-0.9000
-0.9000
-0.9000
-0.9000
-0.9000
-0.9000
-0.9000
-0.9000
-0.9000
-0.9000
-0.9000
-0.9000
-0.9000
-0.9000
-0.9000
-0.9000
-0.9000
-0.9000
-0.9000
-0.9000
-0.9000
-0.9000
-0.9000
-0.9000
-0.9000
-0.9000
-0.9000
-0.9000
-0.9000
-0.9000
-0.9000
-0.9000
-0.9000
-0.9000
-0.9000
-0.9000
-0.9000
-0.9000
-0.9000
-0.9000
-0.9000
-0.9000
-0.9000
-0.9000
-0.9000
-0.9000
-0.9000
-0.9000
-0.9000
-0.9000
-0.9000
-0.9000
-0.9000
-0.9000
-0.9000
-0.9000
-0.9000
-0.9000
-0.9000
-0.9000
-0.9000
-0.9000
-0.9000
-0.9000
-0.9000
-0.9000
-0.9000
-0.9000
-0.9000
-0.9000
-0.9000
-0.9000
-0.9000
-0.9000
-0.9000
-0.9000
-0.9000
-0.9000
-0.9000
-0.9000
-0.9000
-0.9000
-0.9000
-0.9000
-0.9000
-0.9000
-0.9000
-0.9000
-0.9000
-0.9000
-0.9000
-0.9000
-0.9000
-0.9000
-0.9000
-0.9000
-0.9000
-0.9000
-0.9000
-0.9000
-0.9000
-0.9000
-0.9000
-0.9000
-0.9000
-0.9000
-0.9000
-0.9000
-0.9000
-0.9000
-0.9000
-0.9000
-0.9000
-0.9000
-0.9000
-0.9000
-0.9000
-0.9000
-0.9000
-0.9000
-0.9000
-0.9000
-0.9000
-0.9000
-0.9000
-0.9000
-0.9000
-0.9000
-0.9000
-0.9000
-0.9000
-0.9000
-0.9000
-0.9000
-0.9000
-0.9000
-0.9000
-0.9000
-0.9000
-0.9000
-0.9000
-0.9000
-0.9000
-0.9000
-0.9000
-0.9000
-0.9000
-0.9000
-0.9000
-0.9000
-0.9000
-0.9000
-0.9000
-0.9000
-0.9000
-0.9000
-0.9000
-0.9000
-0.9000
-0.9000
-0.9000
-0.9000
-0.9000
-0.9000
-0.9000
-0.9000
-0.9000
-0.9000
-0.9000
-0.9000
-0.9000
-0.9000
-0.9000
-0.9000
-0.9000
-0.9000
-0.9000
-0.9000
-0.9000
-0.9000
-0.9000
-0.9000
-0.9000
-0.9000
-0.9000
-0.9000
-0.9000
-0.9000
-0.9000
-0.9000
-0.9000
-0.9000
-0.9000
-0.9000
-0.9000
-0.9000
-0.9000
-0.9000
-0.9000
-0.9000
-0.9000
-0.9000
-0.9000
-0.9000
-0.9000
-0.9000
-0.9000
-0.9000
-0.9000
-0.9000
-0.9000
-0.9000
-0.9000
-0.9000
-0.9000
-0.9000
-0.9000
-0.9000
-0.9000
-0.9000
-0.9000
-0.9000
-0.9000
-0.9000
-0.9000
-0.9000
-0.9000
-0.9000
-0.9000
-0.9000
-0.9000
-0.9000
-0.9000
-0.9000
-0.9000
-0.9000
-0.9000
-0.9000
-0.9000
-0.9000
-0.9000
-0.9000
-0.9000
-0.9000
-0.9000
-0.9000
-0.9000
-0.9000
-0.9000
-0.9000
-0.9000
-0.9000
-0.9000
-0.9000
-0.9000
-0.9000
-0.9000
-0.9000
-0.9000
-0.9000
-0.9000
-0.9000
-0.9000
-0.9000
-0.9000
-0.9000
-0.9000
-0.9000
-0.9000
-0.9000
-0.9000
-0.9000
-0.9000
-0.9000
-0.9000
-0.9000
-0.9000
-0.9000
-0.9000
-0.9000
-0.9000
-0.9000
-0.9000
-0.9000
-0.9000
-0.9000
-0.9000
-0.9000
-0.9000
-0.9000
-0.9000
-0.9000
-0.9000
-0.9000
-0.9000
-0.9000
-0.9000
-0.9000
-0.9000
-0.9000
-0.9000
-0.9000
-0.9000
-0.9000
-0.9000
-0.9000
-0.9000
-0.9000
-0.9000
-0.9000
-0.9000
-0.9000
-0.9000
-0.9000
-0.9000
-0.9000
-0.9000
-0.9000
-0.9000
-0.9000
-0.9000
-0.9000
-0.9000
-0.9000
-0.9000
-0.9000
-0.9000
-0.9000
-0.9000
-0.9000
-0.9000
-0.9000
-0.9000
-0.9000
-0.9000
-0.9000
-0.9000
-0.9000
-0.9000
-0.9000
-0.9000
