0.0281
0.0281
0.0280
0.0279
0.0277
0.0274
0.0271
0.0267
0.0262
0.0257
0.0252
0.0245
0.0238
0.0231
0.0222
0.0214
0.0204
0.0194
0.0183
0.0172
0.0160
0.0147
0.0134
0.0120
0.0105
0.0090
0.0074
0.0057
0.0040
0.0022
0.0003
-0.0016
-0.0036
-0.0057
-0.0078
-0.0100
-0.0123
-0.0146
-0.0171
-0.0196
-0.0221
-0.0247
-0.0275
-0.0302
-0.0331
-0.0360
-0.0390
-0.0421
-0.0452
-0.0484
-0.0517
-0.0551
-0.0585
-0.0620
-0.0656
-0.0693
-0.0730
-0.0768
-0.0807
-0.0847
-0.0887
-0.0929
-0.0971
-0.1013
-0.1057
-0.1101
-0.1146
-0.1192
-0.1239
-0.1287
-0.1335
-0.1384
-0.1434
-0.1485
-0.1537
-0.1589
-0.1642
-0.1696
-0.1751
-0.1807
-0.1864
-0.1921
-0.1979
-0.2038
-0.2098
-0.2159
-0.2221
-0.2283
-0.2346
-0.2411
-0.2476
-0.2542
-0.2608
-0.2676
-0.2745
-0.2814
-0.2884
-0.2956
-0.3028
-0.3101
-0.3174
-0.3249
-0.3325
-0.3402
-0.3479
-0.3557
-0.3637
-0.3717
-0.3798
-0.3880
-0.3963
-0.4047
-0.4132
-0.4218
-0.4304
-0.4392
-0.4481
-0.4570
-0.4661
-0.4752
-0.4844
-0.4938
-0.5032
-0.5127
-0.5223
-0.5321
-0.5419
-0.5518
-0.5618
-0.5719
-0.5821
-0.5924
-0.6028
-0.6133
-0.6239
-0.6346
-0.6454
-0.6563
-0.6673
-0.6784
-0.6896
-0.7009
-0.7123
-0.7239
-0.7355
-0.7472
-0.7590
-0.7709
-0.7829
-0.7950
-0.8073
-0.8196
-0.8320
-0.8446
-0.8572
-0.8700
-0.8828
-0.8958
-0.9000
-0.8889
-0.8778
-0.8669
-0.8561
-0.8454
-0.8348
-0.8243
-0.8139
-0.8036
-0.7935
-0.7834
-0.7735
-0.7636
-0.7539
-0.7443
-0.7348
-0.7254
-0.7161
-0.7069
-0.6979
-0.6889
-0.6801
-0.6714
-0.6628
-0.6543
-0.6459
-0.6377
-0.6295
-0.6215
-0.6136
-0.6058
-0.5981
-0.5905
-0.5831
-0.5758
-0.5686
-0.5615
-0.5545
-0.5476
-0.5409
-0.5343
-0.5278
-0.5214
-0.5152
-0.5091
-0.5030
-0.4972
-0.4914
-0.4858
-0.4802
-0.4748
-0.4696
-0.4644
-0.4594
-0.4545
-0.4497
-0.4451
-0.4406
-0.4362
-0.4319
-0.4277
-0.4237
-0.4198
-0.4161
-0.4124
-0.4089
-0.4056
-0.4023
-0.3992
-0.3962
-0.3933
-0.3906
-0.3880
-0.3855
-0.3832
-0.3810
-0.3789
-0.3770
-0.3752
-0.3735
-0.3720
-0.3706
-0.3693
-0.3681
-0.3671
-0.3663
-0.3655
-0.3649
-0.3645
-0.3641
-0.3639
-0.3639
-0.3640
-0.3642
-0.3645
-0.3650
-0.3657
-0.3664
-0.3673
-0.3684
-0.3696
-0.3709
-0.3724
-0.3740
-0.3757
-0.3776
-0.3796
-0.3818
-0.3841
-0.3866
-0.3892
-0.3919
-0.3948
-0.3979
-0.4010
-0.4043
-0.4078
-0.4114
-0.4152
-0.4191
-0.4231
-0.4273
-0.4316
-0.4361
-0.4407
-0.4455
-0.4504
-0.4555
-0.4607
-0.4661
-0.4716
-0.4773
-0.4831
-0.4890
-0.4951
-0.5014
-0.5078
-0.5144
-0.5211
-0.5280
-0.5350
-0.5421
-0.5495
-0.5569
-0.5645
-0.5723
-0.5802
-0.5883
-0.5966
-0.6049
-0.6135
-0.6221
-0.6310
-0.6400
-0.6491
-0.6584
-0.6678
-0.6774
-0.6872
-0.6971
-0.7071
-0.7173
-0.7277
-0.7382
-0.7488
-0.7596
-0.7705
-0.7816
-0.7929
-0.8043
-0.8159
-0.8276
-0.8394
-0.8514
-0.8636
-0.8759
-0.8883
-0.9000
-0.8893
-0.8788
-0.8684
-0.8581
-0.8480
-0.8381
-0.8283
-0.8186
-0.8091
-0.7998
-0.7906
-0.7815
-0.7726
-0.7639
-0.7553
-0.7468
-0.7385
-0.7304
-0.7224
-0.7146
-0.7069
-0.6993
-0.6920
-0.6847
-0.6776
-0.6707
-0.6639
-0.6573
-0.6508
-0.6445
-0.6383
-0.6323
-0.6264
-0.6207
-0.6151
-0.6097
-0.6044
-0.5993
-0.5943
-0.5895
-0.5848
-0.5803
-0.5759
-0.5717
-0.5677
-0.5638
-0.5600
-0.5564
-0.5530
-0.5497
-0.5465
-0.5435
-0.5407
-0.5380
-0.5355
-0.5331
-0.5308
-0.5288
-0.5268
-0.5250
-0.5234
-0.5219
-0.5206
-0.5194
-0.5184
-0.5176
-0.5168
-0.5163
-0.5159
-0.5156
-0.5155
-0.5155
-0.5157
-0.5161
-0.5166
-0.5173
-0.5181
-0.5190
-0.5201
-0.5214
-0.5228
-0.5244
-0.5261
-0.5279
-0.5300
-0.5321
-0.5345
-0.5369
-0.5396
-0.5424
-0.5453
-0.5484
-0.5516
-0.5550
-0.5585
-0.5622
-0.5661
-0.5701
-0.5742
-0.5785
-0.5830
-0.5876
-0.5923
-0.5972
-0.6023
-0.6075
-0.6129
-0.6184
-0.6240
-0.6299
-0.6358
-0.6419
-0.6482
-0.6546
-0.6612
-0.6679
-0.6748
-0.6818
-0.6890
-0.6963
-0.7038
-0.7114
-0.7192
-0.7271
-0.7352
-0.7435
-0.7518
-0.7604
-0.7691
-0.7779
-0.7869
-0.7960
-0.8053
-0.8147
-0.8243
-0.8341
-0.8440
-0.8540
-0.8642
-0.8745
-0.8850
-0.8956
-0.9000
-0.8909
-0.8819
-0.8730
-0.8643
-0.8558
-0.8474
-0.8392
-0.8311
-0.8232
-0.8154
-0.8077
-0.8002
-0.7929
-0.7857
-0.7787
-0.7718
-0.7651
-0.7585
-0.7520
-0.7458
-0.7396
-0.7337
-0.7278
-0.7221
-0.7166
-0.7112
-0.7060
-0.7009
-0.6960
-0.6912
-0.6866
-0.6821
-0.6778
-0.6736
-0.6696
-0.6658
-0.6620
-0.6585
-0.6551
-0.6518
-0.6487
-0.6457
-0.6429
-0.6403
-0.6378
-0.6354
-0.6332
-0.6311
-0.6292
-0.6275
-0.6259
-0.6244
-0.6231
-0.6220
-0.6210
-0.6201
-0.6194
-0.6188
-0.6183
-0.6179
-0.6177
-0.6176
-0.6176
-0.6178
-0.6180
-0.6183
-0.6188
-0.6193
-0.6200
-0.6207
-0.6216
-0.6225
-0.6235
-0.6246
-0.6258
-0.6270
-0.6283
-0.6297
-0.6312
-0.6327
-0.6343
-0.6359
-0.6376
-0.6394
-0.6412
-0.6431
-0.6450
-0.6470
-0.6490
-0.6511
-0.6533
-0.6555
-0.6578
-0.6601
-0.6625
-0.6650
-0.6675
-0.6700
-0.6726
-0.6753
-0.6780
-0.6808
-0.6837
-0.6866
-0.6896
-0.6926
-0.6957
-0.6988
-0.7020
-0.7052
-0.7085
-0.7119
-0.7153
-0.7188
-0.7223
-0.7259
-0.7296
-0.7333
-0.7371
-0.7409
-0.7448
-0.7487
-0.7527
-0.7567
-0.7608
-0.7650
-0.7692
-0.7735
-0.7779
-0.7822
-0.7867
-0.7912
-0.7958
-0.8004
-0.8051
-0.8098
-0.8146
-0.8195
-0.8244
-0.8293
-0.8344
-0.8394
-0.8446
-0.8498
-0.8550
-0.8603
-0.8657
-0.8711
-0.8766
-0.8821
-0.8877
-0.8934
-0.8991
-0.9000
-0.8951
-0.8903
-0.8855
-0.8807
-0.8761
-0.8714
-0.8669
-0.8624
-0.8579
-0.8535
-0.8492
-0.8449
-0.8407
-0.8365
-0.8324
-0.8284
-0.8244
-0.8205
-0.8166
-0.8128
-0.8090
-0.8053
-0.8016
-0.7980
-0.7945
-0.7910
-0.7876
-0.7842
-0.7809
-0.7777
-0.7745
-0.7714
-0.7683
-0.7653
-0.7623
-0.7594
-0.7565
-0.7538
-0.7510
-0.7483
-0.7457
-0.7432
-0.7406
-0.7382
-0.7358
-0.7335
-0.7312
-0.7290
-0.7268
-0.7247
-0.7227
-0.7207
-0.7187
-0.7169
-0.7150
-0.7133
-0.7116
-0.7099
-0.7083
-0.7068
-0.7053
-0.7039
-0.7025
-0.7012
-0.7000
-0.6988
-0.6977
-0.6966
-0.6956
-0.6946
-0.6937
-0.6929
-0.6921
-0.6914
-0.6907
-0.6901
-0.6895
-0.6890
-0.6886
-0.6882
-0.6878
-0.6876
-0.6874
-0.6872
-0.6871
-0.6871
-0.6871
-0.6871
-0.6873
-0.6875
-0.6877
-0.6880
-0.6884
-0.6888
-0.6893
-0.6898
-0.6904
-0.6910
-0.6917
-0.6925
-0.6933
-0.6942
-0.6951
-0.6961
-0.6971
-0.6982
-0.6994
-0.7006
-0.7019
-0.7032
-0.7046
-0.7061
-0.7076
-0.7091
-0.7108
-0.7124
-0.7142
-0.7160
-0.7178
-0.7197
-0.7217
-0.7237
-0.7258
-0.7279
-0.7301
-0.7324
-0.7347
-0.7370
-0.7395
-0.7419
-0.7445
-0.7471
-0.7497
-0.7524
-0.7552
-0.7580
-0.7609
-0.7638
-0.7668
-0.7699
-0.7730
-0.7761
-0.7793
-0.7826
-0.7860
-0.7894
-0.7928
-0.7963
-0.7999
-0.8035
-0.8072
-0.8109
-0.8147
-0.8186
-0.8225
-0.8264
-0.8304
-0.8345
-0.8387
-0.8428
-0.8471
-0.8514
-0.8558
-0.8602
-0.8647
-0.8692
-0.8738
-0.8784
-0.8831
-0.8879
-0.8927
-0.8976
-0.9000
-0.8958
-0.8917
-0.8876
-0.8836
-0.8796
-0.8757
-0.8719
-0.8681
-0.8644
-0.8607
-0.8571
-0.8535
-0.8500
-0.8466
-0.8432
-0.8398
-0.8366
-0.8333
-0.8302
-0.8271
-0.8240
-0.8210
-0.8181
-0.8152
-0.8124
-0.8096
-0.8069
-0.8043
-0.8017
-0.7991
-0.7967
-0.7942
-0.7919
-0.7896
-0.7873
-0.7851
-0.7830
-0.7809
-0.7789
-0.7769
-0.7750
-0.7731
-0.7714
-0.7696
-0.7679
-0.7663
-0.7647
-0.7632
-0.7618
-0.7604
-0.7591
-0.7578
-0.7565
-0.7554
-0.7543
-0.7532
-0.7522
-0.7513
-0.7504
-0.7496
-0.7488
-0.7481
-0.7475
-0.7469
-0.7463
-0.7458
-0.7454
-0.7451
-0.7447
-0.7445
-0.7443
-0.7442
-0.7441
-0.7441
-0.7441
-0.7442
-0.7443
-0.7445
-0.7448
-0.7451
-0.7455
-0.7459
-0.7464
-0.7470
-0.7476
-0.7482
-0.7490
-0.7497
-0.7506
-0.7515
-0.7524
-0.7534
-0.7545
-0.7556
-0.7568
-0.7580
-0.7593
-0.7607
-0.7621
-0.7635
-0.7650
-0.7666
-0.7683
-0.7699
-0.7717
-0.7735
-0.7754
-0.7773
-0.7793
-0.7813
-0.7834
-0.7855
-0.7877
-0.7900
-0.7923
-0.7947
-0.7971
-0.7996
-0.8022
-0.8048
-0.8074
-0.8101
-0.8129
-0.8157
-0.8186
-0.8216
-0.8246
-0.8276
-0.8308
-0.8339
-0.8372
-0.8404
-0.8438
-0.8472
-0.8507
-0.8542
-0.8577
-0.8614
-0.8651
-0.8688
-0.8726
-0.8764
-0.8804
-0.8843
-0.8884
-0.8924
-0.8966
-0.9000
-0.8964
-0.8929
-0.8895
-0.8861
-0.8828
-0.8795
-0.8763
-0.8731
-0.8700
-0.8670
-0.8640
-0.8611
-0.8582
-0.8554
-0.8526
-0.8499
-0.8473
-0.8447
-0.8421
-0.8397
-0.8372
-0.8349
-0.8326
-0.8303
-0.8281
-0.8260
-0.8239
-0.8219
-0.8199
-0.8180
-0.8162
-0.8144
-0.8127
-0.8110
-0.8094
-0.8078
-0.8063
-0.8048
-0.8034
-0.8021
-0.8008
-0.7996
-0.7984
-0.7973
-0.7963
-0.7953
-0.7943
-0.7934
-0.7926
-0.7919
-0.7911
-0.7905
-0.7899
-0.7893
-0.7889
-0.7884
-0.7881
-0.7878
-0.7875
-0.7873
-0.7872
-0.7871
-0.7871
-0.7871
-0.7872
-0.7873
-0.7875
-0.7878
-0.7881
-0.7885
-0.7889
-0.7894
-0.7899
-0.7905
-0.7912
-0.7919
-0.7927
-0.7935
-0.7944
-0.7953
-0.7963
-0.7974
-0.7985
-0.7997
-0.8009
-0.8022
-0.8035
-0.8049
-0.8064
-0.8079
-0.8095
-0.8111
-0.8128
-0.8145
-0.8163
-0.8182
-0.8201
-0.8220
-0.8241
-0.8261
-0.8283
-0.8305
-0.8327
-0.8350
-0.8374
-0.8398
-0.8423
-0.8448
-0.8474
-0.8501
-0.8528
-0.8556
-0.8584
-0.8613
-0.8642
-0.8672
-0.8702
-0.8733
-0.8765
-0.8797
-0.8830
-0.8863
-0.8897
-0.8932
-0.8967
-0.9000
-0.8970
-0.8940
-0.8911
-0.8883
-0.8855
-0.8828
-0.8801
-0.8775
-0.8750
-0.8725
-0.8700
-0.8676
-0.8653
-0.8631
-0.8608
-0.8587
-0.8566
-0.8545
-0.8526
-0.8506
-0.8488
-0.8469
-0.8452
-0.8435
-0.8418
-0.8402
-0.8387
-0.8372
-0.8358
-0.8345
-0.8332
-0.8319
-0.8307
-0.8296
-0.8285
-0.8275
-0.8265
-0.8256
-0.8248
-0.8240
-0.8232
-0.8226
-0.8219
-0.8214
-0.8209
-0.8204
-0.8200
-0.8197
-0.8194
-0.8192
-0.8190
-0.8189
-0.8189
-0.8189
-0.8189
-0.8190
-0.8192
-0.8195
-0.8197
-0.8201
-0.8205
-0.8210
-0.8215
-0.8220
-0.8227
-0.8234
-0.8241
-0.8249
-0.8258
-0.8267
-0.8277
-0.8287
-0.8298
-0.8309
-0.8321
-0.8334
-0.8347
-0.8360
-0.8375
-0.8390
-0.8405
-0.8421
-0.8438
-0.8455
-0.8472
-0.8491
-0.8509
-0.8529
-0.8549
-0.8569
-0.8590
-0.8612
-0.8634
-0.8657
-0.8680
-0.8704
-0.8729
-0.8754
-0.8779
-0.8806
-0.8832
-0.8860
-0.8888
-0.8916
-0.8945
-0.8975
-0.9000
-0.8975
-0.8950
-0.8925
-0.8902
-0.8879
-0.8856
-0.8834
-0.8813
-0.8792
-0.8771
-0.8752
-0.8732
-0.8714
-0.8696
-0.8678
-0.8661
-0.8645
-0.8629
-0.8614
-0.8599
-0.8585
-0.8572
-0.8559
-0.8547
-0.8535
-0.8524
-0.8513
-0.8503
-0.8493
-0.8484
-0.8476
-0.8468
-0.8461
-0.8454
-0.8448
-0.8443
-0.8438
-0.8433
-0.8429
-0.8426
-0.8423
-0.8421
-0.8420
-0.8419
-0.8418
-0.8418
-0.8419
-0.8420
-0.8422
-0.8425
-0.8428
-0.8431
-0.8435
-0.8440
-0.8445
-0.8451
-0.8457
-0.8464
-0.8472
-0.8480
-0.8488
-0.8498
-0.8507
-0.8518
-0.8529
-0.8540
-0.8552
-0.8565
-0.8578
-0.8592
-0.8606
-0.8621
-0.8637
-0.8653
-0.8669
-0.8686
-0.8704
-0.8722
-0.8741
-0.8761
-0.8781
-0.8801
-0.8823
-0.8844
-0.8866
-0.8889
-0.8913
-0.8937
-0.8961
-0.8986
-0.9000
-0.8978
-0.8957
-0.8937
-0.8917
-0.8898
-0.8879
-0.8861
-0.8843
-0.8826
-0.8810
-0.8794
-0.8779
-0.8764
-0.8750
-0.8736
-0.8723
-0.8711
-0.8699
-0.8687
-0.8677
-0.8666
-0.8657
-0.8648
-0.8639
-0.8631
-0.8624
-0.8617
-0.8611
-0.8605
-0.8600
-0.8595
-0.8592
-0.8588
-0.8585
-0.8583
-0.8581
-0.8580
-0.8580
-0.8580
-0.8580
-0.8581
-0.8583
-0.8585
-0.8588
-0.8592
-0.8595
-0.8600
-0.8605
-0.8611
-0.8617
-0.8624
-0.8631
-0.8639
-0.8648
-0.8657
-0.8666
-0.8677
-0.8687
-0.8699
-0.8711
-0.8723
-0.8736
-0.8750
-0.8764
-0.8779
-0.8794
-0.8810
-0.8826
-0.8843
-0.8861
-0.8879
-0.8898
-0.8917
-0.8937
-0.8957
-0.8978
-0.9000
-0.9000
-0.8982
-0.8964
-0.8946
-0.8929
-0.8913
-0.8898
-0.8882
-0.8868
-0.8854
-0.8841
-0.8828
-0.8815
-0.8804
-0.8793
-0.8782
-0.8772
-0.8763
-0.8754
-0.8746
-0.8738
-0.8731
-0.8724
-0.8718
-0.8713
-0.8708
-0.8703
-0.8700
-0.8696
-0.8694
-0.8692
-0.8690
-0.8689
-0.8689
-0.8689
-0.8690
-0.8691
-0.8693
-0.8696
-0.8699
-0.8702
-0.8707
-0.8711
-0.8717
-0.8722
-0.8729
-0.8736
-0.8743
-0.8752
-0.8760
-0.8770
-0.8779
-0.8790
-0.8801
-0.8812
-0.8825
-0.8837
-0.8850
-0.8864
-0.8879
-0.8894
-0.8909
-0.8925
-0.8942
-0.8959
-0.8977
-0.8995
-0.9000
-0.8984
-0.8969
-0.8954
-0.8940
-0.8927
-0.8914
-0.8902
-0.8890
-0.8879
-0.8868
-0.8858
-0.8849
-0.8840
-0.8831
-0.8823
-0.8816
-0.8809
-0.8803
-0.8798
-0.8793
-0.8788
-0.8785
-0.8781
-0.8779
-0.8776
-0.8775
-0.8774
-0.8773
-0.8774
-0.8774
-0.8776
-0.8777
-0.8780
-0.8783
-0.8786
-0.8790
-0.8795
-0.8800
-0.8806
-0.8812
-0.8819
-0.8827
-0.8835
-0.8843
-0.8853
-0.8862
-0.8873
-0.8884
-0.8895
-0.8907
-0.8920
-0.8933
-0.8946
-0.8961
-0.8976
-0.8991
-0.9000
-0.8987
-0.8974
-0.8962
-0.8951
-0.8940
-0.8929
-0.8919
-0.8910
-0.8901
-0.8893
-0.8886
-0.8879
-0.8872
-0.8866
-0.8861
-0.8856
-0.8852
-0.8849
-0.8846
-0.8843
-0.8841
-0.8840
-0.8839
-0.8839
-0.8839
-0.8840
-0.8842
-0.8844
-0.8847
-0.8850
-0.8854
-0.8858
-0.8863
-0.8868
-0.8874
-0.8881
-0.8888
-0.8896
-0.8904
-0.8913
-0.8922
-0.8932
-0.8943
-0.8954
-0.8966
-0.8978
-0.8991
-0.9000
-0.8989
-0.8979
-0.8969
-0.8959
-0.8951
-0.8943
-0.8935
-0.8928
-0.8921
-0.8916
-0.8910
-0.8905
-0.8901
-0.8898
-0.8895
-0.8892
-0.8890
-0.8889
-0.8888
-0.8888
-0.8888
-0.8889
-0.8890
-0.8892
-0.8895
-0.8898
-0.8902
-0.8906
-0.8911
-0.8916
-0.8922
-0.8929
-0.8936
-0.8944
-0.8952
-0.8961
-0.8970
-0.8980
-0.8991
-0.9000
-0.8991
-0.8983
-0.8975
-0.8967
-0.8961
-0.8954
-0.8949
-0.8944
-0.8939
-0.8935
-0.8932
-0.8929
-0.8927
-0.8925
-0.8924
-0.8924
-0.8924
-0.8924
-0.8926
-0.8927
-0.8930
-0.8933
-0.8936
-0.8940
-0.8945
-0.8950
-0.8955
-0.8962
-0.8969
-0.8976
-0.8984
-0.8993
-0.9000
-0.8993
-0.8986
-0.8980
-0.8974
-0.8969
-0.8965
-0.8961
-0.8957
-0.8955
-0.8952
-0.8951
-0.8950
-0.8949
-0.8949
-0.8950
-0.8951
-0.8953
-0.8955
-0.8958
-0.8961
-0.8965
-0.8970
-0.8975
-0.8981
-0.8987
-0.8994
-0.9000
-0.8994
-0.8989
-0.8984
-0.8980
-0.8976
-0.8973
-0.8971
-0.8969
-0.8968
-0.8967
-0.8967
-0.8967
-0.8968
-0.8970
-0.8972
-0.8974
-0.8978
-0.8981
-0.8986
-0.8991
-0.8996
-0.9000
-0.8995
-0.8991
-0.8988
-0.8985
-0.8982
-0.8981
-0.8979
-0.8979
-0.8978
-0.8979
-0.8980
-0.8981
-0.8983
-0.8986
-0.8989
-0.8993
-0.8998
-0.9000
-0.8996
-0.8993
-0.8991
-0.8988
-0.8987
-0.8986
-0.8986
-0.8986
-0.8987
-0.8988
-0.8990
-0.8993
-0.8996
-0.8999
-0.9000
-0.8997
-0.8994
-0.8992
-0.8991
-0.8990
-0.8990
-0.8990
-0.8991
-0.8993
-0.8995
-0.8997
-0.9000
-0.8998
-0.8996
-0.8995
-0.8995
-0.8995
-0.8995
-0.8997
-0.8998
-0.9000
-0.8999
-0.8998
-0.8997
-0.8997
-0.8998
-0.9000
-0.9000
-0.8999
-0.8998
-0.8998
-0.8999
-0.9000
-0.9000
-0.9000
-0.9000
-0.9000
-0.9000
-0.9000
-0.9000
-0.9000
-0.9000
-0.9000
-0.9000
-0.9000
-0.9000
-0.9000
-0.9000
-0.9000
-0.9000
-0.9000
-0.9000
-0.9000
-0.9000
-0.9000
-0.9000
-0.9000
-0.9000
-0.9000
-0.9000
-0.9000
-0.9000
-0.9000
-0.9000
-0.9000
-0.9000
-0.9000
-0.9000
-0.9000
-0.9000
-0.9000
-0.9000
-0.9000
-0.9000
-0.9000
-0.9000
-0.9000
-0.9000
-0.9000
-0.9000
-0.9000
-0.9000
-0.9000
-0.9000
-0.9000
-0.9000
-0.9000
-0.9000
-0.9000
-0.9000
-0.9000
-0.9000
-0.9000
-0.9000
-0.9000
-0.9000
-0.9000
-0.9000
-0.9000
-0.9000
-0.9000
-0.9000
-0.9000
-0.9000
-0.9000
-0.9000
-0.9000
-0.9000
-0.9000
-0.9000
-0.9000
-0.9000
-0.9000
-0.9000
-0.9000
-0.9000
-0.9000
-0.9000
-0.9000
-0.9000
-0.9000
-0.9000
-0.9000
-0.9000
-0.9000
-0.9000
-0.9000
-0.9000
-0.9000
-0.9000
-0.9000
-0.9000
-0.9000
-0.9000
-0.9000
-0.9000
-0.9000
-0.9000
-0.9000
-0.9000
-0.9000
-0.9000
-0.9000
-0.9000
-0.9000
-0.9000
-0.9000
-0.9000
-0.9000
-0.9000
-0.9000
-0.9000
-0.9000
-0.9000
-0.9000
-0.9000
-0.9000
-0.9000
-0.9000
-0.9000
-0.9000
-0.9000
-0.9000
-0.9000
-0.9000
-0.9000
-0.9000
-0.9000
-0.9000
-0.9000
-0.9000
-0.9000
-0.9000
-0.9000
-0.9000
-0.9000
-0.9000
-0.9000
-0.9000
-0.9000
-0.9000
-0.9000
-0.9000
-0.9000
-0.9000
-0.9000
-0.9000
-0.9000
-0.9000
-0.9000
-0.9000
-0.9000
-0.9000
-0.9000
-0.9000
-0.9000
-0.9000
-0.9000
-0.9000
-0.9000
-0.9000
-0.9000
-0.9000
-0.9000
-0.9000
-0.9000
-0.9000
-0.9000
-0.9000
-0.9000
-0.9000
-0.9000
-0.9000
-0.9000
-0.9000
-0.9000
-0.9000
-0.9000
-0.9000
-0.9000
-0.9000
-0.9000
-0.9000
-0.9000
-0.9000
-0.9000
-0.9000
-0.9000
-0.9000
-0.9000
-0.9000
-0.9000
-0.9000
-0.9000
-0.9000
-0.9000
-0.9000
-0.9000
-0.9000
-0.9000
-0.9000
-0.9000
-0.9000
-0.9000
-0.9000
-0.9000
-0.9000
-0.9000
-0.9000
-0.9000
-0.9000
-0.9000
-0.9000
-0.9000
-0.9000
-0.9000
-0.9000
-0.9000
-0.9000
-0.9000
-0.9000
-0.9000
-0.9000
-0.9000
-0.9000
-0.9000
-0.9000
-0.9000
-0.9000
-0.9000
-0.9000
-0.9000
-0.9000
-0.9000
-0.9000
-0.9000
-0.9000
-0.9000
-0.9000
-0.9000
-0.9000
-0.9000
-0.9000
-0.9000
-0.9000
-0.9000
-0.9000
-0.9000
-0.9000
-0.9000
-0.9000
-0.9000
-0.9000
-0.9000
-0.9000
-0.9000
-0.9000
-0.9000
-0.9000
-0.9000
-0.9000
-0.9000
-0.9000
-0.9000
-0.9000
-0.9000
-0.9000
-0.9000
-0.9000
-0.9000
-0.9000
-0.9000
-0.9000
-0.9000
-0.9000
-0.9000
-0.9000
-0.9000
-0.9000
-0.9000
-0.9000
-0.9000
-0.9000
-0.9000
-0.9000
-0.9000
-0.9000
-0.9000
-0.9000
-0.9000
-0.9000
-0.9000
-0.9000
-0.9000
-0.9000
-0.9000
-0.9000
-0.9000
-0.9000
-0.9000
-0.9000
-0.9000
-0.9000
-0.9000
-0.9000
-0.9000
-0.9000
-0.9000
-0.9000
-0.9000
-0.9000
-0.9000
-0.9000
-0.9000
-0.9000
-0.9000
-0.9000
-0.9000
-0.9000
-0.9000
-0.9000
-0.9000
-0.9000
-0.9000
-0.9000
-0.9000
-0.9000
-0.9000
-0.9000
-0.9000
-0.9000
-0.9000
-0.9000
-0.9000
-0.9000
-0.9000
-0.9000
-0.9000
-0.9000
-0.9000
-0.9000
-0.9000
-0.9000
-0.9000
-0.9000
-0.9000
-0.9000
-0.9000
-0.9000
-0.9000
-0.9000
-0.9000
-0.9000
-0.9000
-0.9000
-0.9000
-0.9000
-0.9000
-0.9000
-0.9000
-0.9000
-0.9000
-0.9000
-0.9000
-0.9000
-0.9000
-0.9000
-0.9000
-0.9000
-0.9000
-0.9000
-0.9000
-0.9000
-0.9000
-0.9000
-0.9000
-0.9000
-0.9000
-0.9000
-0.9000
-0.9000
-0.9000
-0.9000
-0.9000
-0.9000
-0.9000
-0.9000
-0.9000
-0.9000
-0.9000
-0.9000
-0.9000
-0.9000
-0.9000
-0.9000
-0.9000
-0.9000
-0.9000
-0.9000
-0.9000
-0.9000
-0.9000
-0.9000
-0.9000
-0.9000
-0.9000
-0.9000
-0.9000
-0.9000
-0.9000
-0.9000
-0.9000
-0.9000
-0.9000
-0.9000
-0.9000
-0.9000
-0.9000
-0.9000
-0.9000
-0.9000
-0.9000
-0.9000
-0.9000
-0.9000
-0.9000
-0.9000
-0.9000
-0.9000
-0.9000
-0.9000
-0.9000
-0.9000
-0.9000
-0.9000
-0.9000
-0.9000
-0.9000
-0.9000
-0.9000
-0.9000
-0.9000
-0.9000
-0.9000
-0.9000
-0.9000
-0.9000
-0.9000
-0.9000
-0.9000
-0.9000
-0.9000
-0.9000
-0.9000
-0.9000
-0.9000
-0.9000
-0.9000
-0.9000
-0.9000
-0.9000
-0.9000
-0.9000
-0.9000
-0.9000
-0.9000
-0.9000
-0.9000
-0.9000
-0.9000
-0.9000
-0.9000
-0.9000
-0.9000
-0.9000
-0.9000
-0.9000
-0.9000
-0.9000
-0.9000
-0.9000
-0.9000
-0.9000
-0.9000
-0.9000
-0.9000
-0.9000
-0.9000
-0.9000
-0.9000
-0.9000
-0.9000
-0.9000
-0.9000
-0.9000
-0.9000
-0.9000
-0.9000
-0.9000
-0.9000
-0.9000
-0.9000
-0.9000
-0.9000
-0.9000
-0.9000
-0.9000
-0.9000
-0.9000
-0.9000
-0.9000
-0.9000
-0.9000
-0.9000
-0.9000
-0.9000
-0.9000
-0.9000
-0.9000
-0.9000
-0.9000
-0.9000
-0.9000
-0.9000
-0.9000
-0.9000
-0.9000
-0.9000
-0.9000
-0.9000
-0.9000
-0.9000
-0.9000
-0.9000
-0.9000
-0.9000
-0.9000
-0.9000
-0.9000
-0.9000
-0.9000
-0.9000
-0.9000
-0.9000
-0.9000
-0.9000
-0.9000
-0.9000
-0.9000
-0.9000
-0.9000
-0.9000
-0.9000
-0.9000
-0.9000
-0.9000
-0.9000
-0.9000
-0.9000
-0.9000
-0.9000
-0.9000
-0.9000
-0.9000
-0.9000
-0.9000
-0.9000
-0.9000
-0.9000
-0.9000
-0.9000
-0.9000
-0.9000
-0.9000
-0.9000
-0.9000
-0.9000
-0.9000
-0.9000
-0.9000
-0.9000
-0.9000
-0.9000
-0.9000
-0.9000
-0.9000
-0.9000
-0.9000
-0.9000
-0.9000
-0.9000
-0.9000
-0.9000
-0.9000
-0.9000
-0.9000
-0.9000
-0.9000
-0.9000
-0.9000
-0.9000
-0.9000
-0.9000
-0.9000
-0.9000
-0.9000
-0.9000
-0.9000
-0.9000
-0.9000
-0.9000
-0.9000
-0.9000
-0.9000
-0.9000
-0.9000
-0.9000
-0.9000
-0.9000
-0.9000
-0.9000
-0.9000
-0.9000
-0.9000
-0.9000
-0.9000
-0.9000
-0.9000
-0.9000
-0.9000
-0.9000
-0.9000
-0.9000
-0.9000
-0.9000
-0.9000
-0.9000
-0.9000
-0.9000
-0.9000
-0.9000
-0.9000
-0.9000
-0.9000
-0.9000
-0.9000
-0.9000
-0.9000
-0.9000
-0.9000
-0.9000
-0.9000
-0.9000
-0.9000
-0.9000
-0.9000
-0.9000
-0.9000
-0.9000
-0.9000
-0.9000
-0.9000
-0.9000
-0.9000
-0.9000
-0.9000
-0.9000
-0.9000
-0.9000
-0.9000
-0.9000
-0.9000
-0.9000
-0.9000
-0.9000
-0.9000
-0.9000
-0.9000
-0.9000
-0.9000
-0.9000
-0.9000
-0.9000
-0.9000
-0.9000
-0.9000
-0.9000
-0.9000
-0.9000
-0.9000
-0.9000
-0.9000
-0.9000
-0.9000
-0.9000
-0.9000
-0.9000
-0.9000
-0.9000
-0.9000
-0.9000
-0.9000
-0.9000
-0.9000
-0.9000
-0.9000
-0.9000
-0.9000
-0.9000
-0.9000
-0.9000
-0.9000
-0.9000
-0.9000
-0.9000
-0.9000
-0.9000
-0.9000
-0.9000
-0.9000
-0.9000
-0.9000
-0.9000
-0.9000
-0.9000
-0.9000
-0.9000
-0.9000
-0.9000
-0.9000
-0.9000
-0.9000
-0.9000
-0.9000
-0.9000
-0.9000
-0.9000
-0.9000
-0.9000
-0.9000
-0.9000
-0.9000
-0.9000
-0.9000
-0.9000
-0.9000
-0.9000
-0.9000
-0.9000
-0.9000
-0.9000
-0.9000
-0.9000
-0.9000
-0.9000
-0.9000
-0.9000
-0.9000
-0.9000
-0.9000
-0.9000
-0.9000
-0.9000
-0.9000
-0.9000
-0.9000
-0.9000
-0.9000
-0.9000
-0.9000
-0.9000
-0.9000
-0.9000
-0.9000
-0.9000
-0.9000
-0.9000
-0.9000
-0.9000
-0.9000
-0.9000
-0.9000
-0.9000
-0.9000
-0.9000
-0.9000
-0.9000
-0.9000
-0.9000
-0.9000
-0.9000
-0.9000
-0.9000
-0.9000
-0.9000
-0.9000
-0.9000
-0.9000
-0.9000
-0.9000
-0.9000
-0.9000
-0.9000
-0.9000
-0.9000
-0.9000
-0.9000
-0.9000
-0.9000
-0.9000
-0.9000
-0.9000
-0.9000
-0.9000
-0.9000
-0.9000
-0.9000
-0.9000
-0.9000
-0.9000
-0.9000
-0.9000
-0.9000
-0.9000
-0.9000
-0.9000
-0.9000
-0.9000
-0.9000
-0.9000
-0.9000
-0.9000
-0.9000
-0.9000
-0.9000
-0.9000
-0.9000
-0.9000
-0.9000
-0.9000
-0.9000
-0.9000
-0.9000
-0.9000
-0.9000
-0.9000
-0.9000
-0.9000
-0.9000
-0.9000
-0.9000
-0.9000
-0.9000
-0.9000
-0.9000
-0.9000
-0.9000
-0.9000
-0.9000
-0.9000
-0.9000
-0.9000
-0.9000
-0.9000
-0.9000
-0.9000
-0.9000
-0.9000
-0.9000
-0.9000
-0.9000
-0.9000
-0.9000
-0.9000
-0.9000
-0.9000
-0.9000
-0.9000
-0.9000
-0.9000
-0.9000
-0.9000
-0.9000
-0.9000
-0.9000
-0.9000
-0.9000
-0.9000
-0.9000
-0.9000
-0.9000
-0.9000
-0.9000
-0.9000
-0.9000
-0.9000
-0.9000
-0.9000
-0.9000
-0.9000
-0.9000
-0.9000
-0.9000
-0.9000
-0.9000
-0.9000
-0.9000
-0.9000
-0.9000
-0.9000
-0.9000
-0.9000
-0.9000
-0.9000
-0.9000
-0.9000
-0.9000
-0.9000
-0.9000
-0.9000
-0.9000
-0.9000
-0.9000
-0.9000
-0.9000
-0.9000
-0.9000
-0.9000
-0.9000
-0.9000
-0.9000
-0.9000
-0.9000
-0.9000
-0.9000
-0.9000
-0.9000
-0.9000
-0.9000
-0.9000
-0.9000
-0.9000
-0.9000
-0.9000
-0.9000
-0.9000
-0.9000
-0.9000
-0.9000
-0.9000
-0.9000
-0.9000
-0.9000
-0.9000
-0.9000
-0.9000
-0.9000
-0.9000
-0.9000
-0.9000
-0.9000
-0.9000
-0.9000
-0.9000
-0.9000
-0.9000
-0.9000
-0.9000
-0.9000
-0.9000
-0.9000
-0.9000
-0.9000
-0.9000
-0.9000
-0.9000
-0.9000
-0.9000
-0.9000
-0.9000
-0.9000
-0.9000
-0.9000
-0.9000
-0.9000
-0.9000
-0.9000
-0.9000
-0.9000
-0.9000
-0.9000
-0.9000
-0.9000
-0.9000
-0.9000
-0.9000
-0.9000
-0.9000
-0.9000
-0.9000
-0.9000
-0.9000
-0.9000
-0.9000
-0.9000
-0.9000
-0.9000
-0.9000
-0.9000
-0.9000
-0.9000
-0.9000
-0.9000
-0.9000
-0.9000
-0.9000
-0.9000
-0.9000
-0.9000
-0.9000
-0.9000
-0.9000
-0.9000
-0.9000
-0.9000
-0.9000
-0.9000
-0.9000
-0.9000
-0.9000
-0.9000
-0.9000
-0.9000
-0.9000
-0.9000
-0.9000
-0.9000
-0.9000
-0.9000
-0.9000
-0.9000
-0.9000
-0.9000
-0.9000
-0.9000
-0.9000
-0.9000
-0.9000
-0.9000
-0.9000
-0.9000
-0.9000
-0.9000
-0.9000
-0.9000
-0.9000
-0.9000
-0.9000
-0.9000
-0.9000
-0.9000
-0.9000
-0.9000
-0.9000
-0.9000
-0.9000
-0.9000
-0.9000
-0.9000
-0.9000
-0.9000
-0.9000
-0.9000
-0.9000
-0.9000
-0.9000
-0.9000
-0.9000
-0.9000
-0.9000
-0.9000
-0.9000
-0.9000
-0.9000
-0.9000
-0.9000
-0.9000
-0.9000
-0.9000
-0.9000
-0.9000
-0.9000
-0.9000
-0.9000
-0.9000
-0.9000
-0.9000
-0.9000
-0.9000
-0.9000
-0.9000
-0.9000
-0.9000
-0.9000
-0.9000
-0.9000
-0.9000
-0.9000
-0.9000
-0.9000
-0.9000
-0.9000
-0.9000
-0.9000
-0.9000
-0.9000
-0.9000
-0.9000
-0.9000
-0.9000
-0.9000
-0.9000
-0.9000
-0.9000
-0.9000
-0.9000
-0.9000
-0.9000
-0.9000
-0.9000
-0.9000
-0.9000
-0.9000
-0.9000
-0.9000
-0.9000
-0.9000
-0.9000
-0.9000
-0.9000
-0.9000
-0.9000
-0.9000
-0.9000
-0.9000
-0.9000
-0.9000
-0.9000
-0.9000
-0.9000
-0.9000
-0.9000
-0.9000
-0.9000
-0.9000
-0.9000
-0.9000
-0.9000
-0.9000
-0.9000
-0.9000
-0.9000
-0.9000
-0.9000
-0.9000
-0.9000
-0.9000
-0.9000
-0.9000
-0.9000
-0.9000
-0.9000
-0.9000
-0.9000
-0.9000
-0.9000
-0.9000
-0.9000
-0.9000
-0.9000
-0.9000
-0.9000
-0.9000
-0.9000
-0.9000
-0.9000
-0.9000
-0.9000
-0.9000
-0.9000
-0.9000
-0.9000
-0.9000
-0.9000
-0.9000
-0.9000
-0.9000
-0.9000
-0.9000
-0.9000
-0.9000
-0.9000
-0.9000
-0.9000
-0.9000
-0.9000
-0.9000
-0.9000
-0.9000
-0.9000
-0.9000
-0.9000
-0.9000
-0.9000
-0.9000
-0.9000
-0.9000
-0.9000
-0.9000
-0.9000
-0.9000
-0.9000
-0.9000
-0.9000
-0.9000
-0.9000
-0.9000
-0.9000
-0.9000
-0.9000
-0.9000
-0.9000
-0.9000
-0.9000
-0.9000
-0.9000
-0.9000
-0.9000
-0.9000
-0.9000
-0.9000
-0.9000
-0.9000
-0.9000
-0.9000
-0.9000
-0.9000
-0.9000
-0.9000
-0.9000
-0.9000
-0.9000
-0.9000
-0.9000
-0.9000
-0.9000
-0.9000
-0.9000
-0.9000
-0.9000
-0.9000
-0.9000
-0.9000
-0.9000
-0.9000
-0.9000
-0.9000
-0.9000
-0.9000
-0.9000
-0.9000
-0.9000
-0.9000
-0.9000
-0.9000
-0.9000
-0.9000
-0.9000
-0.9000
-0.9000
-0.9000
-0.9000
-0.9000
-0.9000
-0.9000
-0.9000
-0.9000
-0.9000
-0.9000
-0.9000
-0.9000
-0.9000
-0.9000
-0.9000
-0.9000
-0.9000
-0.9000
-0.9000
-0.9000
-0.9000
-0.9000
-0.9000
-0.9000
-0.9000
-0.9000
-0.9000
-0.9000
-0.9000
-0.9000
-0.9000
-0.9000
-0.9000
-0.9000
-0.9000
-0.9000
-0.9000
-0.9000
-0.9000
-0.9000
-0.9000
-0.9000
-0.9000
-0.9000
-0.9000
-0.9000
-0.9000
-0.9000
-0.9000
-0.9000
-0.9000
-0.9000
-0.9000
-0.9000
-0.9000
-0.9000
-0.9000
-0.9000
-0.9000
-0.9000
-0.9000
-0.9000
-0.9000
-0.9000
-0.9000
-0.9000
-0.9000
-0.9000
-0.9000
-0.9000
-0.9000
-0.9000
-0.9000
-0.9000
-0.9000
-0.9000
-0.9000
-0.9000
-0.9000
-0.9000
-0.9000
-0.9000
-0.9000
-0.9000
-0.9000
-0.9000
-0.9000
-0.9000
-0.9000
-0.9000
-0.9000
-0.9000
-0.9000
-0.9000
-0.9000
-0.9000
-0.9000
-0.9000
-0.9000
-0.9000
-0.9000
-0.9000
-0.9000
-0.9000
-0.9000
-0.9000
-0.9000
-0.9000
-0.9000
-0.9000
-0.9000
-0.9000
-0.9000
-0.9000
-0.9000
-0.9000
-0.9000
-0.9000
-0.9000
-0.9000
-0.9000
-0.9000
-0.9000
-0.9000
-0.9000
-0.9000
-0.9000
-0.9000
-0.9000
-0.9000
-0.9000
-0.9000
-0.9000
-0.9000
-0.9000
-0.9000
-0.9000
-0.9000
-0.9000
-0.9000
-0.9000
-0.9000
-0.9000
-0.9000
-0.9000
-0.9000
-0.9000
-0.9000
-0.9000
-0.9000
-0.9000
-0.9000
-0.9000
-0.9000
-0.9000
-0.9000
-0.9000
-0.9000
-0.9000
-0.9000
-0.9000
-0.9000
-0.9000
-0.9000
-0.9000
-0.9000
-0.9000
-0.9000
-0.9000
-0.9000
-0.9000
-0.9000
-0.9000
-0.9000
-0.9000
-0.9000
-0.9000
-0.9000
-0.9000
-0.9000
-0.9000
-0.9000
-0.9000
-0.9000
-0.9000
-0.9000
-0.9000
-0.9000
-0.9000
-0.9000
-0.9000
-0.9000
-0.9000
-0.9000
-0.9000
-0.9000
-0.9000
-0.9000
-0.9000
-0.9000
-0.9000
-0.9000
-0.9000
-0.9000
-0.9000
-0.9000
-0.9000
-0.9000
-0.9000
-0.9000
-0.9000
-0.9000
-0.9000
-0.9000
-0.9000
-0.9000
-0.9000
-0.9000
-0.9000
-0.9000
-0.9000
-0.9000
-0.9000
-0.9000
-0.9000
-0.9000
-0.9000
-0.9000
-0.9000
-0.9000
-0.9000
-0.9000
-0.9000
-0.9000
-0.9000
-0.9000
-0.9000
-0.9000
-0.9000
-0.9000
-0.9000
-0.9000
-0.9000
-0.9000
-0.9000
-0.9000
-0.9000
-0.9000
-0.9000
-0.9000
-0.9000
-0.9000
-0.9000
-0.9000
-0.9000
-0.9000
-0.9000
-0.9000
-0.9000
-0.9000
-0.9000
-0.9000
-0.9000
-0.9000
-0.9000
-0.9000
-0.9000
-0.9000
-0.9000
-0.9000
-0.9000
-0.9000
-0.9000
-0.9000
-0.9000
-0.9000
-0.9000
-0.9000
-0.9000
-0.9000
-0.9000
-0.9000
-0.9000
-0.9000
-0.9000
-0.9000
-0.9000
-0.9000
-0.9000
-0.9000
-0.9000
-0.9000
-0.9000
-0.9000
-0.9000
-0.9000
-0.9000
-0.9000
-0.9000
-0.9000
-0.9000
-0.9000
-0.9000
-0.9000
-0.9000
-0.9000
-0.9000
-0.9000
-0.9000
-0.9000
-0.9000
-0.9000
-0.9000
-0.9000
-0.9000
-0.9000
-0.9000
-0.9000
-0.9000
-0.9000
-0.9000
-0.9000
-0.9000
-0.9000
-0.9000
-0.9000
-0.9000
-0.9000
-0.9000
-0.9000
-0.9000
-0.9000
-0.9000
-0.9000
-0.9000
-0.9000
-0.9000
-0.9000
-0.9000
-0.9000
-0.9000
-0.9000
-0.9000
-0.9000
-0.9000
-0.9000
-0.9000
-0.9000
-0.9000
-0.9000
-0.9000
-0.9000
-0.9000
-0.9000
-0.9000
-0.9000
-0.9000
-0.9000
-0.9000
-0.9000
-0.9000
-0.9000
-0.9000
-0.9000
-0.9000
-0.9000
-0.9000
-0.9000
-0.9000
-0.9000
-0.9000
-0.9000
-0.9000
-0.9000
-0.9000
-0.9000
-0.9000
-0.9000
-0.9000
-0.9000
-0.9000
-0.9000
-0.9000
-0.9000
-0.9000
-0.9000
-0.9000
-0.9000
-0.9000
-0.9000
-0.9000
-0.9000
-0.9000
-0.9000
-0.9000
-0.9000
-0.9000
-0.9000
-0.9000
-0.9000
-0.9000
-0.9000
-0.9000
-0.9000
-0.9000
-0.9000
-0.9000
-0.9000
-0.9000
-0.9000
-0.9000
-0.9000
-0.9000
-0.9000
-0.9000
-0.9000
-0.9000
-0.9000
-0.9000
-0.9000
-0.9000
-0.9000
-0.9000
-0.9000
-0.9000
-0.9000
-0.9000
-0.9000
-0.9000
-0.9000
-0.9000
-0.9000
-0.9000
-0.9000
-0.9000
-0.9000
-0.9000
-0.9000
-0.9000
-0.9000
-0.9000
-0.9000
-0.9000
-0.9000
-0.9000
-0.9000
-0.9000
-0.9000
-0.9000
-0.9000
-0.9000
-0.9000
-0.9000
-0.9000
-0.9000
-0.9000
-0.9000
-0.9000
-0.9000
-0.9000
-0.9000
-0.9000
-0.9000
-0.9000
-0.9000
-0.9000
-0.9000
-0.9000
-0.9000
-0.9000
-0.9000
-0.9000
-0.9000
-0.9000
-0.9000
-0.9000
-0.9000
-0.9000
-0.9000
-0.9000
-0.9000
-0.9000
-0.9000
-0.9000
-0.9000
-0.9000
-0.9000
-0.9000
-0.9000
-0.9000
-0.9000
-0.9000
-0.9000
-0.9000
-0.9000
-0.9000
-0.9000
-0.9000
-0.9000
-0.9000
-0.9000
-0.9000
-0.9000
-0.9000
-0.9000
-0.9000
-0.9000
-0.9000
-0.9000
-0.9000
-0.9000
-0.9000
-0.9000
-0.9000
-0.9000
-0.9000
-0.9000
-0.9000
-0.9000
-0.9000
-0.9000
-0.9000
-0.9000
-0.9000
-0.9000
-0.9000
-0.9000
-0.9000
-0.9000
-0.9000
-0.9000
-0.9000
-0.9000
-0.9000
-0.9000
-0.9000
-0.9000
-0.9000
-0.9000
-0.9000
-0.9000
-0.9000
-0.9000
-0.9000
-0.9000
-0.9000
-0.9000
-0.9000
-0.9000
-0.9000
-0.9000
-0.9000
-0.9000
-0.9000
-0.9000
-0.9000
-0.9000
-0.9000
-0.9000
-0.9000
-0.9000
-0.9000
-0.9000
-0.9000
-0.9000
-0.9000
-0.9000
-0.9000
-0.9000
-0.9000
-0.9000
-0.9000
-0.9000
-0.9000
-0.9000
-0.9000
-0.9000
-0.9000
-0.9000
-0.9000
-0.9000
-0.9000
-0.9000
-0.9000
-0.9000
-0.9000
-0.9000
-0.9000
-0.9000
-0.9000
-0.9000
-0.9000
-0.9000
-0.9000
-0.9000
-0.9000
-0.9000
-0.9000
-0.9000
-0.9000
-0.9000
-0.9000
-0.9000
-0.9000
-0.9000
-0.9000
-0.9000
-0.9000
-0.9000
-0.9000
-0.9000
-0.9000
-0.9000
-0.9000
-0.9000
-0.9000
-0.9000
-0.9000
-0.9000
-0.9000
-0.9000
-0.9000
-0.9000
-0.9000
-0.9000
-0.9000
-0.9000
-0.9000
-0.9000
-0.9000
-0.9000
-0.9000
-0.9000
-0.9000
-0.9000
-0.9000
-0.9000
-0.9000
-0.9000
-0.9000
-0.9000
-0.9000
-0.9000
-0.9000
-0.9000
-0.9000
-0.9000
-0.9000
-0.9000
-0.9000
-0.9000
-0.9000
-0.9000
-0.9000
-0.9000
-0.9000
-0.9000
-0.9000
-0.9000
-0.9000
-0.9000
-0.9000
-0.9000
-0.9000
-0.9000
-0.9000
-0.9000
-0.9000
-0.9000
-0.9000
-0.9000
-0.9000
-0.9000
-0.9000
-0.9000
-0.9000
-0.9000
-0.9000
-0.9000
-0.9000
-0.9000
-0.9000
-0.9000
-0.9000
-0.9000
-0.9000
-0.9000
-0.9000
-0.9000
-0.9000
-0.9000
-0.9000
-0.9000
-0.9000
-0.9000
-0.9000
-0.9000
-0.9000
-0.9000
-0.9000
-0.9000
-0.9000
-0.9000
-0.9000
-0.9000
-0.9000
-0.9000
-0.9000
-0.9000
-0.9000
-0.9000
-0.9000
-0.9000
-0.9000
-0.9000
-0.9000
-0.9000
-0.9000
-0.9000
-0.9000
-0.9000
-0.9000
-0.9000
-0.9000
-0.9000
-0.9000
-0.9000
-0.9000
-0.9000
-0.9000
-0.9000
-0.9000
-0.9000
-0.9000
-0.9000
-0.9000
-0.9000
-0.9000
-0.9000
-0.9000
-0.9000
-0.9000
-0.9000
-0.9000
-0.9000
-0.9000
-0.9000
-0.9000
-0.9000
-0.9000
-0.9000
-0.9000
-0.9000
-0.9000
-0.9000
-0.9000
-0.9000
-0.9000
-0.9000
-0.9000
-0.9000
-0.9000
-0.9000
-0.9000
-0.9000
-0.9000
-0.9000
-0.9000
-0.9000
-0.9000
-0.9000
-0.9000
-0.9000
-0.9000
-0.9000
-0.9000
-0.9000
-0.9000
-0.9000
-0.9000
-0.9000
-0.9000
-0.9000
-0.9000
-0.9000
-0.9000
-0.9000
-0.9000
-0.9000
-0.9000
-0.9000
-0.9000
-0.9000
-0.9000
-0.9000
-0.9000
-0.9000
-0.9000
-0.9000
-0.9000
-0.9000
-0.9000
-0.9000
-0.9000
-0.9000
-0.9000
-0.9000
-0.9000
-0.9000
-0.9000
-0.9000
-0.9000
-0.9000
-0.9000
-0.9000
-0.9000
-0.9000
-0.9000
-0.9000
-0.9000
-0.9000
-0.9000
-0.9000
-0.9000
-0.9000
-0.9000
-0.9000
-0.9000
-0.9000
-0.9000
-0.9000
-0.9000
-0.9000
-0.9000
-0.9000
-0.9000
-0.9000
-0.9000
-0.9000
-0.9000
-0.9000
-0.9000
-0.9000
-0.9000
-0.9000
-0.9000
-0.9000
-0.9000
-0.9000
-0.9000
-0.9000
-0.9000
-0.9000
-0.9000
-0.9000
-0.9000
-0.9000
-0.9000
-0.9000
-0.9000
-0.9000
-0.9000
-0.9000
-0.9000
-0.9000
-0.9000
-0.9000
-0.9000
-0.9000
-0.9000
-0.9000
-0.9000
-0.9000
-0.9000
-0.9000
-0.9000
-0.9000
-0.9000
-0.9000
-0.9000
-0.9000
-0.9000
-0.9000
-0.9000
-0.9000
-0.9000
-0.9000
-0.9000
-0.9000
-0.9000
-0.9000
-0.9000
-0.9000
-0.9000
-0.9000
-0.9000
-0.9000
-0.9000
-0.9000
-0.9000
-0.9000
-0.9000
-0.9000
-0.9000
-0.9000
-0.9000
-0.9000
-0.9000
-0.9000
-0.9000
-0.9000
-0.9000
-0.9000
-0.9000
-0.9000
-0.9000
-0.9000
-0.9000
-0.9000
-0.9000
-0.9000
-0.9000
-0.9000
-0.9000
-0.9000
-0.9000
-0.9000
-0.9000
-0.9000
-0.9000
-0.9000
-0.9000
-0.9000
-0.9000
-0.9000
-0.9000
-0.9000
-0.9000
-0.9000
-0.9000
-0.9000
-0.9000
-0.9000
-0.9000
-0.9000
-0.9000
-0.9000
-0.9000
-0.9000
-0.9000
-0.9000
-0.9000
-0.9000
-0.9000
-0.9000
-0.9000
-0.9000
-0.9000
-0.9000
-0.9000
-0.9000
-0.9000
-0.9000
-0.9000
-0.9000
-0.9000
-0.9000
-0.9000
-0.9000
-0.9000
-0.9000
-0.9000
-0.9000
-0.9000
-0.9000
-0.9000
-0.9000
-0.9000
-0.9000
-0.9000
-0.9000
-0.9000
-0.9000
-0.9000
-0.9000
-0.9000
-0.9000
-0.9000
-0.9000
-0.9000
-0.9000
-0.9000
-0.9000
-0.9000
-0.9000
-0.9000
-0.9000
-0.9000
-0.9000
-0.9000
-0.9000
-0.9000
-0.9000
-0.9000
-0.9000
-0.9000
-0.9000
-0.9000
-0.9000
-0.9000
-0.9000
-0.9000
-0.9000
-0.9000
-0.9000
-0.9000
-0.9000
-0.9000
-0.9000
-0.9000
-0.9000
-0.9000
-0.9000
-0.9000
-0.9000
-0.9000
-0.9000
-0.9000
-0.9000
-0.9000
-0.9000
-0.9000
-0.9000
-0.9000
-0.9000
-0.9000
-0.9000
-0.9000
-0.9000
-0.9000
-0.9000
-0.9000
-0.9000
-0.9000
-0.9000
-0.9000
-0.9000
-0.9000
-0.9000
-0.9000
-0.9000
-0.9000
-0.9000
-0.9000
-0.9000
-0.9000
-0.9000
-0.9000
-0.9000
-0.9000
-0.9000
-0.9000
-0.9000
-0.9000
-0.9000
-0.9000
-0.9000
-0.9000
-0.9000
-0.9000
-0.9000
-0.9000
-0.9000
-0.9000
-0.9000
-0.9000
-0.9000
-0.9000
-0.9000
-0.9000
-0.9000
-0.9000
-0.9000
-0.9000
-0.9000
-0.9000
-0.9000
-0.9000
-0.9000
-0.9000
-0.9000
-0.9000
-0.9000
-0.9000
-0.9000
-0.9000
-0.9000
-0.9000
-0.9000
-0.9000
-0.9000
-0.9000
-0.9000
-0.9000
-0.9000
-0.9000
-0.9000
-0.9000
-0.9000
-0.9000
-0.9000
-0.9000
-0.9000
-0.9000
-0.9000
-0.9000
-0.9000
-0.9000
-0.9000
-0.9000
-0.9000
-0.9000
-0.9000
-0.9000
-0.9000
-0.9000
-0.9000
-0.9000
-0.9000
-0.9000
-0.9000
-0.9000
-0.9000
-0.9000
-0.9000
-0.9000
-0.9000
-0.9000
-0.9000
-0.9000
-0.9000
-0.9000
-0.9000
-0.9000
-0.9000
-0.9000
-0.9000
-0.9000
-0.9000
-0.9000
-0.9000
-0.9000
-0.9000
-0.9000
-0.9000
-0.9000
-0.9000
-0.9000
-0.9000
-0.9000
-0.9000
-0.9000
-0.9000
-0.9000
-0.9000
-0.9000
-0.9000
-0.9000
-0.9000
-0.9000
-0.9000
-0.9000
-0.9000
-0.9000
-0.9000
-0.9000
-0.9000
-0.9000
-0.9000
-0.9000
-0.9000
-0.9000
-0.9000
-0.9000
-0.9000
-0.9000
-0.9000
-0.9000
-0.9000
-0.9000
-0.9000
-0.9000
-0.9000
-0.9000
-0.9000
-0.9000
-0.9000
-0.9000
-0.9000
-0.9000
-0.9000
-0.9000
-0.9000
-0.9000
-0.9000
-0.9000
-0.9000
-0.9000
-0.9000
-0.9000
-0.9000
-0.9000
-0.9000
-0.9000
-0.9000
-0.9000
-0.9000
-0.9000
-0.9000
-0.9000
-0.9000
-0.9000
-0.9000
-0.9000
-0.9000
-0.9000
-0.9000
-0.9000
-0.9000
-0.9000
-0.9000
-0.9000
-0.9000
-0.9000
-0.9000
-0.9000
-0.9000
-0.9000
-0.9000
-0.9000
-0.9000
-0.9000
-0.9000
-0.9000
-0.9000
-0.9000
-0.9000
-0.9000
-0.9000
-0.9000
-0.9000
-0.9000
-0.9000
-0.9000
-0.9000
-0.9000
-0.9000
-0.9000
-0.9000
-0.9000
-0.9000
-0.9000
-0.9000
-0.9000
-0.9000
-0.9000
-0.9000
-0.9000
-0.9000
-0.9000
-0.9000
-0.9000
-0.9000
-0.9000
-0.9000
-0.9000
-0.9000
-0.9000
-0.9000
-0.9000
-0.9000
-0.9000
-0.9000
-0.9000
-0.9000
-0.9000
-0.9000
-0.9000
-0.9000
-0.9000
-0.9000
-0.9000
-0.9000
-0.9000
-0.9000
-0.9000
-0.9000
-0.9000
-0.9000
-0.9000
-0.9000
-0.9000
-0.9000
-0.9000
-0.9000
-0.9000
-0.9000
-0.9000
-0.9000
-0.9000
-0.9000
-0.9000
-0.9000
-0.9000
-0.9000
-0.9000
-0.9000
-0.9000
-0.9000
-0.9000
-0.9000
-0.9000
-0.9000
-0.9000
-0.9000
-0.9000
-0.9000
-0.9000
-0.9000
-0.9000
-0.9000
-0.9000
-0.9000
-0.9000
-0.9000
-0.9000
-0.9000
-0.9000
-0.9000
-0.9000
-0.9000
-0.9000
-0.9000
-0.9000
-0.9000
-0.9000
-0.9000
-0.9000
-0.9000
-0.9000
-0.9000
-0.9000
-0.9000
-0.9000
-0.9000
-0.9000
-0.9000
-0.9000
-0.9000
-0.9000
-0.9000
-0.9000
-0.9000
-0.9000
-0.9000
-0.9000
-0.9000
-0.9000
-0.9000
-0.9000
-0.9000
-0.9000
-0.9000
-0.9000
-0.9000
-0.9000
-0.9000
-0.9000
-0.9000
-0.9000
-0.9000
-0.9000
-0.9000
-0.9000
-0.9000
-0.9000
-0.9000
-0.9000
-0.9000
-0.9000
-0.9000
-0.9000
-0.9000
-0.9000
-0.9000
-0.9000
-0.9000
-0.9000
-0.9000
-0.9000
-0.9000
-0.9000
-0.9000
-0.9000
-0.9000
-0.9000
-0.9000
-0.9000
-0.9000
-0.9000
-0.9000
-0.9000
-0.9000
-0.9000
-0.9000
-0.9000
-0.9000
-0.9000
-0.9000
-0.9000
-0.9000
-0.9000
-0.9000
-0.9000
-0.9000
-0.9000
-0.9000
-0.9000
-0.9000
-0.9000
-0.9000
-0.9000
-0.9000
-0.9000
-0.9000
-0.9000
-0.9000
-0.9000
-0.9000
-0.9000
-0.9000
-0.9000
-0.9000
-0.9000
-0.9000
-0.9000
-0.9000
-0.9000
-0.9000
-0.9000
-0.9000
-0.9000
-0.9000
-0.9000
-0.9000
-0.9000
-0.9000
-0.9000
-0.9000
-0.9000
-0.9000
-0.9000
-0.9000
-0.9000
-0.9000
-0.9000
-0.9000
-0.9000
-0.9000
-0.9000
-0.9000
-0.9000
-0.9000
-0.9000
-0.9000
-0.9000
-0.9000
-0.9000
-0.9000
-0.9000
-0.9000
-0.9000
-0.9000
-0.9000
-0.9000
-0.9000
-0.9000
-0.9000
-0.9000
-0.9000
-0.9000
-0.9000
-0.9000
-0.9000
-0.9000
-0.9000
-0.9000
-0.9000
-0.9000
-0.9000
-0.9000
-0.9000
-0.9000
-0.9000
-0.9000
-0.9000
-0.9000
-0.9000
-0.9000
-0.9000
-0.9000
-0.9000
-0.9000
-0.9000
-0.9000
-0.9000
-0.9000
-0.9000
-0.9000
-0.9000
-0.9000
-0.9000
-0.9000
-0.9000
-0.9000
-0.9000
-0.9000
-0.9000
-0.9000
-0.9000
-0.9000
-0.9000
-0.9000
-0.9000
-0.9000
-0.9000
-0.9000
-0.9000
-0.9000
-0.9000
-0.9000
-0.9000
-0.9000
-0.9000
-0.9000
-0.9000
-0.9000
-0.9000
-0.9000
-0.9000
-0.9000
-0.9000
-0.9000
-0.9000
-0.9000
-0.9000
-0.9000
-0.9000
-0.9000
-0.9000
-0.9000
-0.9000
-0.9000
-0.9000
-0.9000
-0.9000
-0.9000
-0.9000
-0.9000
-0.9000
-0.9000
-0.9000
-0.9000
-0.9000
-0.9000
-0.9000
-0.9000
-0.9000
-0.9000
-0.9000
-0.9000
-0.9000
-0.9000
-0.9000
-0.9000
-0.9000
-0.9000
-0.9000
-0.9000
-0.9000
-0.9000
-0.9000
-0.9000
-0.9000
-0.9000
-0.9000
-0.9000
-0.9000
-0.9000
-0.9000
-0.9000
-0.9000
-0.9000
-0.9000
-0.9000
-0.9000
-0.9000
-0.9000
-0.9000
-0.9000
-0.9000
-0.9000
-0.9000
-0.9000
-0.9000
-0.9000
-0.9000
-0.9000
-0.9000
-0.9000
-0.9000
-0.9000
-0.9000
-0.9000
-0.9000
-0.9000
-0.9000
-0.9000
-0.9000
-0.9000
-0.9000
-0.9000
-0.9000
-0.9000
-0.9000
-0.9000
-0.9000
-0.9000
-0.9000
-0.9000
-0.9000
-0.9000
-0.9000
-0.9000
-0.9000
-0.9000
-0.9000
-0.9000
-0.9000
-0.9000
-0.9000
-0.9000
-0.9000
-0.9000
-0.9000
-0.9000
-0.9000
-0.9000
-0.9000
-0.9000
-0.9000
-0.9000
-0.9000
-0.9000
-0.9000
-0.9000
-0.9000
-0.9000
-0.9000
-0.9000
-0.9000
-0.9000
-0.9000
-0.9000
-0.9000
-0.9000
-0.9000
-0.9000
-0.9000
-0.9000
-0.9000
-0.9000
-0.9000
-0.9000
-0.9000
-0.9000
-0.9000
-0.9000
-0.9000
-0.9000
-0.9000
-0.9000
-0.9000
-0.9000
-0.9000
-0.9000
-0.9000
-0.9000
-0.9000
-0.9000
-0.9000
-0.9000
-0.9000
-0.9000
-0.9000
-0.9000
-0.9000
-0.9000
-0.9000
-0.9000
-0.9000
-0.9000
-0.9000
-0.9000
-0.9000
-0.9000
-0.9000
-0.9000
-0.9000
-0.9000
-0.9000
-0.9000
-0.9000
-0.9000
-0.9000
-0.9000
-0.9000
-0.9000
-0.9000
-0.9000
-0.9000
-0.9000
-0.9000
-0.9000
-0.9000
-0.9000
-0.9000
-0.9000
-0.9000
-0.9000
-0.9000
-0.9000
-0.9000
-0.9000
-0.9000
-0.9000
-0.9000
-0.9000
-0.9000
-0.9000
-0.9000
-0.9000
-0.9000
-0.9000
-0.9000
-0.9000
-0.9000
-0.9000
-0.9000
-0.9000
-0.9000
-0.9000
-0.9000
-0.9000
-0.9000
-0.9000
-0.9000
-0.9000
-0.9000
-0.9000
-0.9000
-0.9000
-0.9000
-0.9000
-0.9000
-0.9000
-0.9000
-0.9000
-0.9000
-0.9000
-0.9000
-0.9000
-0.9000
-0.9000
-0.9000
-0.9000
-0.9000
-0.9000
-0.9000
-0.9000
-0.9000
-0.9000
-0.9000
-0.9000
-0.9000
-0.9000
-0.9000
-0.9000
-0.9000
-0.9000
-0.9000
-0.9000
-0.9000
-0.9000
-0.9000
-0.9000
-0.9000
-0.9000
-0.9000
-0.9000
-0.9000
-0.9000
-0.9000
-0.9000
-0.9000
-0.9000
-0.9000
-0.9000
-0.9000
-0.9000
-0.9000
-0.9000
-0.9000
-0.9000
-0.9000
-0.9000
-0.9000
-0.9000
-0.9000
-0.9000
-0.9000
-0.9000
-0.9000
-0.9000
-0.9000
-0.9000
-0.9000
-0.9000
-0.9000
-0.9000
-0.9000
-0.9000
-0.9000
-0.9000
-0.9000
-0.9000
-0.9000
-0.9000
-0.9000
-0.9000
-0.9000
-0.9000
-0.9000
-0.9000
-0.9000
-0.9000
-0.9000
-0.9000
-0.9000
-0.9000
-0.9000
-0.9000
-0.9000
-0.9000
-0.9000
-0.9000
-0.9000
-0.9000
-0.9000
-0.9000
-0.9000
-0.9000
-0.9000
-0.9000
-0.9000
-0.9000
-0.9000
-0.9000
-0.9000
-0.9000
-0.9000
-0.9000
-0.9000
-0.9000
-0.9000
-0.9000
-0.9000
-0.9000
-0.9000
-0.9000
-0.9000
-0.9000
-0.9000
-0.9000
-0.9000
-0.9000
-0.9000
-0.9000
-0.9000
-0.9000
-0.9000
-0.9000
-0.9000
-0.9000
-0.9000
-0.9000
-0.9000
-0.9000
-0.9000
-0.9000
-0.9000
-0.9000
-0.9000
-0.9000
-0.9000
-0.9000
-0.9000
-0.9000
-0.9000
-0.9000
-0.9000
-0.9000
-0.9000
-0.9000
-0.9000
-0.9000
-0.9000
-0.9000
-0.9000
-0.9000
-0.9000
-0.9000
-0.9000
-0.9000
-0.9000
-0.9000
-0.9000
-0.9000
-0.9000
-0.9000
-0.9000
-0.9000
-0.9000
-0.9000
-0.9000
-0.9000
-0.9000
-0.9000
-0.9000
-0.9000
-0.9000
-0.9000
-0.9000
-0.9000
-0.9000
-0.9000
-0.9000
-0.9000
-0.9000
-0.9000
-0.9000
-0.9000
-0.9000
-0.9000
-0.9000
-0.9000
-0.9000
-0.9000
-0.9000
-0.9000
-0.9000
-0.9000
-0.9000
-0.9000
-0.9000
-0.9000
-0.9000
-0.9000
-0.9000
-0.9000
-0.9000
-0.9000
-0.9000
-0.9000
-0.9000
-0.9000
-0.9000
-0.9000
-0.9000
-0.9000
-0.9000
-0.9000
-0.9000
-0.9000
-0.9000
-0.9000
-0.9000
