0.6000
0.6000
0.5999
0.5997
0.5995
0.5993
0.5989
0.5986
0.5981
0.5976
0.5971
0.5964
0.5958
0.5950
0.5942
0.5934
0.5925
0.5915
0.5905
0.5894
0.5882
0.5870
0.5858
0.5844
0.5830
0.5816
0.5801
0.5785
0.5769
0.5752
0.5735
0.5717
0.5699
0.5679
0.5660
0.5639
0.5619
0.5597
0.5575
0.5552
0.5529
0.5505
0.5481
0.5456
0.5430
0.5404
0.5377
0.5350
0.5322
0.5293
0.5264
0.5234
0.5204
0.5173
0.5142
0.5110
0.5077
0.5044
0.5010
0.4975
0.4940
0.4905
0.4869
0.4832
0.4794
0.4756
0.4718
0.4679
0.4639
0.4599
0.4558
0.4516
0.4474
0.4431
0.4388
0.4344
0.4300
0.4255
0.4209
0.4163
0.4116
0.4069
0.4021
0.3972
0.3923
0.3873
0.3823
0.3772
0.3721
0.3669
0.3616
0.3563
0.3509
0.3454
0.3399
0.3344
0.3288
0.3231
0.3173
0.3115
0.3057
0.2998
0.2938
0.2878
0.2817
0.2755
0.2693
0.2630
0.2567
0.2503
0.2439
0.2374
0.2308
0.2242
0.2175
0.2108
0.2040
0.1971
0.1902
0.1833
0.1762
0.1691
0.1620
0.1548
0.1475
0.1402
0.1328
0.1254
0.1179
0.1103
0.1027
0.0950
0.0873
0.0795
0.0716
0.0637
0.0557
0.0477
0.0396
0.0315
0.0233
0.0150
0.0067
-0.0017
-0.0101
-0.0186
-0.0272
-0.0358
-0.0445
-0.0532
-0.0620
-0.0708
-0.0797
-0.0887
-0.0977
-0.1068
-0.1159
-0.1251
-0.1344
-0.1437
-0.1531
-0.1625
-0.1720
-0.1815
-0.1912
-0.2008
-0.2105
-0.2203
-0.2302
-0.2401
-0.2500
-0.2600
-0.2701
-0.2802
-0.2904
-0.3007
-0.3110
-0.3213
-0.3318
-0.3422
-0.3528
-0.3634
-0.3740
-0.3847
-0.3955
-0.4063
-0.4172
-0.4282
-0.4392
-0.4502
-0.4614
-0.4725
-0.4838
-0.4951
-0.5064
-0.5178
-0.5293
-0.5408
-0.5524
-0.5640
-0.5757
-0.5875
-0.5993
-0.6111
-0.6231
-0.6350
-0.6471
-0.6592
-0.6713
-0.6836
-0.6958
-0.7082
-0.7205
-0.7330
-0.7455
-0.7580
-0.7706
-0.7833
-0.7960
-0.8088
-0.8217
-0.8346
-0.8475
-0.8605
-0.8736
-0.8867
-0.8999
-0.9000
-0.8887
-0.8774
-0.8662
-0.8550
-0.8439
-0.8328
-0.8219
-0.8109
-0.8000
-0.7892
-0.7785
-0.7677
-0.7571
-0.7465
-0.7360
-0.7255
-0.7151
-0.7047
-0.6944
-0.6841
-0.6740
-0.6638
-0.6537
-0.6437
-0.6338
-0.6239
-0.6140
-0.6042
-0.5945
-0.5848
-0.5752
-0.5656
-0.5561
-0.5467
-0.5373
-0.5280
-0.5187
-0.5095
-0.5003
-0.4912
-0.4822
-0.4732
-0.4643
-0.4554
-0.4466
-0.4379
-0.4292
-0.4206
-0.4120
-0.4035
-0.3950
-0.3866
-0.3783
-0.3700
-0.3617
-0.3536
-0.3455
-0.3374
-0.3294
-0.3215
-0.3136
-0.3058
-0.2980
-0.2903
-0.2826
-0.2751
-0.2675
-0.2601
-0.2526
-0.2453
-0.2380
-0.2307
-0.2236
-0.2164
-0.2094
-0.2024
-0.1954
-0.1885
-0.1817
-0.1749
-0.1682
-0.1615
-0.1550
-0.1484
-0.1419
-0.1355
-0.1291
-0.1228
-0.1166
-0.1104
-0.1043
-0.0982
-0.0922
-0.0862
-0.0803
-0.0745
-0.0687
-0.0630
-0.0573
-0.0517
-0.0462
-0.0407
-0.0352
-0.0299
-0.0246
-0.0193
-0.0141
-0.0090
-0.0039
0.0011
0.0061
0.0110
0.0158
0.0206
0.0254
0.0300
0.0346
0.0392
0.0437
0.0481
0.0525
0.0568
0.0611
0.0653
0.0694
0.0735
0.0775
0.0815
0.0854
0.0892
0.0930
0.0968
0.1004
0.1040
0.1076
0.1111
0.1145
0.1179
0.1212
0.1245
0.1277
0.1308
0.1339
0.1370
0.1399
0.1428
0.1457
0.1485
0.1512
0.1539
0.1565
0.1591
0.1616
0.1640
0.1664
0.1687
0.1710
0.1732
0.1753
0.1774
0.1794
0.1814
0.1833
0.1852
0.1870
0.1887
0.1904
0.1920
0.1936
0.1951
0.1965
0.1979
0.1992
0.2005
0.2017
0.2028
0.2039
0.2050
0.2059
0.2069
0.2077
0.2085
0.2092
0.2099
0.2105
0.2111
0.2116
0.2121
0.2124
0.2128
0.2130
0.2132
0.2134
0.2135
0.2135
0.2135
0.2134
0.2133
0.2131
0.2128
0.2125
0.2121
0.2117
0.2112
0.2106
0.2100
0.2093
0.2086
0.2078
0.2070
0.2061
0.2051
0.2041
0.2030
0.2018
0.2006
0.1994
0.1981
0.1967
0.1953
0.1938
0.1922
0.1906
0.1889
0.1872
0.1854
0.1836
0.1817
0.1797
0.1777
0.1756
0.1735
0.1713
0.1690
0.1667
0.1643
0.1619
0.1594
0.1568
0.1542
0.1516
0.1488
0.1460
0.1432
0.1403
0.1373
0.1343
0.1312
0.1281
0.1249
0.1216
0.1183
0.1150
0.1115
0.1080
0.1045
0.1009
0.0972
0.0935
0.0897
0.0859
0.0820
0.0780
0.0740
0.0699
0.0658
0.0616
0.0573
0.0530
0.0487
0.0442
0.0397
0.0352
0.0306
0.0259
0.0212
0.0164
0.0116
0.0067
0.0018
-0.0033
-0.0083
-0.0135
-0.0187
-0.0239
-0.0292
-0.0346
-0.0400
-0.0455
-0.0510
-0.0566
-0.0623
-0.0680
-0.0738
-0.0796
-0.0855
-0.0914
-0.0974
-0.1035
-0.1096
-0.1158
-0.1221
-0.1284
-0.1347
-0.1411
-0.1476
-0.1541
-0.1607
-0.1674
-0.1741
-0.1809
-0.1877
-0.1946
-0.2015
-0.2085
-0.2156
-0.2227
-0.2298
-0.2371
-0.2444
-0.2517
-0.2591
-0.2666
-0.2741
-0.2817
-0.2893
-0.2970
-0.3048
-0.3126
-0.3205
-0.3284
-0.3364
-0.3444
-0.3526
-0.3607
-0.3689
-0.3772
-0.3856
-0.3940
-0.4024
-0.4109
-0.4195
-0.4281
-0.4368
-0.4455
-0.4543
-0.4632
-0.4721
-0.4811
-0.4901
-0.4992
-0.5084
-0.5176
-0.5268
-0.5361
-0.5455
-0.5550
-0.5645
-0.5740
-0.5836
-0.5933
-0.6030
-0.6128
-0.6226
-0.6325
-0.6425
-0.6525
-0.6626
-0.6727
-0.6829
-0.6931
-0.7034
-0.7138
-0.7242
-0.7347
-0.7452
-0.7558
-0.7664
-0.7771
-0.7879
-0.7987
-0.8096
-0.8205
-0.8315
-0.8425
-0.8536
-0.8648
-0.8760
-0.8873
-0.8986
-0.9000
-0.8903
-0.8806
-0.8710
-0.8614
-0.8519
-0.8424
-0.8330
-0.8237
-0.8144
-0.8052
-0.7960
-0.7869
-0.7779
-0.7689
-0.7599
-0.7510
-0.7422
-0.7334
-0.7247
-0.7161
-0.7075
-0.6989
-0.6905
-0.6820
-0.6737
-0.6654
-0.6571
-0.6489
-0.6408
-0.6327
-0.6247
-0.6167
-0.6088
-0.6010
-0.5932
-0.5854
-0.5778
-0.5701
-0.5626
-0.5551
-0.5476
-0.5403
-0.5329
-0.5256
-0.5184
-0.5113
-0.5042
-0.4971
-0.4902
-0.4832
-0.4764
-0.4696
-0.4628
-0.4561
-0.4495
-0.4429
-0.4364
-0.4299
-0.4235
-0.4172
-0.4109
-0.4046
-0.3985
-0.3923
-0.3863
-0.3803
-0.3743
-0.3685
-0.3626
-0.3569
-0.3512
-0.3455
-0.3399
-0.3344
-0.3289
-0.3235
-0.3181
-0.3128
-0.3076
-0.3024
-0.2973
-0.2922
-0.2872
-0.2822
-0.2773
-0.2725
-0.2677
-0.2630
-0.2583
-0.2537
-0.2492
-0.2447
-0.2403
-0.2359
-0.2316
-0.2273
-0.2231
-0.2190
-0.2149
-0.2109
-0.2069
-0.2030
-0.1992
-0.1954
-0.1917
-0.1880
-0.1844
-0.1808
-0.1773
-0.1739
-0.1705
-0.1672
-0.1639
-0.1607
-0.1576
-0.1545
-0.1514
-0.1485
-0.1456
-0.1427
-0.1399
-0.1372
-0.1345
-0.1319
-0.1293
-0.1268
-0.1243
-0.1220
-0.1196
-0.1174
-0.1151
-0.1130
-0.1109
-0.1089
-0.1069
-0.1050
-0.1031
-0.1013
-0.0995
-0.0979
-0.0962
-0.0947
-0.0931
-0.0917
-0.0903
-0.0890
-0.0877
-0.0865
-0.0853
-0.0842
-0.0831
-0.0822
-0.0812
-0.0804
-0.0796
-0.0788
-0.0781
-0.0775
-0.0769
-0.0764
-0.0759
-0.0755
-0.0752
-0.0749
-0.0747
-0.0745
-0.0744
-0.0743
-0.0743
-0.0744
-0.0745
-0.0747
-0.0750
-0.0753
-0.0756
-0.0760
-0.0765
-0.0770
-0.0776
-0.0783
-0.0790
-0.0798
-0.0806
-0.0815
-0.0824
-0.0834
-0.0845
-0.0856
-0.0868
-0.0880
-0.0893
-0.0907
-0.0921
-0.0935
-0.0951
-0.0966
-0.0983
-0.1000
-0.1018
-0.1036
-0.1054
-0.1074
-0.1094
-0.1114
-0.1135
-0.1157
-0.1179
-0.1202
-0.1226
-0.1250
-0.1274
-0.1300
-0.1325
-0.1352
-0.1379
-0.1406
-0.1434
-0.1463
-0.1492
-0.1522
-0.1553
-0.1584
-0.1615
-0.1648
-0.1680
-0.1714
-0.1748
-0.1782
-0.1817
-0.1853
-0.1889
-0.1926
-0.1964
-0.2002
-0.2040
-0.2080
-0.2119
-0.2160
-0.2201
-0.2242
-0.2284
-0.2327
-0.2370
-0.2414
-0.2459
-0.2504
-0.2549
-0.2596
-0.2642
-0.2690
-0.2738
-0.2786
-0.2835
-0.2885
-0.2935
-0.2986
-0.3037
-0.3089
-0.3142
-0.3195
-0.3249
-0.3303
-0.3358
-0.3414
-0.3470
-0.3527
-0.3584
-0.3642
-0.3700
-0.3759
-0.3819
-0.3879
-0.3939
-0.4001
-0.4063
-0.4125
-0.4188
-0.4252
-0.4316
-0.4381
-0.4446
-0.4512
-0.4578
-0.4646
-0.4713
-0.4782
-0.4850
-0.4920
-0.4990
-0.5060
-0.5131
-0.5203
-0.5275
-0.5348
-0.5422
-0.5496
-0.5570
-0.5646
-0.5721
-0.5798
-0.5875
-0.5952
-0.6030
-0.6109
-0.6188
-0.6268
-0.6348
-0.6429
-0.6511
-0.6593
-0.6675
-0.6759
-0.6842
-0.6927
-0.7012
-0.7097
-0.7183
-0.7270
-0.7357
-0.7445
-0.7534
-0.7622
-0.7712
-0.7802
-0.7893
-0.7984
-0.8076
-0.8168
-0.8261
-0.8355
-0.8449
-0.8544
-0.8639
-0.8735
-0.8831
-0.8928
-0.9000
-0.8917
-0.8834
-0.8752
-0.8670
-0.8589
-0.8508
-0.8429
-0.8349
-0.8270
-0.8192
-0.8115
-0.8037
-0.7961
-0.7885
-0.7810
-0.7735
-0.7661
-0.7587
-0.7514
-0.7441
-0.7370
-0.7298
-0.7227
-0.7157
-0.7088
-0.7018
-0.6950
-0.6882
-0.6815
-0.6748
-0.6682
-0.6616
-0.6551
-0.6487
-0.6423
-0.6359
-0.6297
-0.6234
-0.6173
-0.6112
-0.6051
-0.5992
-0.5932
-0.5874
-0.5815
-0.5758
-0.5701
-0.5644
-0.5589
-0.5533
-0.5479
-0.5425
-0.5371
-0.5318
-0.5266
-0.5214
-0.5163
-0.5112
-0.5062
-0.5012
-0.4964
-0.4915
-0.4867
-0.4820
-0.4774
-0.4728
-0.4682
-0.4637
-0.4593
-0.4549
-0.4506
-0.4464
-0.4422
-0.4380
-0.4340
-0.4299
-0.4260
-0.4221
-0.4182
-0.4144
-0.4107
-0.4070
-0.4034
-0.3998
-0.3963
-0.3929
-0.3895
-0.3862
-0.3829
-0.3797
-0.3765
-0.3734
-0.3704
-0.3674
-0.3645
-0.3616
-0.3588
-0.3561
-0.3534
-0.3508
-0.3482
-0.3457
-0.3432
-0.3408
-0.3385
-0.3362
-0.3340
-0.3318
-0.3297
-0.3276
-0.3256
-0.3237
-0.3218
-0.3200
-0.3183
-0.3166
-0.3149
-0.3133
-0.3118
-0.3103
-0.3089
-0.3076
-0.3063
-0.3050
-0.3038
-0.3027
-0.3017
-0.3007
-0.2997
-0.2988
-0.2980
-0.2972
-0.2965
-0.2959
-0.2953
-0.2947
-0.2942
-0.2938
-0.2934
-0.2931
-0.2929
-0.2927
-0.2926
-0.2925
-0.2925
-0.2925
-0.2926
-0.2928
-0.2930
-0.2933
-0.2936
-0.2940
-0.2944
-0.2950
-0.2955
-0.2961
-0.2968
-0.2976
-0.2984
-0.2992
-0.3001
-0.3011
-0.3021
-0.3032
-0.3044
-0.3056
-0.3068
-0.3082
-0.3095
-0.3110
-0.3125
-0.3140
-0.3156
-0.3173
-0.3190
-0.3208
-0.3227
-0.3246
-0.3265
-0.3285
-0.3306
-0.3328
-0.3350
-0.3372
-0.3395
-0.3419
-0.3443
-0.3468
-0.3493
-0.3519
-0.3546
-0.3573
-0.3601
-0.3629
-0.3658
-0.3687
-0.3717
-0.3748
-0.3779
-0.3811
-0.3843
-0.3876
-0.3910
-0.3944
-0.3979
-0.4014
-0.4050
-0.4086
-0.4123
-0.4161
-0.4199
-0.4238
-0.4277
-0.4317
-0.4358
-0.4399
-0.4440
-0.4483
-0.4525
-0.4569
-0.4613
-0.4657
-0.4702
-0.4748
-0.4794
-0.4841
-0.4889
-0.4937
-0.4985
-0.5034
-0.5084
-0.5135
-0.5185
-0.5237
-0.5289
-0.5342
-0.5395
-0.5449
-0.5503
-0.5558
-0.5613
-0.5670
-0.5726
-0.5783
-0.5841
-0.5900
-0.5959
-0.6018
-0.6078
-0.6139
-0.6200
-0.6262
-0.6325
-0.6388
-0.6451
-0.6515
-0.6580
-0.6645
-0.6711
-0.6778
-0.6845
-0.6912
-0.6980
-0.7049
-0.7119
-0.7188
-0.7259
-0.7330
-0.7402
-0.7474
-0.7546
-0.7620
-0.7694
-0.7768
-0.7843
-0.7919
-0.7995
-0.8072
-0.8149
-0.8227
-0.8305
-0.8385
-0.8464
-0.8544
-0.8625
-0.8706
-0.8788
-0.8871
-0.8954
-0.9000
-0.8929
-0.8858
-0.8788
-0.8718
-0.8649
-0.8580
-0.8512
-0.8445
-0.8378
-0.8312
-0.8246
-0.8181
-0.8117
-0.8053
-0.7989
-0.7927
-0.7864
-0.7803
-0.7742
-0.7681
-0.7621
-0.7562
-0.7503
-0.7445
-0.7387
-0.7330
-0.7273
-0.7217
-0.7162
-0.7107
-0.7053
-0.6999
-0.6946
-0.6894
-0.6842
-0.6790
-0.6740
-0.6689
-0.6640
-0.6591
-0.6542
-0.6494
-0.6447
-0.6400
-0.6354
-0.6308
-0.6263
-0.6219
-0.6175
-0.6132
-0.6089
-0.6047
-0.6005
-0.5964
-0.5924
-0.5884
-0.5845
-0.5806
-0.5768
-0.5730
-0.5693
-0.5657
-0.5621
-0.5586
-0.5551
-0.5517
-0.5484
-0.5451
-0.5419
-0.5387
-0.5356
-0.5326
-0.5296
-0.5267
-0.5238
-0.5210
-0.5183
-0.5156
-0.5130
-0.5104
-0.5079
-0.5055
-0.5031
-0.5008
-0.4986
-0.4964
-0.4943
-0.4922
-0.4902
-0.4883
-0.4864
-0.4846
-0.4829
-0.4812
-0.4796
-0.4781
-0.4766
-0.4751
-0.4738
-0.4725
-0.4713
-0.4701
-0.4690
-0.4680
-0.4670
-0.4661
-0.4653
-0.4645
-0.4638
-0.4632
-0.4626
-0.4621
-0.4617
-0.4613
-0.4610
-0.4608
-0.4606
-0.4605
-0.4605
-0.4606
-0.4607
-0.4608
-0.4611
-0.4614
-0.4618
-0.4622
-0.4627
-0.4633
-0.4640
-0.4647
-0.4655
-0.4664
-0.4673
-0.4683
-0.4694
-0.4705
-0.4718
-0.4730
-0.4744
-0.4758
-0.4773
-0.4789
-0.4805
-0.4823
-0.4841
-0.4859
-0.4878
-0.4898
-0.4919
-0.4941
-0.4963
-0.4986
-0.5010
-0.5034
-0.5059
-0.5085
-0.5112
-0.5139
-0.5167
-0.5196
-0.5225
-0.5256
-0.5287
-0.5319
-0.5351
-0.5385
-0.5419
-0.5453
-0.5489
-0.5525
-0.5562
-0.5600
-0.5639
-0.5678
-0.5718
-0.5759
-0.5801
-0.5843
-0.5886
-0.5930
-0.5975
-0.6021
-0.6067
-0.6114
-0.6162
-0.6210
-0.6260
-0.6310
-0.6361
-0.6413
-0.6465
-0.6519
-0.6573
-0.6628
-0.6683
-0.6740
-0.6797
-0.6855
-0.6914
-0.6974
-0.7034
-0.7095
-0.7157
-0.7220
-0.7284
-0.7349
-0.7414
-0.7480
-0.7547
-0.7615
-0.7683
-0.7752
-0.7823
-0.7894
-0.7965
-0.8038
-0.8112
-0.8186
-0.8261
-0.8337
-0.8414
-0.8491
-0.8570
-0.8649
-0.8729
-0.8810
-0.8891
-0.8974
-0.9000
-0.8929
-0.8859
-0.8790
-0.8721
-0.8654
-0.8587
-0.8521
-0.8456
-0.8392
-0.8329
-0.8266
-0.8204
-0.8144
-0.8084
-0.8025
-0.7967
-0.7909
-0.7853
-0.7797
-0.7743
-0.7689
-0.7636
-0.7584
-0.7533
-0.7482
-0.7433
-0.7384
-0.7337
-0.7290
-0.7244
-0.7199
-0.7155
-0.7112
-0.7070
-0.7028
-0.6988
-0.6948
-0.6909
-0.6872
-0.6835
-0.6799
-0.6764
-0.6729
-0.6696
-0.6664
-0.6632
-0.6602
-0.6572
-0.6544
-0.6516
-0.6489
-0.6463
-0.6438
-0.6414
-0.6391
-0.6369
-0.6348
-0.6328
-0.6308
-0.6290
-0.6272
-0.6256
-0.6240
-0.6226
-0.6212
-0.6199
-0.6188
-0.6177
-0.6167
-0.6158
-0.6150
-0.6143
-0.6137
-0.6132
-0.6128
-0.6125
-0.6122
-0.6121
-0.6121
-0.6122
-0.6123
-0.6126
-0.6130
-0.6134
-0.6140
-0.6146
-0.6154
-0.6163
-0.6172
-0.6183
-0.6194
-0.6207
-0.6220
-0.6235
-0.6250
-0.6267
-0.6284
-0.6303
-0.6322
-0.6343
-0.6364
-0.6387
-0.6410
-0.6435
-0.6460
-0.6487
-0.6514
-0.6543
-0.6572
-0.6603
-0.6635
-0.6667
-0.6701
-0.6735
-0.6771
-0.6808
-0.6846
-0.6884
-0.6924
-0.6965
-0.7007
-0.7050
-0.7094
-0.7139
-0.7185
-0.7232
-0.7280
-0.7329
-0.7379
-0.7430
-0.7483
-0.7536
-0.7590
-0.7646
-0.7702
-0.7760
-0.7818
-0.7878
-0.7939
-0.8000
-0.8063
-0.8127
-0.8192
-0.8258
-0.8325
-0.8393
-0.8462
-0.8533
-0.8604
-0.8676
-0.8750
-0.8824
-0.8900
-0.8977
-0.9000
-0.8934
-0.8869
-0.8806
-0.8743
-0.8681
-0.8621
-0.8562
-0.8503
-0.8446
-0.8390
-0.8335
-0.8281
-0.8228
-0.8177
-0.8126
-0.8077
-0.8028
-0.7981
-0.7935
-0.7890
-0.7846
-0.7803
-0.7761
-0.7721
-0.7681
-0.7643
-0.7606
-0.7570
-0.7535
-0.7501
-0.7468
-0.7437
-0.7406
-0.7377
-0.7349
-0.7322
-0.7296
-0.7271
-0.7248
-0.7225
-0.7204
-0.7184
-0.7165
-0.7147
-0.7130
-0.7115
-0.7100
-0.7087
-0.7075
-0.7064
-0.7054
-0.7046
-0.7038
-0.7032
-0.7027
-0.7023
-0.7021
-0.7019
-0.7019
-0.7020
-0.7022
-0.7025
-0.7029
-0.7035
-0.7042
-0.7050
-0.7059
-0.7069
-0.7081
-0.7093
-0.7107
-0.7122
-0.7139
-0.7156
-0.7175
-0.7195
-0.7216
-0.7238
-0.7262
-0.7286
-0.7312
-0.7340
-0.7368
-0.7397
-0.7428
-0.7460
-0.7494
-0.7528
-0.7564
-0.7601
-0.7639
-0.7678
-0.7719
-0.7760
-0.7804
-0.7848
-0.7893
-0.7940
-0.7988
-0.8037
-0.8088
-0.8139
-0.8192
-0.8246
-0.8302
-0.8358
-0.8416
-0.8476
-0.8536
-0.8598
-0.8660
-0.8725
-0.8790
-0.8857
-0.8925
-0.8994
-0.9000
-0.8941
-0.8882
-0.8826
-0.8770
-0.8716
-0.8663
-0.8611
-0.8560
-0.8511
-0.8463
-0.8416
-0.8371
-0.8327
-0.8284
-0.8242
-0.8202
-0.8163
-0.8125
-0.8089
-0.8054
-0.8020
-0.7987
-0.7956
-0.7926
-0.7898
-0.7870
-0.7844
-0.7820
-0.7796
-0.7774
-0.7753
-0.7734
-0.7716
-0.7699
-0.7683
-0.7669
-0.7656
-0.7645
-0.7634
-0.7626
-0.7618
-0.7612
-0.7607
-0.7603
-0.7601
-0.7600
-0.7601
-0.7602
-0.7605
-0.7610
-0.7616
-0.7623
-0.7631
-0.7641
-0.7652
-0.7665
-0.7679
-0.7694
-0.7711
-0.7729
-0.7748
-0.7769
-0.7791
-0.7814
-0.7839
-0.7865
-0.7893
-0.7921
-0.7952
-0.7983
-0.8016
-0.8051
-0.8086
-0.8123
-0.8162
-0.8202
-0.8243
-0.8286
-0.8330
-0.8375
-0.8422
-0.8470
-0.8520
-0.8571
-0.8623
-0.8677
-0.8732
-0.8789
-0.8846
-0.8906
-0.8967
-0.9000
-0.8948
-0.8897
-0.8848
-0.8800
-0.8753
-0.8708
-0.8665
-0.8622
-0.8582
-0.8542
-0.8504
-0.8467
-0.8432
-0.8399
-0.8366
-0.8335
-0.8306
-0.8278
-0.8251
-0.8226
-0.8202
-0.8180
-0.8159
-0.8140
-0.8122
-0.8105
-0.8090
-0.8077
-0.8064
-0.8054
-0.8044
-0.8037
-0.8030
-0.8025
-0.8022
-0.8020
-0.8020
-0.8020
-0.8023
-0.8027
-0.8032
-0.8039
-0.8047
-0.8057
-0.8068
-0.8081
-0.8095
-0.8111
-0.8128
-0.8147
-0.8167
-0.8188
-0.8212
-0.8236
-0.8262
-0.8290
-0.8319
-0.8349
-0.8382
-0.8415
-0.8450
-0.8487
-0.8525
-0.8564
-0.8605
-0.8648
-0.8692
-0.8737
-0.8785
-0.8833
-0.8883
-0.8935
-0.8988
-0.9000
-0.8954
-0.8910
-0.8868
-0.8827
-0.8787
-0.8749
-0.8713
-0.8678
-0.8645
-0.8613
-0.8582
-0.8554
-0.8526
-0.8501
-0.8476
-0.8454
-0.8433
-0.8413
-0.8395
-0.8379
-0.8364
-0.8351
-0.8339
-0.8329
-0.8320
-0.8313
-0.8307
-0.8303
-0.8301
-0.8300
-0.8301
-0.8303
-0.8307
-0.8312
-0.8319
-0.8328
-0.8338
-0.8350
-0.8363
-0.8378
-0.8394
-0.8412
-0.8432
-0.8453
-0.8476
-0.8500
-0.8526
-0.8554
-0.8583
-0.8614
-0.8646
-0.8680
-0.8716
-0.8753
-0.8791
-0.8832
-0.8874
-0.8917
-0.8963
-0.9000
-0.8961
-0.8924
-0.8889
-0.8855
-0.8822
-0.8792
-0.8763
-0.8735
-0.8710
-0.8685
-0.8663
-0.8642
-0.8623
-0.8605
-0.8589
-0.8575
-0.8562
-0.8551
-0.8541
-0.8533
-0.8527
-0.8523
-0.8520
-0.8519
-0.8519
-0.8521
-0.8525
-0.8530
-0.8537
-0.8546
-0.8556
-0.8568
-0.8582
-0.8597
-0.8614
-0.8633
-0.8653
-0.8675
-0.8698
-0.8724
-0.8751
-0.8779
-0.8810
-0.8842
-0.8875
-0.8911
-0.8948
-0.8986
-0.9000
-0.8967
-0.8935
-0.8906
-0.8877
-0.8851
-0.8826
-0.8803
-0.8782
-0.8762
-0.8744
-0.8728
-0.8713
-0.8701
-0.8690
-0.8680
-0.8672
-0.8666
-0.8662
-0.8660
-0.8659
-0.8660
-0.8662
-0.8666
-0.8672
-0.8680
-0.8690
-0.8701
-0.8714
-0.8728
-0.8745
-0.8763
-0.8783
-0.8804
-0.8828
-0.8853
-0.8880
-0.8908
-0.8938
-0.8970
-0.9000
-0.8973
-0.8947
-0.8923
-0.8901
-0.8880
-0.8862
-0.8845
-0.8830
-0.8816
-0.8805
-0.8795
-0.8787
-0.8780
-0.8776
-0.8773
-0.8772
-0.8773
-0.8775
-0.8779
-0.8786
-0.8793
-0.8803
-0.8814
-0.8828
-0.8843
-0.8859
-0.8878
-0.8898
-0.8920
-0.8944
-0.8970
-0.8998
-0.9000
-0.8976
-0.8955
-0.8935
-0.8917
-0.8900
-0.8886
-0.8873
-0.8862
-0.8853
-0.8846
-0.8840
-0.8837
-0.8835
-0.8835
-0.8837
-0.8840
-0.8846
-0.8853
-0.8862
-0.8873
-0.8886
-0.8900
-0.8917
-0.8935
-0.8955
-0.8977
-0.9000
-0.8981
-0.8964
-0.8949
-0.8936
-0.8925
-0.8915
-0.8908
-0.8902
-0.8898
-0.8896
-0.8896
-0.8897
-0.8901
-0.8906
-0.8913
-0.8922
-0.8933
-0.8946
-0.8961
-0.8977
-0.8995
-0.9000
-0.8984
-0.8971
-0.8959
-0.8949
-0.8940
-0.8934
-0.8930
-0.8927
-0.8926
-0.8928
-0.8931
-0.8936
-0.8943
-0.8952
-0.8962
-0.8975
-0.8989
-0.9000
-0.8988
-0.8977
-0.8969
-0.8962
-0.8957
-0.8955
-0.8954
-0.8955
-0.8958
-0.8962
-0.8969
-0.8978
-0.8988
-0.9000
-0.8991
-0.8984
-0.8979
-0.8976
-0.8974
-0.8975
-0.8978
-0.8982
-0.8989
-0.8997
-0.9000
-0.8993
-0.8988
-0.8985
-0.8983
-0.8984
-0.8987
-0.8991
-0.8998
-0.9000
-0.8995
-0.8991
-0.8989
-0.8990
-0.8992
-0.8996
-0.9000
-0.8996
-0.8995
-0.8995
-0.8998
-0.9000
-0.8998
-0.8998
-0.9000
-0.9000
-0.9000
-0.9000
-0.9000
-0.9000
-0.9000
-0.9000
-0.9000
-0.9000
-0.9000
-0.9000
-0.9000
-0.9000
-0.9000
-0.9000
-0.9000
-0.9000
-0.9000
-0.9000
-0.9000
-0.9000
-0.9000
-0.9000
-0.9000
-0.9000
-0.9000
-0.9000
-0.9000
-0.9000
-0.9000
-0.9000
-0.9000
-0.9000
-0.9000
-0.9000
-0.9000
-0.9000
-0.9000
-0.9000
-0.9000
-0.9000
-0.9000
-0.9000
-0.9000
-0.9000
-0.9000
-0.9000
-0.9000
-0.9000
-0.9000
-0.9000
-0.9000
-0.9000
-0.9000
-0.9000
-0.9000
-0.9000
-0.9000
-0.9000
-0.9000
-0.9000
-0.9000
-0.9000
-0.9000
-0.9000
-0.9000
-0.9000
-0.9000
-0.9000
-0.9000
-0.9000
-0.9000
-0.9000
-0.9000
-0.9000
-0.9000
-0.9000
-0.9000
-0.9000
-0.9000
-0.9000
-0.9000
-0.9000
-0.9000
-0.9000
-0.9000
-0.9000
-0.9000
-0.9000
-0.9000
-0.9000
-0.9000
-0.9000
-0.9000
-0.9000
-0.9000
-0.9000
-0.9000
-0.9000
-0.9000
-0.9000
-0.9000
-0.9000
-0.9000
-0.9000
-0.9000
-0.9000
-0.9000
-0.9000
-0.9000
-0.9000
-0.9000
-0.9000
-0.9000
-0.9000
-0.9000
-0.9000
-0.9000
-0.9000
-0.9000
-0.9000
-0.9000
-0.9000
-0.9000
-0.9000
-0.9000
-0.9000
-0.9000
-0.9000
-0.9000
-0.9000
-0.9000
-0.9000
-0.9000
-0.9000
-0.9000
-0.9000
-0.9000
-0.9000
-0.9000
-0.9000
-0.9000
-0.9000
-0.9000
-0.9000
-0.9000
-0.9000
-0.9000
-0.9000
-0.9000
-0.9000
-0.9000
-0.9000
-0.9000
-0.9000
-0.9000
-0.9000
-0.9000
-0.9000
-0.9000
-0.9000
-0.9000
-0.9000
-0.9000
-0.9000
-0.9000
-0.9000
-0.9000
-0.9000
-0.9000
-0.9000
-0.9000
-0.9000
-0.9000
-0.9000
-0.9000
-0.9000
-0.9000
-0.9000
-0.9000
-0.9000
-0.9000
-0.9000
-0.9000
-0.9000
-0.9000
-0.9000
-0.9000
-0.9000
-0.9000
-0.9000
-0.9000
-0.9000
-0.9000
-0.9000
-0.9000
-0.9000
-0.9000
-0.9000
-0.9000
-0.9000
-0.9000
-0.9000
-0.9000
-0.9000
-0.9000
-0.9000
-0.9000
-0.9000
-0.9000
-0.9000
-0.9000
-0.9000
-0.9000
-0.9000
-0.9000
-0.9000
-0.9000
-0.9000
-0.9000
-0.9000
-0.9000
-0.9000
-0.9000
-0.9000
-0.9000
-0.9000
-0.9000
-0.9000
-0.9000
-0.9000
-0.9000
-0.9000
-0.9000
-0.9000
-0.9000
-0.9000
-0.9000
-0.9000
-0.9000
-0.9000
-0.9000
-0.9000
-0.9000
-0.9000
-0.9000
-0.9000
-0.9000
-0.9000
-0.9000
-0.9000
-0.9000
-0.9000
-0.9000
-0.9000
-0.9000
-0.9000
-0.9000
-0.9000
-0.9000
-0.9000
-0.9000
-0.9000
-0.9000
-0.9000
-0.9000
-0.9000
-0.9000
-0.9000
-0.9000
-0.9000
-0.9000
-0.9000
-0.9000
-0.9000
-0.9000
-0.9000
-0.9000
-0.9000
-0.9000
-0.9000
-0.9000
-0.9000
-0.9000
-0.9000
-0.9000
-0.9000
-0.9000
-0.9000
-0.9000
-0.9000
-0.9000
-0.9000
-0.9000
-0.9000
-0.9000
-0.9000
-0.9000
-0.9000
-0.9000
-0.9000
-0.9000
-0.9000
-0.9000
-0.9000
-0.9000
-0.9000
-0.9000
-0.9000
-0.9000
-0.9000
-0.9000
-0.9000
-0.9000
-0.9000
-0.9000
-0.9000
-0.9000
-0.9000
-0.9000
-0.9000
-0.9000
-0.9000
-0.9000
-0.9000
-0.9000
-0.9000
-0.9000
-0.9000
-0.9000
-0.9000
-0.9000
-0.9000
-0.9000
-0.9000
-0.9000
-0.9000
-0.9000
-0.9000
-0.9000
-0.9000
-0.9000
-0.9000
-0.9000
-0.9000
-0.9000
-0.9000
-0.9000
-0.9000
-0.9000
-0.9000
-0.9000
-0.9000
-0.9000
-0.9000
-0.9000
-0.9000
-0.9000
-0.9000
-0.9000
-0.9000
-0.9000
-0.9000
-0.9000
-0.9000
-0.9000
-0.9000
-0.9000
-0.9000
-0.9000
-0.9000
-0.9000
-0.9000
-0.9000
-0.9000
-0.9000
-0.9000
-0.9000
-0.9000
-0.9000
-0.9000
-0.9000
-0.9000
-0.9000
-0.9000
-0.9000
-0.9000
-0.9000
-0.9000
-0.9000
-0.9000
-0.9000
-0.9000
-0.9000
-0.9000
-0.9000
-0.9000
-0.9000
-0.9000
-0.9000
-0.9000
-0.9000
-0.9000
-0.9000
-0.9000
-0.9000
-0.9000
-0.9000
-0.9000
-0.9000
-0.9000
-0.9000
-0.9000
-0.9000
-0.9000
-0.9000
-0.9000
-0.9000
-0.9000
-0.9000
-0.9000
-0.9000
-0.9000
-0.9000
-0.9000
-0.9000
-0.9000
-0.9000
-0.9000
-0.9000
-0.9000
-0.9000
-0.9000
-0.9000
-0.9000
-0.9000
-0.9000
-0.9000
-0.9000
-0.9000
-0.9000
-0.9000
-0.9000
-0.9000
-0.9000
-0.9000
-0.9000
-0.9000
-0.9000
-0.9000
-0.9000
-0.9000
-0.9000
-0.9000
-0.9000
-0.9000
-0.9000
-0.9000
-0.9000
-0.9000
-0.9000
-0.9000
-0.9000
-0.9000
-0.9000
-0.9000
-0.9000
-0.9000
-0.9000
-0.9000
-0.9000
-0.9000
-0.9000
-0.9000
-0.9000
-0.9000
-0.9000
-0.9000
-0.9000
-0.9000
-0.9000
-0.9000
-0.9000
-0.9000
-0.9000
-0.9000
-0.9000
-0.9000
-0.9000
-0.9000
-0.9000
-0.9000
-0.9000
-0.9000
-0.9000
-0.9000
-0.9000
-0.9000
-0.9000
-0.9000
-0.9000
-0.9000
-0.9000
-0.9000
-0.9000
-0.9000
-0.9000
-0.9000
-0.9000
-0.9000
-0.9000
-0.9000
-0.9000
-0.9000
-0.9000
-0.9000
-0.9000
-0.9000
-0.9000
-0.9000
-0.9000
-0.9000
-0.9000
-0.9000
-0.9000
-0.9000
-0.9000
-0.9000
-0.9000
-0.9000
-0.9000
-0.9000
-0.9000
-0.9000
-0.9000
-0.9000
-0.9000
-0.9000
-0.9000
-0.9000
-0.9000
-0.9000
-0.9000
-0.9000
-0.9000
-0.9000
-0.9000
-0.9000
-0.9000
-0.9000
-0.9000
-0.9000
-0.9000
-0.9000
-0.9000
-0.9000
-0.9000
-0.9000
-0.9000
-0.9000
-0.9000
-0.9000
-0.9000
-0.9000
-0.9000
-0.9000
-0.9000
-0.9000
-0.9000
-0.9000
-0.9000
-0.9000
-0.9000
-0.9000
-0.9000
-0.9000
-0.9000
-0.9000
-0.9000
-0.9000
-0.9000
-0.9000
-0.9000
-0.9000
-0.9000
-0.9000
-0.9000
-0.9000
-0.9000
-0.9000
-0.9000
-0.9000
-0.9000
-0.9000
-0.9000
-0.9000
-0.9000
-0.9000
-0.9000
-0.9000
-0.9000
-0.9000
-0.9000
-0.9000
-0.9000
-0.9000
-0.9000
-0.9000
-0.9000
-0.9000
-0.9000
-0.9000
-0.9000
-0.9000
-0.9000
-0.9000
-0.9000
-0.9000
-0.9000
-0.9000
-0.9000
-0.9000
-0.9000
-0.9000
-0.9000
-0.9000
-0.9000
-0.9000
-0.9000
-0.9000
-0.9000
-0.9000
-0.9000
-0.9000
-0.9000
-0.9000
-0.9000
-0.9000
-0.9000
-0.9000
-0.9000
-0.9000
-0.9000
-0.9000
-0.9000
-0.9000
-0.9000
-0.9000
-0.9000
-0.9000
-0.9000
-0.9000
-0.9000
-0.9000
-0.9000
-0.9000
-0.9000
-0.9000
-0.9000
-0.9000
-0.9000
-0.9000
-0.9000
-0.9000
-0.9000
-0.9000
-0.9000
-0.9000
-0.9000
-0.9000
-0.9000
-0.9000
-0.9000
-0.9000
-0.9000
-0.9000
-0.9000
-0.9000
-0.9000
-0.9000
-0.9000
-0.9000
-0.9000
-0.9000
-0.9000
-0.9000
-0.9000
-0.9000
-0.9000
-0.9000
-0.9000
-0.9000
-0.9000
-0.9000
-0.9000
-0.9000
-0.9000
-0.9000
-0.9000
-0.9000
-0.9000
-0.9000
-0.9000
-0.9000
-0.9000
-0.9000
-0.9000
-0.9000
-0.9000
-0.9000
-0.9000
-0.9000
-0.9000
-0.9000
-0.9000
-0.9000
-0.9000
-0.9000
-0.9000
-0.9000
-0.9000
-0.9000
-0.9000
-0.9000
-0.9000
-0.9000
-0.9000
-0.9000
-0.9000
-0.9000
-0.9000
-0.9000
-0.9000
-0.9000
-0.9000
-0.9000
-0.9000
-0.9000
-0.9000
-0.9000
-0.9000
-0.9000
-0.9000
-0.9000
-0.9000
-0.9000
-0.9000
-0.9000
-0.9000
-0.9000
-0.9000
-0.9000
-0.9000
-0.9000
-0.9000
-0.9000
-0.9000
-0.9000
-0.9000
-0.9000
-0.9000
-0.9000
-0.9000
-0.9000
-0.9000
-0.9000
-0.9000
-0.9000
-0.9000
-0.9000
-0.9000
-0.9000
-0.9000
-0.9000
-0.9000
-0.9000
-0.9000
-0.9000
-0.9000
-0.9000
-0.9000
-0.9000
-0.9000
-0.9000
-0.9000
-0.9000
-0.9000
-0.9000
-0.9000
-0.9000
-0.9000
-0.9000
-0.9000
-0.9000
-0.9000
-0.9000
-0.9000
-0.9000
-0.9000
-0.9000
-0.9000
-0.9000
-0.9000
-0.9000
-0.9000
-0.9000
-0.9000
-0.9000
-0.9000
-0.9000
-0.9000
-0.9000
-0.9000
-0.9000
-0.9000
-0.9000
-0.9000
-0.9000
-0.9000
-0.9000
-0.9000
-0.9000
-0.9000
-0.9000
-0.9000
-0.9000
-0.9000
-0.9000
-0.9000
-0.9000
-0.9000
-0.9000
-0.9000
-0.9000
-0.9000
-0.9000
-0.9000
-0.9000
-0.9000
-0.9000
-0.9000
-0.9000
-0.9000
-0.9000
-0.9000
-0.9000
-0.9000
-0.9000
-0.9000
-0.9000
-0.9000
-0.9000
-0.9000
-0.9000
-0.9000
-0.9000
-0.9000
-0.9000
-0.9000
-0.9000
-0.9000
-0.9000
-0.9000
-0.9000
-0.9000
-0.9000
-0.9000
-0.9000
-0.9000
-0.9000
-0.9000
-0.9000
-0.9000
-0.9000
-0.9000
-0.9000
-0.9000
-0.9000
-0.9000
-0.9000
-0.9000
-0.9000
-0.9000
-0.9000
-0.9000
-0.9000
-0.9000
-0.9000
-0.9000
-0.9000
-0.9000
-0.9000
-0.9000
-0.9000
-0.9000
-0.9000
-0.9000
-0.9000
-0.9000
-0.9000
-0.9000
-0.9000
-0.9000
-0.9000
-0.9000
-0.9000
-0.9000
-0.9000
-0.9000
-0.9000
-0.9000
-0.9000
-0.9000
-0.9000
-0.9000
-0.9000
-0.9000
-0.9000
-0.9000
-0.9000
-0.9000
-0.9000
-0.9000
-0.9000
-0.9000
-0.9000
-0.9000
-0.9000
-0.9000
-0.9000
-0.9000
-0.9000
-0.9000
-0.9000
-0.9000
-0.9000
-0.9000
-0.9000
-0.9000
-0.9000
-0.9000
-0.9000
-0.9000
-0.9000
-0.9000
-0.9000
-0.9000
-0.9000
-0.9000
-0.9000
-0.9000
-0.9000
-0.9000
-0.9000
-0.9000
-0.9000
-0.9000
-0.9000
-0.9000
-0.9000
-0.9000
-0.9000
-0.9000
-0.9000
-0.9000
-0.9000
-0.9000
-0.9000
-0.9000
-0.9000
-0.9000
-0.9000
-0.9000
-0.9000
-0.9000
-0.9000
-0.9000
-0.9000
-0.9000
-0.9000
-0.9000
-0.9000
-0.9000
-0.9000
-0.9000
-0.9000
-0.9000
-0.9000
-0.9000
-0.9000
-0.9000
-0.9000
-0.9000
-0.9000
-0.9000
-0.9000
-0.9000
-0.9000
-0.9000
-0.9000
-0.9000
-0.9000
-0.9000
-0.9000
-0.9000
-0.9000
-0.9000
-0.9000
-0.9000
-0.9000
-0.9000
-0.9000
-0.9000
-0.9000
-0.9000
-0.9000
-0.9000
-0.9000
-0.9000
-0.9000
-0.9000
-0.9000
-0.9000
-0.9000
-0.9000
-0.9000
-0.9000
-0.9000
-0.9000
-0.9000
-0.9000
-0.9000
-0.9000
-0.9000
-0.9000
-0.9000
-0.9000
-0.9000
-0.9000
-0.9000
-0.9000
-0.9000
-0.9000
-0.9000
-0.9000
-0.9000
-0.9000
-0.9000
-0.9000
-0.9000
-0.9000
-0.9000
-0.9000
-0.9000
-0.9000
-0.9000
-0.9000
-0.9000
-0.9000
-0.9000
-0.9000
-0.9000
-0.9000
-0.9000
-0.9000
-0.9000
-0.9000
-0.9000
-0.9000
-0.9000
-0.9000
-0.9000
-0.9000
-0.9000
-0.9000
-0.9000
-0.9000
-0.9000
-0.9000
-0.9000
-0.9000
-0.9000
-0.9000
-0.9000
-0.9000
-0.9000
-0.9000
-0.9000
-0.9000
-0.9000
-0.9000
-0.9000
-0.9000
-0.9000
-0.9000
-0.9000
-0.9000
-0.9000
-0.9000
-0.9000
-0.9000
-0.9000
-0.9000
-0.9000
-0.9000
-0.9000
-0.9000
-0.9000
-0.9000
-0.9000
-0.9000
-0.9000
-0.9000
-0.9000
-0.9000
-0.9000
-0.9000
-0.9000
-0.9000
-0.9000
-0.9000
-0.9000
-0.9000
-0.9000
-0.9000
-0.9000
-0.9000
-0.9000
-0.9000
-0.9000
-0.9000
-0.9000
-0.9000
-0.9000
-0.9000
-0.9000
-0.9000
-0.9000
-0.9000
-0.9000
-0.9000
-0.9000
-0.9000
-0.9000
-0.9000
-0.9000
-0.9000
-0.9000
-0.9000
-0.9000
-0.9000
-0.9000
-0.9000
-0.9000
-0.9000
-0.9000
-0.9000
-0.9000
-0.9000
-0.9000
-0.9000
-0.9000
-0.9000
-0.9000
-0.9000
-0.9000
-0.9000
-0.9000
-0.9000
-0.9000
-0.9000
-0.9000
-0.9000
-0.9000
-0.9000
-0.9000
-0.9000
-0.9000
-0.9000
-0.9000
-0.9000
-0.9000
-0.9000
-0.9000
-0.9000
-0.9000
-0.9000
-0.9000
-0.9000
-0.9000
-0.9000
-0.9000
-0.9000
-0.9000
-0.9000
-0.9000
-0.9000
-0.9000
-0.9000
-0.9000
-0.9000
-0.9000
-0.9000
-0.9000
-0.9000
-0.9000
-0.9000
-0.9000
-0.9000
-0.9000
-0.9000
-0.9000
-0.9000
-0.9000
-0.9000
-0.9000
-0.9000
-0.9000
-0.9000
-0.9000
-0.9000
-0.9000
-0.9000
-0.9000
-0.9000
-0.9000
-0.9000
-0.9000
-0.9000
-0.9000
-0.9000
-0.9000
-0.9000
-0.9000
-0.9000
-0.9000
-0.9000
-0.9000
-0.9000
-0.9000
-0.9000
-0.9000
-0.9000
-0.9000
-0.9000
-0.9000
-0.9000
-0.9000
-0.9000
-0.9000
-0.9000
-0.9000
-0.9000
-0.9000
-0.9000
-0.9000
-0.9000
-0.9000
-0.9000
-0.9000
-0.9000
-0.9000
-0.9000
-0.9000
-0.9000
-0.9000
-0.9000
-0.9000
-0.9000
-0.9000
-0.9000
-0.9000
-0.9000
-0.9000
-0.9000
-0.9000
-0.9000
-0.9000
-0.9000
-0.9000
-0.9000
-0.9000
-0.9000
-0.9000
-0.9000
-0.9000
-0.9000
-0.9000
-0.9000
-0.9000
-0.9000
-0.9000
-0.9000
-0.9000
-0.9000
-0.9000
-0.9000
-0.9000
-0.9000
-0.9000
-0.9000
-0.9000
-0.9000
-0.9000
-0.9000
-0.9000
-0.9000
-0.9000
-0.9000
-0.9000
-0.9000
-0.9000
-0.9000
-0.9000
-0.9000
-0.9000
-0.9000
-0.9000
-0.9000
-0.9000
-0.9000
-0.9000
-0.9000
-0.9000
-0.9000
-0.9000
-0.9000
-0.9000
-0.9000
-0.9000
-0.9000
-0.9000
-0.9000
-0.9000
-0.9000
-0.9000
-0.9000
-0.9000
-0.9000
-0.9000
-0.9000
-0.9000
-0.9000
-0.9000
-0.9000
-0.9000
-0.9000
-0.9000
-0.9000
-0.9000
-0.9000
-0.9000
-0.9000
-0.9000
-0.9000
-0.9000
-0.9000
-0.9000
-0.9000
-0.9000
-0.9000
-0.9000
-0.9000
-0.9000
-0.9000
-0.9000
-0.9000
-0.9000
-0.9000
-0.9000
-0.9000
-0.9000
-0.9000
-0.9000
-0.9000
-0.9000
-0.9000
-0.9000
-0.9000
-0.9000
-0.9000
-0.9000
-0.9000
-0.9000
-0.9000
-0.9000
-0.9000
-0.9000
-0.9000
-0.9000
-0.9000
-0.9000
-0.9000
-0.9000
-0.9000
-0.9000
-0.9000
-0.9000
-0.9000
-0.9000
-0.9000
-0.9000
-0.9000
-0.9000
-0.9000
-0.9000
-0.9000
-0.9000
-0.9000
-0.9000
-0.9000
-0.9000
-0.9000
-0.9000
-0.9000
-0.9000
-0.9000
-0.9000
-0.9000
-0.9000
-0.9000
-0.9000
-0.9000
-0.9000
-0.9000
-0.9000
-0.9000
-0.9000
-0.9000
-0.9000
-0.9000
-0.9000
-0.9000
-0.9000
-0.9000
-0.9000
-0.9000
-0.9000
-0.9000
-0.9000
-0.9000
-0.9000
-0.9000
-0.9000
-0.9000
-0.9000
-0.9000
-0.9000
-0.9000
-0.9000
-0.9000
-0.9000
-0.9000
-0.9000
-0.9000
-0.9000
-0.9000
-0.9000
-0.9000
-0.9000
-0.9000
-0.9000
-0.9000
-0.9000
-0.9000
-0.9000
-0.9000
-0.9000
-0.9000
-0.9000
-0.9000
-0.9000
-0.9000
-0.9000
-0.9000
-0.9000
-0.9000
-0.9000
-0.9000
-0.9000
-0.9000
-0.9000
-0.9000
-0.9000
-0.9000
-0.9000
-0.9000
-0.9000
-0.9000
-0.9000
-0.9000
-0.9000
-0.9000
-0.9000
-0.9000
-0.9000
-0.9000
-0.9000
-0.9000
-0.9000
-0.9000
-0.9000
-0.9000
-0.9000
-0.9000
-0.9000
-0.9000
-0.9000
-0.9000
-0.9000
-0.9000
-0.9000
-0.9000
-0.9000
-0.9000
-0.9000
-0.9000
-0.9000
-0.9000
-0.9000
-0.9000
-0.9000
-0.9000
-0.9000
-0.9000
-0.9000
-0.9000
-0.9000
-0.9000
-0.9000
-0.9000
-0.9000
-0.9000
-0.9000
-0.9000
-0.9000
-0.9000
-0.9000
-0.9000
-0.9000
-0.9000
-0.9000
-0.9000
-0.9000
-0.9000
-0.9000
-0.9000
-0.9000
-0.9000
-0.9000
-0.9000
-0.9000
-0.9000
-0.9000
-0.9000
-0.9000
-0.9000
-0.9000
-0.9000
-0.9000
-0.9000
-0.9000
-0.9000
-0.9000
-0.9000
-0.9000
-0.9000
-0.9000
-0.9000
-0.9000
-0.9000
-0.9000
-0.9000
-0.9000
-0.9000
-0.9000
-0.9000
-0.9000
-0.9000
-0.9000
-0.9000
-0.9000
-0.9000
-0.9000
-0.9000
-0.9000
-0.9000
-0.9000
-0.9000
-0.9000
-0.9000
-0.9000
-0.9000
-0.9000
-0.9000
-0.9000
-0.9000
-0.9000
-0.9000
-0.9000
-0.9000
-0.9000
-0.9000
-0.9000
-0.9000
-0.9000
-0.9000
-0.9000
-0.9000
-0.9000
-0.9000
-0.9000
-0.9000
-0.9000
-0.9000
-0.9000
-0.9000
-0.9000
-0.9000
-0.9000
-0.9000
-0.9000
-0.9000
-0.9000
-0.9000
-0.9000
-0.9000
-0.9000
-0.9000
-0.9000
-0.9000
-0.9000
-0.9000
-0.9000
-0.9000
-0.9000
-0.9000
-0.9000
-0.9000
-0.9000
-0.9000
-0.9000
-0.9000
-0.9000
-0.9000
-0.9000
-0.9000
-0.9000
-0.9000
-0.9000
-0.9000
-0.9000
-0.9000
-0.9000
-0.9000
-0.9000
-0.9000
-0.9000
-0.9000
-0.9000
-0.9000
-0.9000
-0.9000
-0.9000
-0.9000
-0.9000
-0.9000
-0.9000
-0.9000
-0.9000
-0.9000
-0.9000
-0.9000
-0.9000
-0.9000
-0.9000
-0.9000
-0.9000
-0.9000
-0.9000
-0.9000
-0.9000
-0.9000
-0.9000
-0.9000
-0.9000
-0.9000
-0.9000
-0.9000
-0.9000
-0.9000
-0.9000
-0.9000
-0.9000
-0.9000
-0.9000
-0.9000
-0.9000
-0.9000
-0.9000
-0.9000
-0.9000
-0.9000
-0.9000
-0.9000
-0.9000
-0.9000
-0.9000
-0.9000
-0.9000
-0.9000
-0.9000
-0.9000
-0.9000
-0.9000
-0.9000
-0.9000
-0.9000
-0.9000
-0.9000
-0.9000
-0.9000
-0.9000
-0.9000
-0.9000
-0.9000
-0.9000
-0.9000
-0.9000
-0.9000
-0.9000
-0.9000
-0.9000
-0.9000
-0.9000
-0.9000
-0.9000
-0.9000
-0.9000
-0.9000
-0.9000
-0.9000
-0.9000
-0.9000
-0.9000
-0.9000
-0.9000
-0.9000
-0.9000
-0.9000
-0.9000
-0.9000
-0.9000
-0.9000
-0.9000
-0.9000
-0.9000
-0.9000
-0.9000
-0.9000
-0.9000
-0.9000
-0.9000
-0.9000
-0.9000
-0.9000
-0.9000
-0.9000
-0.9000
-0.9000
-0.9000
-0.9000
-0.9000
-0.9000
-0.9000
-0.9000
-0.9000
-0.9000
-0.9000
-0.9000
-0.9000
-0.9000
-0.9000
-0.9000
-0.9000
-0.9000
-0.9000
-0.9000
-0.9000
-0.9000
-0.9000
-0.9000
-0.9000
-0.9000
-0.9000
-0.9000
-0.9000
-0.9000
-0.9000
-0.9000
-0.9000
-0.9000
-0.9000
-0.9000
-0.9000
-0.9000
-0.9000
-0.9000
-0.9000
-0.9000
-0.9000
-0.9000
-0.9000
-0.9000
-0.9000
-0.9000
-0.9000
-0.9000
-0.9000
-0.9000
-0.9000
-0.9000
-0.9000
-0.9000
-0.9000
-0.9000
-0.9000
-0.9000
-0.9000
-0.9000
-0.9000
-0.9000
-0.9000
-0.9000
-0.9000
-0.9000
-0.9000
-0.9000
-0.9000
-0.9000
-0.9000
-0.9000
-0.9000
-0.9000
-0.9000
-0.9000
-0.9000
-0.9000
-0.9000
-0.9000
-0.9000
-0.9000
-0.9000
-0.9000
-0.9000
-0.9000
-0.9000
-0.9000
-0.9000
-0.9000
-0.9000
-0.9000
-0.9000
-0.9000
-0.9000
-0.9000
-0.9000
-0.9000
-0.9000
-0.9000
-0.9000
-0.9000
-0.9000
-0.9000
-0.9000
-0.9000
-0.9000
-0.9000
-0.9000
-0.9000
-0.9000
-0.9000
-0.9000
-0.9000
-0.9000
-0.9000
-0.9000
-0.9000
-0.9000
-0.9000
-0.9000
-0.9000
-0.9000
-0.9000
-0.9000
-0.9000
-0.9000
-0.9000
-0.9000
-0.9000
-0.9000
-0.9000
-0.9000
-0.9000
-0.9000
-0.9000
-0.9000
-0.9000
-0.9000
-0.9000
-0.9000
-0.9000
-0.9000
-0.9000
-0.9000
-0.9000
-0.9000
-0.9000
-0.9000
-0.9000
-0.9000
-0.9000
-0.9000
-0.9000
-0.9000
-0.9000
-0.9000
-0.9000
-0.9000
-0.9000
-0.9000
-0.9000
-0.9000
-0.9000
-0.9000
-0.9000
-0.9000
-0.9000
-0.9000
-0.9000
-0.9000
-0.9000
-0.9000
-0.9000
-0.9000
-0.9000
-0.9000
-0.9000
-0.9000
-0.9000
-0.9000
-0.9000
-0.9000
-0.9000
-0.9000
-0.9000
-0.9000
-0.9000
-0.9000
-0.9000
-0.9000
-0.9000
-0.9000
-0.9000
-0.9000
-0.9000
-0.9000
-0.9000
-0.9000
-0.9000
-0.9000
-0.9000
-0.9000
-0.9000
-0.9000
-0.9000
-0.9000
-0.9000
-0.9000
-0.9000
-0.9000
-0.9000
-0.9000
-0.9000
-0.9000
-0.9000
-0.9000
-0.9000
-0.9000
-0.9000
-0.9000
-0.9000
-0.9000
-0.9000
-0.9000
-0.9000
-0.9000
-0.9000
-0.9000
-0.9000
-0.9000
-0.9000
-0.9000
-0.9000
-0.9000
-0.9000
-0.9000
-0.9000
-0.9000
-0.9000
-0.9000
-0.9000
-0.9000
-0.9000
-0.9000
-0.9000
-0.9000
-0.9000
-0.9000
-0.9000
-0.9000
-0.9000
-0.9000
-0.9000
-0.9000
-0.9000
-0.9000
-0.9000
-0.9000
-0.9000
-0.9000
-0.9000
-0.9000
-0.9000
-0.9000
-0.9000
-0.9000
-0.9000
-0.9000
-0.9000
-0.9000
-0.9000
-0.9000
-0.9000
-0.9000
-0.9000
-0.9000
-0.9000
-0.9000
-0.9000
-0.9000
-0.9000
-0.9000
-0.9000
-0.9000
-0.9000
-0.9000
-0.9000
-0.9000
-0.9000
-0.9000
-0.9000
-0.9000
-0.9000
-0.9000
-0.9000
-0.9000
-0.9000
-0.9000
-0.9000
-0.9000
-0.9000
-0.9000
-0.9000
-0.9000
-0.9000
-0.9000
-0.9000
-0.9000
-0.9000
-0.9000
-0.9000
-0.9000
-0.9000
-0.9000
-0.9000
-0.9000
-0.9000
-0.9000
-0.9000
-0.9000
-0.9000
-0.9000
-0.9000
-0.9000
-0.9000
-0.9000
-0.9000
-0.9000
-0.9000
-0.9000
-0.9000
-0.9000
-0.9000
-0.9000
-0.9000
-0.9000
-0.9000
-0.9000
-0.9000
-0.9000
-0.9000
-0.9000
-0.9000
-0.9000
-0.9000
-0.9000
-0.9000
-0.9000
-0.9000
-0.9000
-0.9000
-0.9000
-0.9000
-0.9000
-0.9000
-0.9000
-0.9000
-0.9000
-0.9000
-0.9000
-0.9000
-0.9000
-0.9000
-0.9000
-0.9000
-0.9000
-0.9000
-0.9000
-0.9000
-0.9000
-0.9000
-0.9000
-0.9000
-0.9000
-0.9000
-0.9000
-0.9000
-0.9000
-0.9000
-0.9000
-0.9000
-0.9000
-0.9000
-0.9000
-0.9000
-0.9000
-0.9000
-0.9000
-0.9000
-0.9000
-0.9000
-0.9000
-0.9000
-0.9000
-0.9000
-0.9000
-0.9000
-0.9000
-0.9000
-0.9000
-0.9000
-0.9000
-0.9000
-0.9000
-0.9000
-0.9000
-0.9000
-0.9000
-0.9000
-0.9000
-0.9000
-0.9000
-0.9000
-0.9000
-0.9000
-0.9000
-0.9000
-0.9000
-0.9000
-0.9000
-0.9000
-0.9000
-0.9000
-0.9000
-0.9000
-0.9000
-0.9000
-0.9000
-0.9000
-0.9000
-0.9000
-0.9000
-0.9000
-0.9000
-0.9000
-0.9000
-0.9000
-0.9000
-0.9000
-0.9000
-0.9000
-0.9000
-0.9000
-0.9000
-0.9000
-0.9000
-0.9000
-0.9000
-0.9000
-0.9000
-0.9000
-0.9000
-0.9000
-0.9000
-0.9000
-0.9000
-0.9000
-0.9000
-0.9000
-0.9000
-0.9000
-0.9000
-0.9000
-0.9000
-0.9000
-0.9000
-0.9000
-0.9000
-0.9000
-0.9000
-0.9000
-0.9000
-0.9000
-0.9000
-0.9000
-0.9000
-0.9000
-0.9000
-0.9000
-0.9000
-0.9000
-0.9000
-0.9000
-0.9000
-0.9000
-0.9000
-0.9000
-0.9000
-0.9000
-0.9000
-0.9000
-0.9000
-0.9000
-0.9000
-0.9000
-0.9000
-0.9000
-0.9000
-0.9000
-0.9000
-0.9000
-0.9000
-0.9000
-0.9000
-0.9000
-0.9000
-0.9000
-0.9000
-0.9000
-0.9000
-0.9000
-0.9000
-0.9000
-0.9000
-0.9000
-0.9000
-0.9000
-0.9000
-0.9000
-0.9000
-0.9000
-0.9000
-0.9000
-0.9000
-0.9000
-0.9000
-0.9000
-0.9000
-0.9000
-0.9000
-0.9000
-0.9000
-0.9000
-0.9000
-0.9000
-0.9000
-0.9000
-0.9000
-0.9000
-0.9000
-0.9000
-0.9000
-0.9000
-0.9000
-0.9000
-0.9000
-0.9000
-0.9000
-0.9000
-0.9000
-0.9000
-0.9000
-0.9000
-0.9000
-0.9000
-0.9000
-0.9000
-0.9000
-0.9000
-0.9000
-0.9000
-0.9000
-0.9000
-0.9000
-0.9000
-0.9000
-0.9000
-0.9000
-0.9000
-0.9000
-0.9000
-0.9000
-0.9000
-0.9000
-0.9000
-0.9000
-0.9000
-0.9000
-0.9000
-0.9000
-0.9000
-0.9000
-0.9000
-0.9000
-0.9000
-0.9000
-0.9000
-0.9000
-0.9000
-0.9000
-0.9000
-0.9000
-0.9000
-0.9000
-0.9000
-0.9000
-0.9000
-0.9000
-0.9000
-0.9000
-0.9000
-0.9000
-0.9000
-0.9000
-0.9000
-0.9000
-0.9000
-0.9000
-0.9000
-0.9000
-0.9000
-0.9000
-0.9000
-0.9000
-0.9000
-0.9000
-0.9000
-0.9000
-0.9000
-0.9000
-0.9000
-0.9000
-0.9000
-0.9000
-0.9000
-0.9000
-0.9000
-0.9000
-0.9000
-0.9000
-0.9000
-0.9000
-0.9000
-0.9000
-0.9000
-0.9000
-0.9000
-0.9000
-0.9000
-0.9000
-0.9000
-0.9000
-0.9000
-0.9000
-0.9000
-0.9000
-0.9000
-0.9000
-0.9000
-0.9000
-0.9000
-0.9000
-0.9000
-0.9000
-0.9000
-0.9000
-0.9000
-0.9000
-0.9000
-0.9000
-0.9000
-0.9000
-0.9000
-0.9000
-0.9000
-0.9000
-0.9000
-0.9000
-0.9000
-0.9000
-0.9000
-0.9000
-0.9000
-0.9000
-0.9000
-0.9000
-0.9000
-0.9000
-0.9000
-0.9000
-0.9000
-0.9000
-0.9000
-0.9000
-0.9000
-0.9000
-0.9000
-0.9000
-0.9000
-0.9000
-0.9000
-0.9000
-0.9000
-0.9000
-0.9000
-0.9000
-0.9000
-0.9000
-0.9000
-0.9000
-0.9000
-0.9000
-0.9000
-0.9000
-0.9000
-0.9000
-0.9000
-0.9000
-0.9000
-0.9000
-0.9000
-0.9000
-0.9000
-0.9000
-0.9000
-0.9000
-0.9000
-0.9000
-0.9000
-0.9000
-0.9000
-0.9000
-0.9000
-0.9000
-0.9000
-0.9000
-0.9000
-0.9000
-0.9000
-0.9000
-0.9000
-0.9000
-0.9000
-0.9000
-0.9000
-0.9000
-0.9000
-0.9000
-0.9000
-0.9000
-0.9000
-0.9000
-0.9000
-0.9000
-0.9000
-0.9000
-0.9000
-0.9000
-0.9000
-0.9000
-0.9000
-0.9000
-0.9000
-0.9000
-0.9000
-0.9000
-0.9000
-0.9000
-0.9000
-0.9000
-0.9000
-0.9000
-0.9000
-0.9000
-0.9000
-0.9000
-0.9000
-0.9000
-0.9000
-0.9000
-0.9000
-0.9000
-0.9000
-0.9000
-0.9000
-0.9000
-0.9000
-0.9000
-0.9000
-0.9000
-0.9000
-0.9000
-0.9000
-0.9000
-0.9000
-0.9000
-0.9000
-0.9000
-0.9000
-0.9000
-0.9000
-0.9000
-0.9000
-0.9000
-0.9000
-0.9000
-0.9000
-0.9000
-0.9000
-0.9000
-0.9000
-0.9000
-0.9000
-0.9000
-0.9000
-0.9000
-0.9000
-0.9000
-0.9000
-0.9000
-0.9000
-0.9000
-0.9000
-0.9000
-0.9000
-0.9000
-0.9000
-0.9000
-0.9000
-0.9000
-0.9000
-0.9000
-0.9000
-0.9000
-0.9000
-0.9000
-0.9000
-0.9000
-0.9000
-0.9000
-0.9000
-0.9000
-0.9000
-0.9000
-0.9000
-0.9000
-0.9000
-0.9000
-0.9000
-0.9000
-0.9000
-0.9000
-0.9000
-0.9000
-0.9000
-0.9000
-0.9000
-0.9000
-0.9000
-0.9000
-0.9000
-0.9000
-0.9000
-0.9000
-0.9000
-0.9000
-0.9000
-0.9000
-0.9000
-0.9000
-0.9000
-0.9000
-0.9000
-0.9000
-0.9000
-0.9000
-0.9000
-0.9000
-0.9000
-0.9000
-0.9000
-0.9000
-0.9000
-0.9000
-0.9000
-0.9000
-0.9000
-0.9000
-0.9000
-0.9000
-0.9000
-0.9000
-0.9000
-0.9000
-0.9000
-0.9000
-0.9000
-0.9000
-0.9000
-0.9000
-0.9000
-0.9000
-0.9000
-0.9000
-0.9000
-0.9000
-0.9000
-0.9000
-0.9000
-0.9000
-0.9000
-0.9000
-0.9000
-0.9000
-0.9000
-0.9000
-0.9000
-0.9000
-0.9000
-0.9000
-0.9000
-0.9000
-0.9000
-0.9000
-0.9000
-0.9000
-0.9000
-0.9000
-0.9000
-0.9000
-0.9000
-0.9000
-0.9000
-0.9000
-0.9000
-0.9000
-0.9000
-0.9000
-0.9000
-0.9000
-0.9000
-0.9000
-0.9000
-0.9000
-0.9000
-0.9000
-0.9000
-0.9000
-0.9000
-0.9000
-0.9000
-0.9000
-0.9000
-0.9000
-0.9000
-0.9000
-0.9000
-0.9000
-0.9000
-0.9000
-0.9000
-0.9000
-0.9000
-0.9000
-0.9000
-0.9000
-0.9000
-0.9000
-0.9000
-0.9000
-0.9000
-0.9000
-0.9000
-0.9000
-0.9000
-0.9000
-0.9000
-0.9000
-0.9000
-0.9000
-0.9000
-0.9000
-0.9000
-0.9000
-0.9000
-0.9000
-0.9000
-0.9000
-0.9000
-0.9000
-0.9000
-0.9000
-0.9000
-0.9000
-0.9000
-0.9000
-0.9000
-0.9000
-0.9000
-0.9000
-0.9000
-0.9000
-0.9000
-0.9000
-0.9000
-0.9000
-0.9000
-0.9000
-0.9000
-0.9000
-0.9000
-0.9000
-0.9000
-0.9000
-0.9000
-0.9000
-0.9000
-0.9000
-0.9000
-0.9000
-0.9000
-0.9000
-0.9000
-0.9000
-0.9000
-0.9000
-0.9000
-0.9000