1.7437
1.7437
1.7436
1.7435
1.7433
1.7430
1.7427
1.7423
1.7419
1.7414
1.7408
1.7402
1.7396
1.7389
1.7381
1.7372
1.7363
1.7354
1.7344
1.7333
1.7322
1.7310
1.7298
1.7285
1.7271
1.7257
1.7242
1.7227
1.7211
1.7195
1.7178
1.7160
1.7142
1.7123
1.7104
1.7084
1.7063
1.7042
1.7021
1.6998
1.6976
1.6952
1.6928
1.6904
1.6879
1.6853
1.6827
1.6800
1.6772
1.6744
1.6716
1.6687
1.6657
1.6627
1.6596
1.6564
1.6532
1.6500
1.6466
1.6433
1.6398
1.6363
1.6328
1.6292
1.6255
1.6218
1.6180
1.6141
1.6102
1.6063
1.6023
1.5982
1.5941
1.5899
1.5856
1.5813
1.5769
1.5725
1.5680
1.5635
1.5589
1.5543
1.5495
1.5448
1.5399
1.5351
1.5301
1.5251
1.5201
1.5149
1.5098
1.5045
1.4992
1.4939
1.4885
1.4830
1.4775
1.4719
1.4662
1.4605
1.4548
1.4490
1.4431
1.4372
1.4312
1.4251
1.4190
1.4128
1.4066
1.4003
1.3940
1.3876
1.3811
1.3746
1.3680
1.3614
1.3547
1.3480
1.3412
1.3343
1.3274
1.3204
1.3134
1.3063
1.2991
1.2919
1.2846
1.2773
1.2699
1.2624
1.2549
1.2474
1.2397
1.2320
1.2243
1.2165
1.2086
1.2007
1.1927
1.1847
1.1766
1.1685
1.1602
1.1520
1.1437
1.1353
1.1268
1.1183
1.1098
1.1011
1.0924
1.0837
1.0749
1.0661
1.0571
1.0482
1.0391
1.0300
1.0209
1.0117
1.0024
0.9931
0.9837
0.9743
0.9648
0.9552
0.9456
0.9359
0.9262
0.9164
0.9065
0.8966
0.8866
0.8766
0.8665
0.8564
0.8462
0.8359
0.8256
0.8152
0.8047
0.7942
0.7837
0.7731
0.7624
0.7516
0.7408
0.7300
0.7191
0.7081
0.6971
0.6860
0.6748
0.6636
0.6524
0.6410
0.6297
0.6182
0.6067
0.5952
0.5835
0.5719
0.5601
0.5483
0.5365
0.5245
0.5126
0.5005
0.4885
0.4763
0.4641
0.4518
0.4395
0.4271
0.4147
0.4022
0.3896
0.3770
0.3643
0.3516
0.3388
0.3259
0.3130
0.3000
0.2870
0.2739
0.2608
0.2476
0.2343
0.2210
0.2076
0.1941
0.1806
0.1671
0.1535
0.1398
0.1260
0.1122
0.0984
0.0845
0.0705
0.0565
0.0424
0.0282
0.0140
-0.0002
-0.0146
-0.0289
-0.0434
-0.0579
-0.0724
-0.0870
-0.1017
-0.1165
-0.1312
-0.1461
-0.1610
-0.1760
-0.1910
-0.2061
-0.2212
-0.2364
-0.2517
-0.2670
-0.2824
-0.2978
-0.3133
-0.3288
-0.3444
-0.3601
-0.3758
-0.3916
-0.4074
-0.4233
-0.4393
-0.4553
-0.4714
-0.4875
-0.5037
-0.5199
-0.5362
-0.5526
-0.5690
-0.5855
-0.6020
-0.6186
-0.6352
-0.6519
-0.6687
-0.6855
-0.7024
-0.7193
-0.7363
-0.7534
-0.7705
-0.7876
-0.8049
-0.8221
-0.8395
-0.8569
-0.8743
-0.8918
-0.9000
-0.8849
-0.8700
-0.8550
-0.8401
-0.8253
-0.8106
-0.7958
-0.7812
-0.7666
-0.7521
-0.7376
-0.7232
-0.7088
-0.6945
-0.6802
-0.6660
-0.6519
-0.6378
-0.6238
-0.6098
-0.5959
-0.5821
-0.5683
-0.5546
-0.5409
-0.5273
-0.5137
-0.5002
-0.4868
-0.4734
-0.4601
-0.4468
-0.4336
-0.4204
-0.4073
-0.3943
-0.3813
-0.3684
-0.3555
-0.3427
-0.3300
-0.3173
-0.3046
-0.2921
-0.2795
-0.2671
-0.2547
-0.2423
-0.2301
-0.2178
-0.2057
-0.1936
-0.1815
-0.1695
-0.1576
-0.1457
-0.1339
-0.1221
-0.1104
-0.0988
-0.0872
-0.0757
-0.0642
-0.0528
-0.0415
-0.0302
-0.0189
-0.0078
0.0033
0.0144
0.0254
0.0363
0.0472
0.0580
0.0688
0.0795
0.0902
0.1007
0.1113
0.1217
0.1322
0.1425
0.1528
0.1630
0.1732
0.1833
0.1934
0.2034
0.2133
0.2232
0.2331
0.2428
0.2525
0.2622
0.2718
0.2813
0.2908
0.3002
0.3095
0.3188
0.3281
0.3372
0.3464
0.3554
0.3644
0.3734
0.3823
0.3911
0.3999
0.4086
0.4172
0.4258
0.4343
0.4428
0.4512
0.4596
0.4679
0.4761
0.4843
0.4924
0.5005
0.5085
0.5164
0.5243
0.5321
0.5399
0.5476
0.5552
0.5628
0.5704
0.5778
0.5852
0.5926
0.5999
0.6071
0.6143
0.6214
0.6285
0.6355
0.6424
0.6493
0.6561
0.6629
0.6696
0.6763
0.6828
0.6894
0.6958
0.7023
0.7086
0.7149
0.7211
0.7273
0.7334
0.7395
0.7455
0.7514
0.7573
0.7631
0.7689
0.7746
0.7803
0.7859
0.7914
0.7969
0.8023
0.8076
0.8129
0.8181
0.8233
0.8284
0.8335
0.8385
0.8434
0.8483
0.8531
0.8579
0.8626
0.8673
0.8719
0.8764
0.8809
0.8853
0.8896
0.8939
0.8981
0.9023
0.9064
0.9105
0.9145
0.9184
0.9223
0.9262
0.9299
0.9336
0.9373
0.9409
0.9444
0.9479
0.9513
0.9546
0.9579
0.9612
0.9643
0.9675
0.9705
0.9735
0.9765
0.9793
0.9822
0.9849
0.9876
0.9903
0.9929
0.9954
0.9979
1.0003
1.0027
1.0050
1.0072
1.0094
1.0115
1.0136
1.0156
1.0175
1.0194
1.0212
1.0230
1.0247
1.0263
1.0279
1.0295
1.0309
1.0324
1.0337
1.0350
1.0363
1.0374
1.0386
1.0396
1.0406
1.0416
1.0425
1.0433
1.0441
1.0448
1.0454
1.0460
1.0466
1.0470
1.0475
1.0478
1.0481
1.0484
1.0485
1.0487
1.0487
1.0487
1.0487
1.0486
1.0484
1.0482
1.0479
1.0476
1.0472
1.0467
1.0462
1.0456
1.0450
1.0443
1.0435
1.0427
1.0418
1.0409
1.0399
1.0388
1.0377
1.0366
1.0353
1.0341
1.0327
1.0313
1.0299
1.0283
1.0268
1.0251
1.0234
1.0217
1.0199
1.0180
1.0161
1.0141
1.0120
1.0099
1.0078
1.0055
1.0033
1.0009
0.9985
0.9961
0.9935
0.9910
0.9883
0.9856
0.9829
0.9801
0.9772
0.9743
0.9713
0.9683
0.9651
0.9620
0.9588
0.9555
0.9521
0.9487
0.9453
0.9418
0.9382
0.9346
0.9309
0.9271
0.9233
0.9194
0.9155
0.9115
0.9075
0.9034
0.8992
0.8950
0.8907
0.8864
0.8820
0.8775
0.8730
0.8684
0.8638
0.8591
0.8544
0.8496
0.8447
0.8398
0.8348
0.8297
0.8246
0.8195
0.8143
0.8090
0.8036
0.7982
0.7928
0.7873
0.7817
0.7761
0.7704
0.7646
0.7588
0.7530
0.7470
0.7410
0.7350
0.7289
0.7227
0.7165
0.7102
0.7039
0.6975
0.6910
0.6845
0.6780
0.6713
0.6646
0.6579
0.6511
0.6442
0.6373
0.6303
0.6232
0.6161
0.6090
0.6018
0.5945
0.5871
0.5797
0.5723
0.5648
0.5572
0.5496
0.5419
0.5341
0.5263
0.5184
0.5105
0.5025
0.4945
0.4864
0.4782
0.4700
0.4617
0.4534
0.4450
0.4365
0.4280
0.4194
0.4108
0.4021
0.3933
0.3845
0.3757
0.3667
0.3577
0.3487
0.3396
0.3304
0.3212
0.3119
0.3026
0.2932
0.2837
0.2742
0.2646
0.2550
0.2453
0.2356
0.2258
0.2159
0.2060
0.1960
0.1859
0.1758
0.1657
0.1554
0.1452
0.1348
0.1244
0.1140
0.1035
0.0929
0.0823
0.0716
0.0608
0.0500
0.0391
0.0282
0.0172
0.0062
-0.0049
-0.0161
-0.0273
-0.0386
-0.0499
-0.0613
-0.0727
-0.0842
-0.0958
-0.1074
-0.1191
-0.1309
-0.1427
-0.1545
-0.1665
-0.1784
-0.1905
-0.2026
-0.2147
-0.2269
-0.2392
-0.2515
-0.2639
-0.2763
-0.2888
-0.3014
-0.3140
-0.3267
-0.3394
-0.3522
-0.3651
-0.3780
-0.3909
-0.4040
-0.4171
-0.4302
-0.4434
-0.4566
-0.4700
-0.4833
-0.4968
-0.5102
-0.5238
-0.5374
-0.5511
-0.5648
-0.5785
-0.5924
-0.6063
-0.6202
-0.6342
-0.6483
-0.6624
-0.6766
-0.6908
-0.7051
-0.7195
-0.7339
-0.7483
-0.7629
-0.7774
-0.7921
-0.8068
-0.8215
-0.8363
-0.8512
-0.8661
-0.8811
-0.8961
-0.9000
-0.8871
-0.8742
-0.8614
-0.8486
-0.8359
-0.8233
-0.8107
-0.7982
-0.7857
-0.7733
-0.7609
-0.7486
-0.7364
-0.7242
-0.7121
-0.7000
-0.6880
-0.6761
-0.6642
-0.6523
-0.6405
-0.6288
-0.6171
-0.6055
-0.5940
-0.5825
-0.5710
-0.5597
-0.5483
-0.5371
-0.5259
-0.5147
-0.5036
-0.4926
-0.4816
-0.4707
-0.4598
-0.4490
-0.4383
-0.4276
-0.4170
-0.4064
-0.3959
-0.3854
-0.3750
-0.3647
-0.3544
-0.3442
-0.3340
-0.3239
-0.3139
-0.3039
-0.2940
-0.2841
-0.2743
-0.2645
-0.2548
-0.2452
-0.2356
-0.2261
-0.2166
-0.2072
-0.1978
-0.1885
-0.1793
-0.1701
-0.1610
-0.1520
-0.1430
-0.1340
-0.1251
-0.1163
-0.1075
-0.0988
-0.0902
-0.0816
-0.0731
-0.0646
-0.0562
-0.0478
-0.0395
-0.0313
-0.0231
-0.0150
-0.0069
0.0011
0.0090
0.0169
0.0248
0.0325
0.0403
0.0479
0.0555
0.0630
0.0705
0.0779
0.0853
0.0926
0.0999
0.1070
0.1142
0.1212
0.1282
0.1352
0.1421
0.1489
0.1557
0.1624
0.1691
0.1757
0.1822
0.1887
0.1951
0.2015
0.2078
0.2140
0.2202
0.2263
0.2324
0.2384
0.2444
0.2503
0.2561
0.2619
0.2676
0.2733
0.2789
0.2844
0.2899
0.2953
0.3007
0.3060
0.3112
0.3164
0.3216
0.3266
0.3316
0.3366
0.3415
0.3463
0.3511
0.3558
0.3605
0.3651
0.3696
0.3741
0.3785
0.3829
0.3872
0.3915
0.3956
0.3998
0.4038
0.4079
0.4118
0.4157
0.4195
0.4233
0.4270
0.4307
0.4343
0.4378
0.4413
0.4447
0.4481
0.4514
0.4547
0.4579
0.4610
0.4641
0.4671
0.4700
0.4729
0.4758
0.4785
0.4812
0.4839
0.4865
0.4890
0.4915
0.4940
0.4963
0.4986
0.5009
0.5031
0.5052
0.5073
0.5093
0.5112
0.5131
0.5150
0.5167
0.5184
0.5201
0.5217
0.5232
0.5247
0.5262
0.5275
0.5288
0.5301
0.5313
0.5324
0.5335
0.5345
0.5354
0.5363
0.5371
0.5379
0.5386
0.5393
0.5399
0.5404
0.5409
0.5413
0.5417
0.5420
0.5423
0.5424
0.5426
0.5426
0.5426
0.5426
0.5425
0.5423
0.5421
0.5418
0.5415
0.5411
0.5406
0.5401
0.5395
0.5389
0.5382
0.5374
0.5366
0.5357
0.5348
0.5338
0.5328
0.5317
0.5305
0.5293
0.5280
0.5266
0.5252
0.5238
0.5223
0.5207
0.5190
0.5173
0.5156
0.5138
0.5119
0.5100
0.5080
0.5059
0.5038
0.5017
0.4994
0.4971
0.4948
0.4924
0.4899
0.4874
0.4848
0.4822
0.4795
0.4767
0.4739
0.4710
0.4681
0.4651
0.4621
0.4590
0.4558
0.4526
0.4493
0.4459
0.4425
0.4391
0.4356
0.4320
0.4283
0.4246
0.4209
0.4171
0.4132
0.4093
0.4053
0.4012
0.3971
0.3929
0.3887
0.3844
0.3801
0.3757
0.3712
0.3667
0.3621
0.3575
0.3528
0.3480
0.3432
0.3383
0.3334
0.3284
0.3233
0.3182
0.3131
0.3078
0.3026
0.2972
0.2918
0.2863
0.2808
0.2752
0.2696
0.2639
0.2582
0.2523
0.2465
0.2405
0.2345
0.2285
0.2224
0.2162
0.2100
0.2037
0.1974
0.1910
0.1845
0.1780
0.1714
0.1648
0.1581
0.1513
0.1445
0.1376
0.1307
0.1237
0.1167
0.1096
0.1024
0.0952
0.0879
0.0805
0.0731
0.0657
0.0582
0.0506
0.0430
0.0353
0.0275
0.0197
0.0118
0.0039
-0.0041
-0.0121
-0.0202
-0.0284
-0.0366
-0.0449
-0.0532
-0.0616
-0.0701
-0.0786
-0.0872
-0.0958
-0.1045
-0.1132
-0.1220
-0.1309
-0.1398
-0.1488
-0.1578
-0.1669
-0.1761
-0.1853
-0.1946
-0.2039
-0.2133
-0.2227
-0.2322
-0.2418
-0.2514
-0.2611
-0.2708
-0.2806
-0.2905
-0.3004
-0.3104
-0.3204
-0.3305
-0.3406
-0.3508
-0.3611
-0.3714
-0.3818
-0.3922
-0.4027
-0.4132
-0.4239
-0.4345
-0.4452
-0.4560
-0.4669
-0.4778
-0.4887
-0.4997
-0.5108
-0.5219
-0.5331
-0.5444
-0.5557
-0.5670
-0.5784
-0.5899
-0.6014
-0.6130
-0.6247
-0.6364
-0.6482
-0.6600
-0.6719
-0.6838
-0.6958
-0.7078
-0.7199
-0.7321
-0.7443
-0.7566
-0.7689
-0.7813
-0.7938
-0.8063
-0.8189
-0.8315
-0.8442
-0.8569
-0.8697
-0.8825
-0.8954
-0.9000
-0.8889
-0.8779
-0.8669
-0.8560
-0.8451
-0.8343
-0.8235
-0.8128
-0.8022
-0.7916
-0.7811
-0.7706
-0.7602
-0.7498
-0.7395
-0.7293
-0.7191
-0.7090
-0.6989
-0.6889
-0.6790
-0.6691
-0.6592
-0.6495
-0.6397
-0.6301
-0.6205
-0.6109
-0.6014
-0.5920
-0.5826
-0.5733
-0.5640
-0.5548
-0.5457
-0.5366
-0.5275
-0.5186
-0.5097
-0.5008
-0.4920
-0.4833
-0.4746
-0.4659
-0.4574
-0.4489
-0.4404
-0.4320
-0.4237
-0.4154
-0.4072
-0.3991
-0.3910
-0.3830
-0.3750
-0.3671
-0.3592
-0.3514
-0.3437
-0.3361
-0.3285
-0.3209
-0.3134
-0.3060
-0.2987
-0.2914
-0.2841
-0.2770
-0.2699
-0.2628
-0.2559
-0.2489
-0.2421
-0.2353
-0.2286
-0.2219
-0.2153
-0.2088
-0.2023
-0.1959
-0.1896
-0.1833
-0.1771
-0.1710
-0.1649
-0.1589
-0.1530
-0.1471
-0.1413
-0.1355
-0.1299
-0.1243
-0.1187
-0.1132
-0.1078
-0.1025
-0.0972
-0.0920
-0.0869
-0.0818
-0.0768
-0.0719
-0.0670
-0.0622
-0.0575
-0.0528
-0.0482
-0.0437
-0.0393
-0.0349
-0.0306
-0.0264
-0.0222
-0.0181
-0.0141
-0.0101
-0.0062
-0.0024
0.0013
0.0050
0.0086
0.0121
0.0156
0.0190
0.0223
0.0255
0.0287
0.0318
0.0348
0.0378
0.0406
0.0434
0.0462
0.0488
0.0514
0.0539
0.0563
0.0587
0.0610
0.0632
0.0653
0.0674
0.0693
0.0713
0.0731
0.0748
0.0765
0.0781
0.0797
0.0811
0.0825
0.0838
0.0850
0.0861
0.0872
0.0882
0.0891
0.0900
0.0907
0.0914
0.0920
0.0925
0.0930
0.0933
0.0936
0.0938
0.0940
0.0940
0.0940
0.0939
0.0937
0.0934
0.0931
0.0926
0.0921
0.0915
0.0909
0.0901
0.0893
0.0884
0.0874
0.0863
0.0851
0.0839
0.0826
0.0812
0.0797
0.0781
0.0765
0.0747
0.0729
0.0710
0.0690
0.0670
0.0648
0.0626
0.0603
0.0579
0.0554
0.0528
0.0502
0.0474
0.0446
0.0417
0.0387
0.0356
0.0325
0.0292
0.0259
0.0225
0.0190
0.0154
0.0117
0.0079
0.0041
0.0001
-0.0039
-0.0080
-0.0122
-0.0165
-0.0208
-0.0253
-0.0299
-0.0345
-0.0392
-0.0440
-0.0489
-0.0539
-0.0590
-0.0642
-0.0694
-0.0748
-0.0802
-0.0857
-0.0914
-0.0971
-0.1029
-0.1087
-0.1147
-0.1208
-0.1269
-0.1332
-0.1395
-0.1459
-0.1525
-0.1591
-0.1658
-0.1726
-0.1795
-0.1864
-0.1935
-0.2007
-0.2079
-0.2153
-0.2227
-0.2302
-0.2379
-0.2456
-0.2534
-0.2613
-0.2693
-0.2774
-0.2856
-0.2938
-0.3022
-0.3107
-0.3192
-0.3279
-0.3366
-0.3455
-0.3544
-0.3634
-0.3726
-0.3818
-0.3911
-0.4005
-0.4100
-0.4196
-0.4293
-0.4391
-0.4490
-0.4590
-0.4691
-0.4793
-0.4895
-0.4999
-0.5104
-0.5210
-0.5316
-0.5424
-0.5532
-0.5642
-0.5753
-0.5864
-0.5977
-0.6090
-0.6204
-0.6320
-0.6436
-0.6554
-0.6672
-0.6791
-0.6912
-0.7033
-0.7155
-0.7279
-0.7403
-0.7528
-0.7655
-0.7782
-0.7910
-0.8039
-0.8170
-0.8301
-0.8433
-0.8567
-0.8701
-0.8836
-0.8972
-0.9000
-0.8883
-0.8767
-0.8652
-0.8538
-0.8424
-0.8312
-0.8201
-0.8091
-0.7982
-0.7874
-0.7767
-0.7661
-0.7557
-0.7453
-0.7350
-0.7248
-0.7147
-0.7048
-0.6949
-0.6851
-0.6755
-0.6659
-0.6565
-0.6471
-0.6379
-0.6287
-0.6197
-0.6108
-0.6020
-0.5933
-0.5847
-0.5762
-0.5678
-0.5595
-0.5513
-0.5432
-0.5353
-0.5274
-0.5197
-0.5121
-0.5045
-0.4971
-0.4898
-0.4826
-0.4755
-0.4685
-0.4616
-0.4549
-0.4482
-0.4417
-0.4352
-0.4289
-0.4227
-0.4166
-0.4106
-0.4047
-0.3990
-0.3933
-0.3878
-0.3823
-0.3770
-0.3718
-0.3667
-0.3617
-0.3568
-0.3521
-0.3474
-0.3429
-0.3385
-0.3342
-0.3300
-0.3259
-0.3219
-0.3181
-0.3143
-0.3107
-0.3072
-0.3038
-0.3005
-0.2974
-0.2943
-0.2914
-0.2886
-0.2859
-0.2833
-0.2808
-0.2785
-0.2763
-0.2741
-0.2721
-0.2703
-0.2685
-0.2668
-0.2653
-0.2639
-0.2626
-0.2614
-0.2604
-0.2594
-0.2586
-0.2579
-0.2573
-0.2568
-0.2565
-0.2563
-0.2562
-0.2562
-0.2563
-0.2566
-0.2569
-0.2574
-0.2580
-0.2588
-0.2596
-0.2606
-0.2617
-0.2629
-0.2643
-0.2657
-0.2673
-0.2690
-0.2708
-0.2728
-0.2748
-0.2770
-0.2794
-0.2818
-0.2844
-0.2870
-0.2898
-0.2928
-0.2958
-0.2990
-0.3023
-0.3057
-0.3093
-0.3130
-0.3168
-0.3207
-0.3247
-0.3289
-0.3332
-0.3376
-0.3422
-0.3468
-0.3516
-0.3566
-0.3616
-0.3668
-0.3721
-0.3775
-0.3831
-0.3888
-0.3946
-0.4005
-0.4066
-0.4128
-0.4191
-0.4255
-0.4321
-0.4388
-0.4456
-0.4526
-0.4596
-0.4669
-0.4742
-0.4817
-0.4892
-0.4970
-0.5048
-0.5128
-0.5209
-0.5292
-0.5375
-0.5460
-0.5546
-0.5634
-0.5723
-0.5813
-0.5904
-0.5997
-0.6091
-0.6187
-0.6283
-0.6381
-0.6481
-0.6581
-0.6683
-0.6786
-0.6891
-0.6997
-0.7104
-0.7212
-0.7322
-0.7433
-0.7545
-0.7659
-0.7774
-0.7890
-0.8008
-0.8127
-0.8247
-0.8369
-0.8492
-0.8616
-0.8742
-0.8869
-0.8997
-0.9000
-0.8890
-0.8781
-0.8673
-0.8567
-0.8462
-0.8359
-0.8257
-0.8156
-0.8056
-0.7958
-0.7861
-0.7766
-0.7672
-0.7579
-0.7488
-0.7398
-0.7309
-0.7222
-0.7136
-0.7051
-0.6968
-0.6886
-0.6806
-0.6727
-0.6649
-0.6573
-0.6498
-0.6425
-0.6352
-0.6282
-0.6212
-0.6144
-0.6078
-0.6013
-0.5949
-0.5886
-0.5825
-0.5766
-0.5708
-0.5651
-0.5596
-0.5542
-0.5489
-0.5438
-0.5388
-0.5340
-0.5293
-0.5248
-0.5204
-0.5161
-0.5120
-0.5080
-0.5042
-0.5005
-0.4970
-0.4936
-0.4903
-0.4872
-0.4842
-0.4814
-0.4787
-0.4762
-0.4738
-0.4716
-0.4695
-0.4675
-0.4657
-0.4641
-0.4625
-0.4612
-0.4599
-0.4589
-0.4579
-0.4572
-0.4565
-0.4560
-0.4557
-0.4555
-0.4554
-0.4555
-0.4558
-0.4562
-0.4567
-0.4574
-0.4583
-0.4592
-0.4604
-0.4617
-0.4631
-0.4647
-0.4664
-0.4683
-0.4703
-0.4725
-0.4748
-0.4773
-0.4800
-0.4827
-0.4857
-0.4888
-0.4920
-0.4954
-0.4989
-0.5026
-0.5064
-0.5104
-0.5146
-0.5189
-0.5233
-0.5279
-0.5327
-0.5376
-0.5426
-0.5478
-0.5532
-0.5587
-0.5644
-0.5702
-0.5762
-0.5823
-0.5886
-0.5950
-0.6016
-0.6083
-0.6152
-0.6223
-0.6295
-0.6368
-0.6443
-0.6520
-0.6598
-0.6678
-0.6759
-0.6842
-0.6926
-0.7012
-0.7100
-0.7189
-0.7279
-0.7371
-0.7465
-0.7560
-0.7657
-0.7756
-0.7855
-0.7957
-0.8060
-0.8165
-0.8271
-0.8379
-0.8488
-0.8599
-0.8711
-0.8825
-0.8941
-0.9000
-0.8901
-0.8803
-0.8707
-0.8612
-0.8519
-0.8428
-0.8338
-0.8250
-0.8163
-0.8078
-0.7995
-0.7913
-0.7833
-0.7754
-0.7677
-0.7601
-0.7527
-0.7455
-0.7385
-0.7315
-0.7248
-0.7182
-0.7118
-0.7055
-0.6994
-0.6935
-0.6877
-0.6821
-0.6767
-0.6714
-0.6663
-0.6613
-0.6565
-0.6519
-0.6474
-0.6431
-0.6390
-0.6350
-0.6312
-0.6276
-0.6241
-0.6208
-0.6176
-0.6147
-0.6118
-0.6092
-0.6067
-0.6044
-0.6022
-0.6002
-0.5984
-0.5968
-0.5953
-0.5940
-0.5928
-0.5918
-0.5910
-0.5904
-0.5899
-0.5896
-0.5895
-0.5895
-0.5897
-0.5900
-0.5906
-0.5913
-0.5922
-0.5932
-0.5944
-0.5958
-0.5973
-0.5991
-0.6010
-0.6030
-0.6053
-0.6077
-0.6102
-0.6130
-0.6159
-0.6190
-0.6222
-0.6257
-0.6293
-0.6330
-0.6370
-0.6411
-0.6454
-0.6499
-0.6545
-0.6593
-0.6643
-0.6694
-0.6748
-0.6803
-0.6859
-0.6918
-0.6978
-0.7040
-0.7103
-0.7169
-0.7236
-0.7305
-0.7375
-0.7448
-0.7522
-0.7598
-0.7675
-0.7755
-0.7836
-0.7918
-0.8003
-0.8089
-0.8177
-0.8267
-0.8359
-0.8452
-0.8547
-0.8644
-0.8743
-0.8843
-0.8945
-0.9000
-0.8912
-0.8826
-0.8742
-0.8660
-0.8579
-0.8500
-0.8423
-0.8348
-0.8274
-0.8203
-0.8133
-0.8065
-0.7998
-0.7934
-0.7871
-0.7810
-0.7750
-0.7693
-0.7637
-0.7583
-0.7531
-0.7481
-0.7433
-0.7386
-0.7341
-0.7298
-0.7257
-0.7218
-0.7180
-0.7144
-0.7110
-0.7078
-0.7048
-0.7019
-0.6993
-0.6968
-0.6945
-0.6924
-0.6904
-0.6887
-0.6871
-0.6858
-0.6846
-0.6835
-0.6827
-0.6821
-0.6816
-0.6813
-0.6812
-0.6813
-0.6816
-0.6821
-0.6827
-0.6836
-0.6846
-0.6858
-0.6872
-0.6888
-0.6906
-0.6925
-0.6946
-0.6970
-0.6995
-0.7022
-0.7051
-0.7082
-0.7114
-0.7149
-0.7185
-0.7224
-0.7264
-0.7306
-0.7350
-0.7396
-0.7443
-0.7493
-0.7544
-0.7598
-0.7653
-0.7710
-0.7769
-0.7830
-0.7893
-0.7958
-0.8024
-0.8093
-0.8163
-0.8236
-0.8310
-0.8386
-0.8464
-0.8544
-0.8626
-0.8710
-0.8795
-0.8883
-0.8972
-0.9000
-0.8923
-0.8848
-0.8775
-0.8704
-0.8635
-0.8568
-0.8503
-0.8439
-0.8378
-0.8318
-0.8261
-0.8205
-0.8151
-0.8099
-0.8050
-0.8002
-0.7956
-0.7912
-0.7870
-0.7830
-0.7791
-0.7755
-0.7721
-0.7689
-0.7658
-0.7630
-0.7603
-0.7579
-0.7556
-0.7536
-0.7517
-0.7501
-0.7486
-0.7474
-0.7463
-0.7454
-0.7448
-0.7443
-0.7440
-0.7439
-0.7440
-0.7444
-0.7449
-0.7456
-0.7465
-0.7476
-0.7490
-0.7505
-0.7522
-0.7541
-0.7562
-0.7585
-0.7611
-0.7638
-0.7667
-0.7698
-0.7731
-0.7767
-0.7804
-0.7843
-0.7884
-0.7927
-0.7973
-0.8020
-0.8069
-0.8121
-0.8174
-0.8229
-0.8287
-0.8346
-0.8408
-0.8471
-0.8536
-0.8604
-0.8674
-0.8745
-0.8819
-0.8894
-0.8972
-0.9000
-0.8933
-0.8869
-0.8806
-0.8746
-0.8687
-0.8631
-0.8576
-0.8524
-0.8474
-0.8425
-0.8379
-0.8335
-0.8293
-0.8253
-0.8215
-0.8179
-0.8145
-0.8114
-0.8084
-0.8056
-0.8031
-0.8007
-0.7986
-0.7967
-0.7949
-0.7934
-0.7921
-0.7910
-0.7901
-0.7895
-0.7890
-0.7887
-0.7887
-0.7888
-0.7892
-0.7898
-0.7906
-0.7916
-0.7928
-0.7942
-0.7958
-0.7976
-0.7997
-0.8020
-0.8044
-0.8071
-0.8100
-0.8131
-0.8164
-0.8200
-0.8237
-0.8276
-0.8318
-0.8362
-0.8408
-0.8456
-0.8506
-0.8558
-0.8613
-0.8669
-0.8728
-0.8788
-0.8851
-0.8916
-0.8983
-0.9000
-0.8942
-0.8887
-0.8834
-0.8783
-0.8733
-0.8687
-0.8642
-0.8599
-0.8558
-0.8520
-0.8483
-0.8449
-0.8417
-0.8387
-0.8359
-0.8333
-0.8309
-0.8288
-0.8268
-0.8251
-0.8235
-0.8222
-0.8211
-0.8202
-0.8195
-0.8190
-0.8188
-0.8187
-0.8189
-0.8192
-0.8198
-0.8206
-0.8216
-0.8228
-0.8242
-0.8258
-0.8277
-0.8297
-0.8320
-0.8345
-0.8371
-0.8400
-0.8431
-0.8464
-0.8499
-0.8537
-0.8576
-0.8618
-0.8661
-0.8707
-0.8754
-0.8804
-0.8856
-0.8910
-0.8966
-0.9000
-0.8952
-0.8906
-0.8862
-0.8820
-0.8780
-0.8743
-0.8707
-0.8674
-0.8642
-0.8613
-0.8586
-0.8561
-0.8537
-0.8516
-0.8498
-0.8481
-0.8466
-0.8453
-0.8443
-0.8434
-0.8428
-0.8424
-0.8422
-0.8421
-0.8423
-0.8427
-0.8433
-0.8442
-0.8452
-0.8464
-0.8479
-0.8495
-0.8514
-0.8535
-0.8557
-0.8582
-0.8609
-0.8638
-0.8669
-0.8702
-0.8737
-0.8775
-0.8814
-0.8855
-0.8899
-0.8944
-0.8992
-0.9000
-0.8959
-0.8920
-0.8884
-0.8849
-0.8817
-0.8786
-0.8758
-0.8731
-0.8707
-0.8685
-0.8665
-0.8647
-0.8631
-0.8617
-0.8605
-0.8595
-0.8587
-0.8582
-0.8578
-0.8576
-0.8577
-0.8579
-0.8584
-0.8591
-0.8599
-0.8610
-0.8623
-0.8638
-0.8655
-0.8674
-0.8695
-0.8718
-0.8744
-0.8771
-0.8800
-0.8832
-0.8865
-0.8900
-0.8938
-0.8978
-0.9000
-0.8966
-0.8934
-0.8904
-0.8877
-0.8851
-0.8827
-0.8806
-0.8786
-0.8769
-0.8753
-0.8740
-0.8728
-0.8719
-0.8712
-0.8707
-0.8703
-0.8702
-0.8703
-0.8706
-0.8711
-0.8718
-0.8727
-0.8739
-0.8752
-0.8767
-0.8784
-0.8803
-0.8825
-0.8848
-0.8874
-0.8901
-0.8931
-0.8962
-0.8996
-0.9000
-0.8971
-0.8945
-0.8920
-0.8897
-0.8877
-0.8858
-0.8842
-0.8827
-0.8815
-0.8804
-0.8796
-0.8789
-0.8785
-0.8783
-0.8783
-0.8784
-0.8788
-0.8794
-0.8802
-0.8812
-0.8824
-0.8838
-0.8854
-0.8872
-0.8892
-0.8914
-0.8938
-0.8964
-0.8992
-0.9000
-0.8976
-0.8954
-0.8934
-0.8916
-0.8900
-0.8886
-0.8874
-0.8864
-0.8856
-0.8851
-0.8847
-0.8845
-0.8845
-0.8847
-0.8852
-0.8858
-0.8866
-0.8876
-0.8889
-0.8903
-0.8919
-0.8938
-0.8958
-0.8980
-0.9000
-0.8981
-0.8964
-0.8949
-0.8936
-0.8925
-0.8916
-0.8908
-0.8903
-0.8900
-0.8899
-0.8900
-0.8903
-0.8908
-0.8915
-0.8924
-0.8935
-0.8949
-0.8964
-0.8981
-0.9000
-0.9000
-0.8984
-0.8970
-0.8957
-0.8947
-0.8939
-0.8933
-0.8928
-0.8926
-0.8926
-0.8928
-0.8931
-0.8937
-0.8945
-0.8955
-0.8966
-0.8980
-0.8996
-0.9000
-0.8987
-0.8975
-0.8966
-0.8958
-0.8953
-0.8949
-0.8948
-0.8949
-0.8951
-0.8956
-0.8962
-0.8971
-0.8981
-0.8994
-0.9000
-0.8989
-0.8981
-0.8974
-0.8969
-0.8967
-0.8966
-0.8967
-0.8971
-0.8976
-0.8983
-0.8993
-0.9000
-0.8992
-0.8986
-0.8982
-0.8981
-0.8981
-0.8983
-0.8987
-0.8993
-0.9000
-0.8995
-0.8992
-0.8991
-0.8992
-0.8994
-0.8999
-0.9000
-0.8996
-0.8994
-0.8994
-0.8996
-0.9000
-0.9000
-0.8997
-0.8996
-0.8996
-0.8999
-0.9000
-0.8998
-0.8998
-0.8999
-0.9000
-0.8999
-0.8999
-0.9000
-0.9000
-0.9000
-0.9000
-0.9000
-0.9000
-0.9000
-0.9000
-0.9000
-0.9000
-0.9000
-0.9000
-0.9000
-0.9000
-0.9000
-0.9000
-0.9000
-0.9000
-0.9000
-0.9000
-0.9000
-0.9000
-0.9000
-0.9000
-0.9000
-0.9000
-0.9000
-0.9000
-0.9000
-0.9000
-0.9000
-0.9000
-0.9000
-0.9000
-0.9000
-0.9000
-0.9000
-0.9000
-0.9000
-0.9000
-0.9000
-0.9000
-0.9000
-0.9000
-0.9000
-0.9000
-0.9000
-0.9000
-0.9000
-0.9000
-0.9000
-0.9000
-0.9000
-0.9000
-0.9000
-0.9000
-0.9000
-0.9000
-0.9000
-0.9000
-0.9000
-0.9000
-0.9000
-0.9000
-0.9000
-0.9000
-0.9000
-0.9000
-0.9000
-0.9000
-0.9000
-0.9000
-0.9000
-0.9000
-0.9000
-0.9000
-0.9000
-0.9000
-0.9000
-0.9000
-0.9000
-0.9000
-0.9000
-0.9000
-0.9000
-0.9000
-0.9000
-0.9000
-0.9000
-0.9000
-0.9000
-0.9000
-0.9000
-0.9000
-0.9000
-0.9000
-0.9000
-0.9000
-0.9000
-0.9000
-0.9000
-0.9000
-0.9000
-0.9000
-0.9000
-0.9000
-0.9000
-0.9000
-0.9000
-0.9000
-0.9000
-0.9000
-0.9000
-0.9000
-0.9000
-0.9000
-0.9000
-0.9000
-0.9000
-0.9000
-0.9000
-0.9000
-0.9000
-0.9000
-0.9000
-0.9000
-0.9000
-0.9000
-0.9000
-0.9000
-0.9000
-0.9000
-0.9000
-0.9000
-0.9000
-0.9000
-0.9000
-0.9000
-0.9000
-0.9000
-0.9000
-0.9000
-0.9000
-0.9000
-0.9000
-0.9000
-0.9000
-0.9000
-0.9000
-0.9000
-0.9000
-0.9000
-0.9000
-0.9000
-0.9000
-0.9000
-0.9000
-0.9000
-0.9000
-0.9000
-0.9000
-0.9000
-0.9000
-0.9000
-0.9000
-0.9000
-0.9000
-0.9000
-0.9000
-0.9000
-0.9000
-0.9000
-0.9000
-0.9000
-0.9000
-0.9000
-0.9000
-0.9000
-0.9000
-0.9000
-0.9000
-0.9000
-0.9000
-0.9000
-0.9000
-0.9000
-0.9000
-0.9000
-0.9000
-0.9000
-0.9000
-0.9000
-0.9000
-0.9000
-0.9000
-0.9000
-0.9000
-0.9000
-0.9000
-0.9000
-0.9000
-0.9000
-0.9000
-0.9000
-0.9000
-0.9000
-0.9000
-0.9000
-0.9000
-0.9000
-0.9000
-0.9000
-0.9000
-0.9000
-0.9000
-0.9000
-0.9000
-0.9000
-0.9000
-0.9000
-0.9000
-0.9000
-0.9000
-0.9000
-0.9000
-0.9000
-0.9000
-0.9000
-0.9000
-0.9000
-0.9000
-0.9000
-0.9000
-0.9000
-0.9000
-0.9000
-0.9000
-0.9000
-0.9000
-0.9000
-0.9000
-0.9000
-0.9000
-0.9000
-0.9000
-0.9000
-0.9000
-0.9000
-0.9000
-0.9000
-0.9000
-0.9000
-0.9000
-0.9000
-0.9000
-0.9000
-0.9000
-0.9000
-0.9000
-0.9000
-0.9000
-0.9000
-0.9000
-0.9000
-0.9000
-0.9000
-0.9000
-0.9000
-0.9000
-0.9000
-0.9000
-0.9000
-0.9000
-0.9000
-0.9000
-0.9000
-0.9000
-0.9000
-0.9000
-0.9000
-0.9000
-0.9000
-0.9000
-0.9000
-0.9000
-0.9000
-0.9000
-0.9000
-0.9000
-0.9000
-0.9000
-0.9000
-0.9000
-0.9000
-0.9000
-0.9000
-0.9000
-0.9000
-0.9000
-0.9000
-0.9000
-0.9000
-0.9000
-0.9000
-0.9000
-0.9000
-0.9000
-0.9000
-0.9000
-0.9000
-0.9000
-0.9000
-0.9000
-0.9000
-0.9000
-0.9000
-0.9000
-0.9000
-0.9000
-0.9000
-0.9000
-0.9000
-0.9000
-0.9000
-0.9000
-0.9000
-0.9000
-0.9000
-0.9000
-0.9000
-0.9000
-0.9000
-0.9000
-0.9000
-0.9000
-0.9000
-0.9000
-0.9000
-0.9000
-0.9000
-0.9000
-0.9000
-0.9000
-0.9000
-0.9000
-0.9000
-0.9000
-0.9000
-0.9000
-0.9000
-0.9000
-0.9000
-0.9000
-0.9000
-0.9000
-0.9000
-0.9000
-0.9000
-0.9000
-0.9000
-0.9000
-0.9000
-0.9000
-0.9000
-0.9000
-0.9000
-0.9000
-0.9000
-0.9000
-0.9000
-0.9000
-0.9000
-0.9000
-0.9000
-0.9000
-0.9000
-0.9000
-0.9000
-0.9000
-0.9000
-0.9000
-0.9000
-0.9000
-0.9000
-0.9000
-0.9000
-0.9000
-0.9000
-0.9000
-0.9000
-0.9000
-0.9000
-0.9000
-0.9000
-0.9000
-0.9000
-0.9000
-0.9000
-0.9000
-0.9000
-0.9000
-0.9000
-0.9000
-0.9000
-0.9000
-0.9000
-0.9000
-0.9000
-0.9000
-0.9000
-0.9000
-0.9000
-0.9000
-0.9000
-0.9000
-0.9000
-0.9000
-0.9000
-0.9000
-0.9000
-0.9000
-0.9000
-0.9000
-0.9000
-0.9000
-0.9000
-0.9000
-0.9000
-0.9000
-0.9000
-0.9000
-0.9000
-0.9000
-0.9000
-0.9000
-0.9000
-0.9000
-0.9000
-0.9000
-0.9000
-0.9000
-0.9000
-0.9000
-0.9000
-0.9000
-0.9000
-0.9000
-0.9000
-0.9000
-0.9000
-0.9000
-0.9000
-0.9000
-0.9000
-0.9000
-0.9000
-0.9000
-0.9000
-0.9000
-0.9000
-0.9000
-0.9000
-0.9000
-0.9000
-0.9000
-0.9000
-0.9000
-0.9000
-0.9000
-0.9000
-0.9000
-0.9000
-0.9000
-0.9000
-0.9000
-0.9000
-0.9000
-0.9000
-0.9000
-0.9000
-0.9000
-0.9000
-0.9000
-0.9000
-0.9000
-0.9000
-0.9000
-0.9000
-0.9000
-0.9000
-0.9000
-0.9000
-0.9000
-0.9000
-0.9000
-0.9000
-0.9000
-0.9000
-0.9000
-0.9000
-0.9000
-0.9000
-0.9000
-0.9000
-0.9000
-0.9000
-0.9000
-0.9000
-0.9000
-0.9000
-0.9000
-0.9000
-0.9000
-0.9000
-0.9000
-0.9000
-0.9000
-0.9000
-0.9000
-0.9000
-0.9000
-0.9000
-0.9000
-0.9000
-0.9000
-0.9000
-0.9000
-0.9000
-0.9000
-0.9000
-0.9000
-0.9000
-0.9000
-0.9000
-0.9000
-0.9000
-0.9000
-0.9000
-0.9000
-0.9000
-0.9000
-0.9000
-0.9000
-0.9000
-0.9000
-0.9000
-0.9000
-0.9000
-0.9000
-0.9000
-0.9000
-0.9000
-0.9000
-0.9000
-0.9000
-0.9000
-0.9000
-0.9000
-0.9000
-0.9000
-0.9000
-0.9000
-0.9000
-0.9000
-0.9000
-0.9000
-0.9000
-0.9000
-0.9000
-0.9000
-0.9000
-0.9000
-0.9000
-0.9000
-0.9000
-0.9000
-0.9000
-0.9000
-0.9000
-0.9000
-0.9000
-0.9000
-0.9000
-0.9000
-0.9000
-0.9000
-0.9000
-0.9000
-0.9000
-0.9000
-0.9000
-0.9000
-0.9000
-0.9000
-0.9000
-0.9000
-0.9000
-0.9000
-0.9000
-0.9000
-0.9000
-0.9000
-0.9000
-0.9000
-0.9000
-0.9000
-0.9000
-0.9000
-0.9000
-0.9000
-0.9000
-0.9000
-0.9000
-0.9000
-0.9000
-0.9000
-0.9000
-0.9000
-0.9000
-0.9000
-0.9000
-0.9000
-0.9000
-0.9000
-0.9000
-0.9000
-0.9000
-0.9000
-0.9000
-0.9000
-0.9000
-0.9000
-0.9000
-0.9000
-0.9000
-0.9000
-0.9000
-0.9000
-0.9000
-0.9000
-0.9000
-0.9000
-0.9000
-0.9000
-0.9000
-0.9000
-0.9000
-0.9000
-0.9000
-0.9000
-0.9000
-0.9000
-0.9000
-0.9000
-0.9000
-0.9000
-0.9000
-0.9000
-0.9000
-0.9000
-0.9000
-0.9000
-0.9000
-0.9000
-0.9000
-0.9000
-0.9000
-0.9000
-0.9000
-0.9000
-0.9000
-0.9000
-0.9000
-0.9000
-0.9000
-0.9000
-0.9000
-0.9000
-0.9000
-0.9000
-0.9000
-0.9000
-0.9000
-0.9000
-0.9000
-0.9000
-0.9000
-0.9000
-0.9000
-0.9000
-0.9000
-0.9000
-0.9000
-0.9000
-0.9000
-0.9000
-0.9000
-0.9000
-0.9000
-0.9000
-0.9000
-0.9000
-0.9000
-0.9000
-0.9000
-0.9000
-0.9000
-0.9000
-0.9000
-0.9000
-0.9000
-0.9000
-0.9000
-0.9000
-0.9000
-0.9000
-0.9000
-0.9000
-0.9000
-0.9000
-0.9000
-0.9000
-0.9000
-0.9000
-0.9000
-0.9000
-0.9000
-0.9000
-0.9000
-0.9000
-0.9000
-0.9000
-0.9000
-0.9000
-0.9000
-0.9000
-0.9000
-0.9000
-0.9000
-0.9000
-0.9000
-0.9000
-0.9000
-0.9000
-0.9000
-0.9000
-0.9000
-0.9000
-0.9000
-0.9000
-0.9000
-0.9000
-0.9000
-0.9000
-0.9000
-0.9000
-0.9000
-0.9000
-0.9000
-0.9000
-0.9000
-0.9000
-0.9000
-0.9000
-0.9000
-0.9000
-0.9000
-0.9000
-0.9000
-0.9000
-0.9000
-0.9000
-0.9000
-0.9000
-0.9000
-0.9000
-0.9000
-0.9000
-0.9000
-0.9000
-0.9000
-0.9000
-0.9000
-0.9000
-0.9000
-0.9000
-0.9000
-0.9000
-0.9000
-0.9000
-0.9000
-0.9000
-0.9000
-0.9000
-0.9000
-0.9000
-0.9000
-0.9000
-0.9000
-0.9000
-0.9000
-0.9000
-0.9000
-0.9000
-0.9000
-0.9000
-0.9000
-0.9000
-0.9000
-0.9000
-0.9000
-0.9000
-0.9000
-0.9000
-0.9000
-0.9000
-0.9000
-0.9000
-0.9000
-0.9000
-0.9000
-0.9000
-0.9000
-0.9000
-0.9000
-0.9000
-0.9000
-0.9000
-0.9000
-0.9000
-0.9000
-0.9000
-0.9000
-0.9000
-0.9000
-0.9000
-0.9000
-0.9000
-0.9000
-0.9000
-0.9000
-0.9000
-0.9000
-0.9000
-0.9000
-0.9000
-0.9000
-0.9000
-0.9000
-0.9000
-0.9000
-0.9000
-0.9000
-0.9000
-0.9000
-0.9000
-0.9000
-0.9000
-0.9000
-0.9000
-0.9000
-0.9000
-0.9000
-0.9000
-0.9000
-0.9000
-0.9000
-0.9000
-0.9000
-0.9000
-0.9000
-0.9000
-0.9000
-0.9000
-0.9000
-0.9000
-0.9000
-0.9000
-0.9000
-0.9000
-0.9000
-0.9000
-0.9000
-0.9000
-0.9000
-0.9000
-0.9000
-0.9000
-0.9000
-0.9000
-0.9000
-0.9000
-0.9000
-0.9000
-0.9000
-0.9000
-0.9000
-0.9000
-0.9000
-0.9000
-0.9000
-0.9000
-0.9000
-0.9000
-0.9000
-0.9000
-0.9000
-0.9000
-0.9000
-0.9000
-0.9000
-0.9000
-0.9000
-0.9000
-0.9000
-0.9000
-0.9000
-0.9000
-0.9000
-0.9000
-0.9000
-0.9000
-0.9000
-0.9000
-0.9000
-0.9000
-0.9000
-0.9000
-0.9000
-0.9000
-0.9000
-0.9000
-0.9000
-0.9000
-0.9000
-0.9000
-0.9000
-0.9000
-0.9000
-0.9000
-0.9000
-0.9000
-0.9000
-0.9000
-0.9000
-0.9000
-0.9000
-0.9000
-0.9000
-0.9000
-0.9000
-0.9000
-0.9000
-0.9000
-0.9000
-0.9000
-0.9000
-0.9000
-0.9000
-0.9000
-0.9000
-0.9000
-0.9000
-0.9000
-0.9000
-0.9000
-0.9000
-0.9000
-0.9000
-0.9000
-0.9000
-0.9000
-0.9000
-0.9000
-0.9000
-0.9000
-0.9000
-0.9000
-0.9000
-0.9000
-0.9000
-0.9000
-0.9000
-0.9000
-0.9000
-0.9000
-0.9000
-0.9000
-0.9000
-0.9000
-0.9000
-0.9000
-0.9000
-0.9000
-0.9000
-0.9000
-0.9000
-0.9000
-0.9000
-0.9000
-0.9000
-0.9000
-0.9000
-0.9000
-0.9000
-0.9000
-0.9000
-0.9000
-0.9000
-0.9000
-0.9000
-0.9000
-0.9000
-0.9000
-0.9000
-0.9000
-0.9000
-0.9000
-0.9000
-0.9000
-0.9000
-0.9000
-0.9000
-0.9000
-0.9000
-0.9000
-0.9000
-0.9000
-0.9000
-0.9000
-0.9000
-0.9000
-0.9000
-0.9000
-0.9000
-0.9000
-0.9000
-0.9000
-0.9000
-0.9000
-0.9000
-0.9000
-0.9000
-0.9000
-0.9000
-0.9000
-0.9000
-0.9000
-0.9000
-0.9000
-0.9000
-0.9000
-0.9000
-0.9000
-0.9000
-0.9000
-0.9000
-0.9000
-0.9000
-0.9000
-0.9000
-0.9000
-0.9000
-0.9000
-0.9000
-0.9000
-0.9000
-0.9000
-0.9000
-0.9000
-0.9000
-0.9000
-0.9000
-0.9000
-0.9000
-0.9000
-0.9000
-0.9000
-0.9000
-0.9000
-0.9000
-0.9000
-0.9000
-0.9000
-0.9000
-0.9000
-0.9000
-0.9000
-0.9000
-0.9000
-0.9000
-0.9000
-0.9000
-0.9000
-0.9000
-0.9000
-0.9000
-0.9000
-0.9000
-0.9000
-0.9000
-0.9000
-0.9000
-0.9000
-0.9000
-0.9000
-0.9000
-0.9000
-0.9000
-0.9000
-0.9000
-0.9000
-0.9000
-0.9000
-0.9000
-0.9000
-0.9000
-0.9000
-0.9000
-0.9000
-0.9000
-0.9000
-0.9000
-0.9000
-0.9000
-0.9000
-0.9000
-0.9000
-0.9000
-0.9000
-0.9000
-0.9000
-0.9000
-0.9000
-0.9000
-0.9000
-0.9000
-0.9000
-0.9000
-0.9000
-0.9000
-0.9000
-0.9000
-0.9000
-0.9000
-0.9000
-0.9000
-0.9000
-0.9000
-0.9000
-0.9000
-0.9000
-0.9000
-0.9000
-0.9000
-0.9000
-0.9000
-0.9000
-0.9000
-0.9000
-0.9000
-0.9000
-0.9000
-0.9000
-0.9000
-0.9000
-0.9000
-0.9000
-0.9000
-0.9000
-0.9000
-0.9000
-0.9000
-0.9000
-0.9000
-0.9000
-0.9000
-0.9000
-0.9000
-0.9000
-0.9000
-0.9000
-0.9000
-0.9000
-0.9000
-0.9000
-0.9000
-0.9000
-0.9000
-0.9000
-0.9000
-0.9000
-0.9000
-0.9000
-0.9000
-0.9000
-0.9000
-0.9000
-0.9000
-0.9000
-0.9000
-0.9000
-0.9000
-0.9000
-0.9000
-0.9000
-0.9000
-0.9000
-0.9000
-0.9000
-0.9000
-0.9000
-0.9000
-0.9000
-0.9000
-0.9000
-0.9000
-0.9000
-0.9000
-0.9000
-0.9000
-0.9000
-0.9000
-0.9000
-0.9000
-0.9000
-0.9000
-0.9000
-0.9000
-0.9000
-0.9000
-0.9000
-0.9000
-0.9000
-0.9000
-0.9000
-0.9000
-0.9000
-0.9000
-0.9000
-0.9000
-0.9000
-0.9000
-0.9000
-0.9000
-0.9000
-0.9000
-0.9000
-0.9000
-0.9000
-0.9000
-0.9000
-0.9000
-0.9000
-0.9000
-0.9000
-0.9000
-0.9000
-0.9000
-0.9000
-0.9000
-0.9000
-0.9000
-0.9000
-0.9000
-0.9000
-0.9000
-0.9000
-0.9000
-0.9000
-0.9000
-0.9000
-0.9000
-0.9000
-0.9000
-0.9000
-0.9000
-0.9000
-0.9000
-0.9000
-0.9000
-0.9000
-0.9000
-0.9000
-0.9000
-0.9000
-0.9000
-0.9000
-0.9000
-0.9000
-0.9000
-0.9000
-0.9000
-0.9000
-0.9000
-0.9000
-0.9000
-0.9000
-0.9000
-0.9000
-0.9000
-0.9000
-0.9000
-0.9000
-0.9000
-0.9000
-0.9000
-0.9000
-0.9000
-0.9000
-0.9000
-0.9000
-0.9000
-0.9000
-0.9000
-0.9000
-0.9000
-0.9000
-0.9000
-0.9000
-0.9000
-0.9000
-0.9000
-0.9000
-0.9000
-0.9000
-0.9000
-0.9000
-0.9000
-0.9000
-0.9000
-0.9000
-0.9000
-0.9000
-0.9000
-0.9000
-0.9000
-0.9000
-0.9000
-0.9000
-0.9000
-0.9000
-0.9000
-0.9000
-0.9000
-0.9000
-0.9000
-0.9000
-0.9000
-0.9000
-0.9000
-0.9000
-0.9000
-0.9000
-0.9000
-0.9000
-0.9000
-0.9000
-0.9000
-0.9000
-0.9000
-0.9000
-0.9000
-0.9000
-0.9000
-0.9000
-0.9000
-0.9000
-0.9000
-0.9000
-0.9000
-0.9000
-0.9000
-0.9000
-0.9000
-0.9000
-0.9000
-0.9000
-0.9000
-0.9000
-0.9000
-0.9000
-0.9000
-0.9000
-0.9000
-0.9000
-0.9000
-0.9000
-0.9000
-0.9000
-0.9000
-0.9000
-0.9000
-0.9000
-0.9000
-0.9000
-0.9000
-0.9000
-0.9000
-0.9000
-0.9000
-0.9000
-0.9000
-0.9000
-0.9000
-0.9000
-0.9000
-0.9000
-0.9000
-0.9000
-0.9000
-0.9000
-0.9000
-0.9000
-0.9000
-0.9000
-0.9000
-0.9000
-0.9000
-0.9000
-0.9000
-0.9000
-0.9000
-0.9000
-0.9000
-0.9000
-0.9000
-0.9000
-0.9000
-0.9000
-0.9000
-0.9000
-0.9000
-0.9000
-0.9000
-0.9000
-0.9000
-0.9000
-0.9000
-0.9000
-0.9000
-0.9000
-0.9000
-0.9000
-0.9000
-0.9000
-0.9000
-0.9000
-0.9000
-0.9000
-0.9000
-0.9000
-0.9000
-0.9000
-0.9000
-0.9000
-0.9000
-0.9000
-0.9000
-0.9000
-0.9000
-0.9000
-0.9000
-0.9000
-0.9000
-0.9000
-0.9000
-0.9000
-0.9000
-0.9000
-0.9000
-0.9000
-0.9000
-0.9000
-0.9000
-0.9000
-0.9000
-0.9000
-0.9000
-0.9000
-0.9000
-0.9000
-0.9000
-0.9000
-0.9000
-0.9000
-0.9000
-0.9000
-0.9000
-0.9000
-0.9000
-0.9000
-0.9000
-0.9000
-0.9000
-0.9000
-0.9000
-0.9000
-0.9000
-0.9000
-0.9000
-0.9000
-0.9000
-0.9000
-0.9000
-0.9000
-0.9000
-0.9000
-0.9000
-0.9000
-0.9000
-0.9000
-0.9000
-0.9000
-0.9000
-0.9000
-0.9000
-0.9000
-0.9000
-0.9000
-0.9000
-0.9000
-0.9000
-0.9000
-0.9000
-0.9000
-0.9000
-0.9000
-0.9000
-0.9000
-0.9000
-0.9000
-0.9000
-0.9000
-0.9000
-0.9000
-0.9000
-0.9000
-0.9000
-0.9000
-0.9000
-0.9000
-0.9000
-0.9000
-0.9000
-0.9000
-0.9000
-0.9000
-0.9000
-0.9000
-0.9000
-0.9000
-0.9000
-0.9000
-0.9000
-0.9000
-0.9000
-0.9000
-0.9000
-0.9000
-0.9000
-0.9000
-0.9000
-0.9000
-0.9000
-0.9000
-0.9000
-0.9000
-0.9000
-0.9000
-0.9000
-0.9000
-0.9000
-0.9000
-0.9000
-0.9000
-0.9000
-0.9000
-0.9000
-0.9000
-0.9000
-0.9000
-0.9000
-0.9000
-0.9000
-0.9000
-0.9000
-0.9000
-0.9000
-0.9000
-0.9000
-0.9000
-0.9000
-0.9000
-0.9000
-0.9000
-0.9000
-0.9000
-0.9000
-0.9000
-0.9000
-0.9000
-0.9000
-0.9000
-0.9000
-0.9000
-0.9000
-0.9000
-0.9000
-0.9000
-0.9000
-0.9000
-0.9000
-0.9000
-0.9000
-0.9000
-0.9000
-0.9000
-0.9000
-0.9000
-0.9000
-0.9000
-0.9000
-0.9000
-0.9000
-0.9000
-0.9000
-0.9000
-0.9000
-0.9000
-0.9000
-0.9000
-0.9000
-0.9000
-0.9000
-0.9000
-0.9000
-0.9000
-0.9000
-0.9000
-0.9000
-0.9000
-0.9000
-0.9000
-0.9000
-0.9000
-0.9000
-0.9000
-0.9000
-0.9000
-0.9000
-0.9000
-0.9000
-0.9000
-0.9000
-0.9000
-0.9000
-0.9000
-0.9000
-0.9000
-0.9000
-0.9000
-0.9000
-0.9000
-0.9000
-0.9000
-0.9000
-0.9000
-0.9000
-0.9000
-0.9000
-0.9000
-0.9000
-0.9000
-0.9000
-0.9000
-0.9000
-0.9000
-0.9000
-0.9000
-0.9000
-0.9000
-0.9000
-0.9000
-0.9000
-0.9000
-0.9000
-0.9000
-0.9000
-0.9000
-0.9000
-0.9000
-0.9000
-0.9000
-0.9000
-0.9000
-0.9000
-0.9000
-0.9000
-0.9000
-0.9000
-0.9000
-0.9000
-0.9000
-0.9000
-0.9000
-0.9000
-0.9000
-0.9000
-0.9000
-0.9000
-0.9000
-0.9000
-0.9000
-0.9000
-0.9000
-0.9000
-0.9000
-0.9000
-0.9000
-0.9000
-0.9000
-0.9000
-0.9000
-0.9000
-0.9000
-0.9000
-0.9000
-0.9000
-0.9000
-0.9000
-0.9000
-0.9000
-0.9000
-0.9000
-0.9000
-0.9000
-0.9000
-0.9000
-0.9000
-0.9000
-0.9000
-0.9000
-0.9000
-0.9000
-0.9000
-0.9000
-0.9000
-0.9000
-0.9000
-0.9000
-0.9000
-0.9000
-0.9000
-0.9000
-0.9000
-0.9000
-0.9000
-0.9000
-0.9000
-0.9000
-0.9000
-0.9000
-0.9000
-0.9000
-0.9000
-0.9000
-0.9000
-0.9000
-0.9000
-0.9000
-0.9000
-0.9000
-0.9000
-0.9000
-0.9000
-0.9000
-0.9000
-0.9000
-0.9000
-0.9000
-0.9000
-0.9000
-0.9000
-0.9000
-0.9000
-0.9000
-0.9000
-0.9000
-0.9000
-0.9000
-0.9000
-0.9000
-0.9000
-0.9000
-0.9000
-0.9000
-0.9000
-0.9000
-0.9000
-0.9000
-0.9000
-0.9000
-0.9000
-0.9000
-0.9000
-0.9000
-0.9000
-0.9000
-0.9000
-0.9000
-0.9000
-0.9000
-0.9000
-0.9000
-0.9000
-0.9000
-0.9000
-0.9000
-0.9000
-0.9000
-0.9000
-0.9000
-0.9000
-0.9000
-0.9000
-0.9000
-0.9000
-0.9000
-0.9000
-0.9000
-0.9000
-0.9000
-0.9000
-0.9000
-0.9000
-0.9000
-0.9000
-0.9000
-0.9000
-0.9000
-0.9000
-0.9000
-0.9000
-0.9000
-0.9000
-0.9000
-0.9000
-0.9000
-0.9000
-0.9000
-0.9000
-0.9000
-0.9000
-0.9000
-0.9000
-0.9000
-0.9000
-0.9000
-0.9000
-0.9000
-0.9000
-0.9000
-0.9000
-0.9000
-0.9000
-0.9000
-0.9000
-0.9000
-0.9000
-0.9000
-0.9000
-0.9000
-0.9000
-0.9000
-0.9000
-0.9000
-0.9000
-0.9000
-0.9000
-0.9000
-0.9000
-0.9000
-0.9000
-0.9000
-0.9000
-0.9000
-0.9000
-0.9000
-0.9000
-0.9000
-0.9000
-0.9000
-0.9000
-0.9000
-0.9000
-0.9000
-0.9000
-0.9000
-0.9000
-0.9000
-0.9000
-0.9000
-0.9000
-0.9000
-0.9000
-0.9000
-0.9000
-0.9000
-0.9000
-0.9000
-0.9000
-0.9000
-0.9000
-0.9000
-0.9000
-0.9000
-0.9000
-0.9000
-0.9000
-0.9000
-0.9000
-0.9000
-0.9000
-0.9000
-0.9000
-0.9000
-0.9000
-0.9000
-0.9000
-0.9000
-0.9000
-0.9000
-0.9000
-0.9000
-0.9000
-0.9000
-0.9000
-0.9000
-0.9000
-0.9000
-0.9000
-0.9000
-0.9000
-0.9000
-0.9000
-0.9000
-0.9000
-0.9000
-0.9000
-0.9000
-0.9000
-0.9000
-0.9000
-0.9000
-0.9000
-0.9000
-0.9000
-0.9000
-0.9000
-0.9000
-0.9000
-0.9000
-0.9000
-0.9000
-0.9000
-0.9000
-0.9000
-0.9000
-0.9000
-0.9000
-0.9000
-0.9000
-0.9000
-0.9000
-0.9000
-0.9000
-0.9000
-0.9000
-0.9000
-0.9000
-0.9000
-0.9000
-0.9000
-0.9000
-0.9000
-0.9000
-0.9000
-0.9000
-0.9000
-0.9000
-0.9000
-0.9000
-0.9000
-0.9000
-0.9000
-0.9000
-0.9000
-0.9000
-0.9000
-0.9000
-0.9000
-0.9000
-0.9000
-0.9000
-0.9000
-0.9000
-0.9000
-0.9000
-0.9000
-0.9000
-0.9000
-0.9000
-0.9000
-0.9000
-0.9000
-0.9000
-0.9000
-0.9000
-0.9000
-0.9000
-0.9000
-0.9000
-0.9000
-0.9000
-0.9000
-0.9000
-0.9000
-0.9000
-0.9000
-0.9000
-0.9000
-0.9000
-0.9000
-0.9000
-0.9000
-0.9000
-0.9000
-0.9000
-0.9000
-0.9000
-0.9000
-0.9000
-0.9000
-0.9000
-0.9000
-0.9000
-0.9000
-0.9000
-0.9000
-0.9000
-0.9000
-0.9000
-0.9000
-0.9000
-0.9000
-0.9000
-0.9000
-0.9000
-0.9000
-0.9000
-0.9000
-0.9000
-0.9000
-0.9000
-0.9000
-0.9000
-0.9000
-0.9000
-0.9000
-0.9000
-0.9000
-0.9000
-0.9000
-0.9000
-0.9000
-0.9000
-0.9000
-0.9000
-0.9000
-0.9000
-0.9000
-0.9000
-0.9000
-0.9000
-0.9000
-0.9000
-0.9000
-0.9000
-0.9000
-0.9000
-0.9000
-0.9000
-0.9000
-0.9000
-0.9000
-0.9000
-0.9000
-0.9000
-0.9000
-0.9000
-0.9000
-0.9000
-0.9000
-0.9000
-0.9000
-0.9000
-0.9000
-0.9000
-0.9000
-0.9000
-0.9000
-0.9000
-0.9000
-0.9000
-0.9000
-0.9000
-0.9000
-0.9000
-0.9000
-0.9000
-0.9000
-0.9000
-0.9000
-0.9000
-0.9000
-0.9000
-0.9000
-0.9000
-0.9000
-0.9000
-0.9000
-0.9000
-0.9000
-0.9000
-0.9000
-0.9000
-0.9000
-0.9000
-0.9000
-0.9000
-0.9000
-0.9000
-0.9000
-0.9000
-0.9000
-0.9000
-0.9000
-0.9000
-0.9000
-0.9000
-0.9000
-0.9000
-0.9000
-0.9000
-0.9000
-0.9000
-0.9000
-0.9000
-0.9000
-0.9000
-0.9000
-0.9000
-0.9000
-0.9000
-0.9000
-0.9000
-0.9000
-0.9000
-0.9000
-0.9000
-0.9000
-0.9000
-0.9000
-0.9000
-0.9000
-0.9000
-0.9000
-0.9000
-0.9000
-0.9000
-0.9000
-0.9000
-0.9000
-0.9000
-0.9000
-0.9000
-0.9000
-0.9000
-0.9000
-0.9000
-0.9000
-0.9000
-0.9000
-0.9000
-0.9000
-0.9000
-0.9000
-0.9000
-0.9000
-0.9000
-0.9000
-0.9000
-0.9000
-0.9000
-0.9000
-0.9000
-0.9000
-0.9000
-0.9000
-0.9000
-0.9000
-0.9000
-0.9000
-0.9000
-0.9000
-0.9000
-0.9000
-0.9000
-0.9000
-0.9000
-0.9000
-0.9000
-0.9000
-0.9000
-0.9000
-0.9000
-0.9000
-0.9000
-0.9000
-0.9000
-0.9000
-0.9000
-0.9000
-0.9000
-0.9000
-0.9000
-0.9000
-0.9000
-0.9000
-0.9000
-0.9000
-0.9000
-0.9000
-0.9000
-0.9000
-0.9000
-0.9000
-0.9000
-0.9000
-0.9000
-0.9000
-0.9000
-0.9000
-0.9000
-0.9000
-0.9000
-0.9000
-0.9000
-0.9000
-0.9000
-0.9000
-0.9000
-0.9000
-0.9000
-0.9000
-0.9000
-0.9000
-0.9000
-0.9000
-0.9000
-0.9000
-0.9000
-0.9000
-0.9000
-0.9000
-0.9000
-0.9000
-0.9000
-0.9000
-0.9000
-0.9000
-0.9000
-0.9000
-0.9000
-0.9000
-0.9000
-0.9000
-0.9000
-0.9000
-0.9000
-0.9000
-0.9000
-0.9000
-0.9000
-0.9000
-0.9000
-0.9000
-0.9000
-0.9000
-0.9000
-0.9000
-0.9000
-0.9000
-0.9000
-0.9000
-0.9000
-0.9000
-0.9000
-0.9000
-0.9000
-0.9000
-0.9000
-0.9000
-0.9000
-0.9000
-0.9000
-0.9000
-0.9000
-0.9000
-0.9000
-0.9000
-0.9000
-0.9000
-0.9000
-0.9000
-0.9000
-0.9000
-0.9000
-0.9000
-0.9000
-0.9000
-0.9000
-0.9000
-0.9000
-0.9000
-0.9000
-0.9000
-0.9000
-0.9000
-0.9000
-0.9000
-0.9000
-0.9000
-0.9000
-0.9000
-0.9000
-0.9000
-0.9000
-0.9000
-0.9000
-0.9000