1.1719
1.1718
1.1717
1.1716
1.1714
1.1711
1.1708
1.1704
1.1700
1.1695
1.1689
1.1683
1.1676
1.1669
1.1661
1.1653
1.1644
1.1634
1.1624
1.1613
1.1601
1.1589
1.1577
1.1564
1.1550
1.1536
1.1521
1.1505
1.1489
1.1472
1.1455
1.1437
1.1419
1.1400
1.1380
1.1360
1.1339
1.1318
1.1296
1.1273
1.1250
1.1226
1.1202
1.1177
1.1152
1.1125
1.1099
1.1072
1.1044
1.1015
1.0986
1.0957
1.0927
1.0896
1.0864
1.0832
1.0800
1.0767
1.0733
1.0699
1.0664
1.0629
1.0592
1.0556
1.0519
1.0481
1.0442
1.0403
1.0364
1.0324
1.0283
1.0242
1.0200
1.0157
1.0114
1.0070
1.0026
0.9981
0.9936
0.9890
0.9843
0.9796
0.9748
0.9700
0.9651
0.9601
0.9551
0.9501
0.9449
0.9397
0.9345
0.9292
0.9238
0.9184
0.9129
0.9074
0.9018
0.8961
0.8904
0.8846
0.8788
0.8729
0.8669
0.8609
0.8548
0.8487
0.8425
0.8363
0.8300
0.8236
0.8172
0.8107
0.8041
0.7975
0.7909
0.7842
0.7774
0.7705
0.7637
0.7567
0.7497
0.7426
0.7355
0.7283
0.7210
0.7137
0.7064
0.6989
0.6915
0.6839
0.6763
0.6687
0.6609
0.6532
0.6453
0.6374
0.6295
0.6215
0.6134
0.6053
0.5971
0.5888
0.5805
0.5721
0.5637
0.5552
0.5467
0.5381
0.5294
0.5207
0.5119
0.5031
0.4942
0.4852
0.4762
0.4671
0.4580
0.4488
0.4396
0.4303
0.4209
0.4115
0.4020
0.3924
0.3828
0.3732
0.3635
0.3537
0.3438
0.3339
0.3240
0.3140
0.3039
0.2938
0.2836
0.2733
0.2630
0.2527
0.2422
0.2317
0.2212
0.2106
0.1999
0.1892
0.1784
0.1676
0.1567
0.1458
0.1347
0.1237
0.1125
0.1013
0.0901
0.0788
0.0674
0.0560
0.0445
0.0330
0.0214
0.0097
-0.0020
-0.0138
-0.0256
-0.0375
-0.0494
-0.0615
-0.0735
-0.0856
-0.0978
-0.1101
-0.1224
-0.1347
-0.1472
-0.1596
-0.1722
-0.1848
-0.1974
-0.2101
-0.2229
-0.2357
-0.2486
-0.2615
-0.2745
-0.2876
-0.3007
-0.3139
-0.3271
-0.3404
-0.3538
-0.3672
-0.3806
-0.3942
-0.4077
-0.4214
-0.4351
-0.4488
-0.4627
-0.4765
-0.4905
-0.5044
-0.5185
-0.5326
-0.5467
-0.5610
-0.5752
-0.5896
-0.6040
-0.6184
-0.6329
-0.6475
-0.6621
-0.6768
-0.6915
-0.7063
-0.7212
-0.7361
-0.7510
-0.7661
-0.7811
-0.7963
-0.8115
-0.8267
-0.8420
-0.8574
-0.8728
-0.8883
-0.9000
-0.8867
-0.8734
-0.8602
-0.8471
-0.8340
-0.8210
-0.8080
-0.7951
-0.7823
-0.7695
-0.7567
-0.7441
-0.7314
-0.7189
-0.7064
-0.6939
-0.6815
-0.6692
-0.6569
-0.6447
-0.6325
-0.6204
-0.6084
-0.5964
-0.5844
-0.5726
-0.5608
-0.5490
-0.5373
-0.5256
-0.5141
-0.5025
-0.4911
-0.4796
-0.4683
-0.4570
-0.4457
-0.4346
-0.4234
-0.4124
-0.4014
-0.3904
-0.3795
-0.3687
-0.3579
-0.3472
-0.3365
-0.3259
-0.3154
-0.3049
-0.2945
-0.2841
-0.2738
-0.2635
-0.2533
-0.2432
-0.2331
-0.2231
-0.2131
-0.2032
-0.1934
-0.1836
-0.1739
-0.1642
-0.1546
-0.1450
-0.1355
-0.1261
-0.1167
-0.1074
-0.0981
-0.0889
-0.0798
-0.0707
-0.0617
-0.0527
-0.0438
-0.0349
-0.0261
-0.0174
-0.0087
-0.0001
0.0085
0.0170
0.0254
0.0338
0.0421
0.0504
0.0586
0.0668
0.0748
0.0829
0.0909
0.0988
0.1066
0.1144
0.1222
0.1298
0.1375
0.1450
0.1525
0.1600
0.1674
0.1747
0.1820
0.1892
0.1963
0.2034
0.2105
0.2175
0.2244
0.2312
0.2380
0.2448
0.2515
0.2581
0.2646
0.2712
0.2776
0.2840
0.2903
0.2966
0.3028
0.3090
0.3151
0.3211
0.3271
0.3330
0.3389
0.3447
0.3504
0.3561
0.3617
0.3673
0.3728
0.3782
0.3836
0.3890
0.3942
0.3994
0.4046
0.4097
0.4147
0.4197
0.4246
0.4295
0.4343
0.4390
0.4437
0.4483
0.4529
0.4574
0.4619
0.4662
0.4706
0.4749
0.4791
0.4832
0.4873
0.4914
0.4953
0.4992
0.5031
0.5069
0.5107
0.5143
0.5180
0.5215
0.5250
0.5285
0.5319
0.5352
0.5385
0.5417
0.5448
0.5479
0.5510
0.5539
0.5569
0.5597
0.5625
0.5653
0.5679
0.5706
0.5731
0.5756
0.5781
0.5805
0.5828
0.5851
0.5873
0.5894
0.5915
0.5936
0.5955
0.5975
0.5993
0.6011
0.6029
0.6045
0.6062
0.6077
0.6092
0.6107
0.6121
0.6134
0.6147
0.6159
0.6170
0.6181
0.6192
0.6201
0.6211
0.6219
0.6227
0.6235
0.6241
0.6248
0.6253
0.6258
0.6263
0.6267
0.6270
0.6273
0.6275
0.6276
0.6277
0.6277
0.6277
0.6276
0.6275
0.6273
0.6270
0.6267
0.6263
0.6259
0.6254
0.6248
0.6242
0.6236
0.6228
0.6220
0.6212
0.6203
0.6193
0.6183
0.6172
0.6161
0.6149
0.6136
0.6123
0.6109
0.6095
0.6080
0.6064
0.6048
0.6031
0.6014
0.5996
0.5977
0.5958
0.5939
0.5918
0.5897
0.5876
0.5854
0.5831
0.5808
0.5784
0.5760
0.5735
0.5709
0.5683
0.5657
0.5629
0.5601
0.5573
0.5544
0.5514
0.5484
0.5453
0.5421
0.5389
0.5357
0.5324
0.5290
0.5255
0.5220
0.5185
0.5149
0.5112
0.5075
0.5037
0.4998
0.4959
0.4919
0.4879
0.4838
0.4797
0.4755
0.4712
0.4669
0.4625
0.4581
0.4536
0.4490
0.4444
0.4397
0.4350
0.4302
0.4253
0.4204
0.4154
0.4104
0.4053
0.4002
0.3950
0.3897
0.3844
0.3790
0.3736
0.3681
0.3625
0.3569
0.3512
0.3455
0.3397
0.3338
0.3279
0.3220
0.3159
0.3098
0.3037
0.2975
0.2912
0.2849
0.2785
0.2721
0.2656
0.2590
0.2524
0.2457
0.2390
0.2322
0.2254
0.2185
0.2115
0.2045
0.1974
0.1902
0.1830
0.1758
0.1684
0.1611
0.1536
0.1461
0.1386
0.1310
0.1233
0.1155
0.1078
0.0999
0.0920
0.0840
0.0760
0.0679
0.0598
0.0516
0.0433
0.0350
0.0266
0.0182
0.0097
0.0011
-0.0075
-0.0161
-0.0249
-0.0336
-0.0425
-0.0514
-0.0604
-0.0694
-0.0785
-0.0876
-0.0968
-0.1060
-0.1154
-0.1247
-0.1342
-0.1436
-0.1532
-0.1628
-0.1725
-0.1822
-0.1920
-0.2018
-0.2117
-0.2217
-0.2317
-0.2417
-0.2519
-0.2621
-0.2723
-0.2826
-0.2930
-0.3034
-0.3139
-0.3244
-0.3350
-0.3456
-0.3564
-0.3671
-0.3780
-0.3888
-0.3998
-0.4108
-0.4218
-0.4330
-0.4441
-0.4554
-0.4667
-0.4780
-0.4894
-0.5009
-0.5124
-0.5240
-0.5356
-0.5473
-0.5591
-0.5709
-0.5827
-0.5947
-0.6066
-0.6187
-0.6308
-0.6429
-0.6551
-0.6674
-0.6797
-0.6921
-0.7046
-0.7171
-0.7296
-0.7422
-0.7549
-0.7676
-0.7804
-0.7933
-0.8062
-0.8191
-0.8321
-0.8452
-0.8583
-0.8715
-0.8848
-0.8981
-0.9000
-0.8886
-0.8772
-0.8659
-0.8546
-0.8434
-0.8323
-0.8212
-0.8101
-0.7991
-0.7882
-0.7774
-0.7666
-0.7558
-0.7451
-0.7345
-0.7239
-0.7134
-0.7029
-0.6925
-0.6822
-0.6719
-0.6616
-0.6515
-0.6414
-0.6313
-0.6213
-0.6113
-0.6015
-0.5916
-0.5818
-0.5721
-0.5625
-0.5529
-0.5433
-0.5338
-0.5244
-0.5151
-0.5057
-0.4965
-0.4873
-0.4782
-0.4691
-0.4600
-0.4511
-0.4422
-0.4333
-0.4245
-0.4158
-0.4071
-0.3985
-0.3900
-0.3815
-0.3730
-0.3646
-0.3563
-0.3480
-0.3398
-0.3317
-0.3236
-0.3155
-0.3076
-0.2996
-0.2918
-0.2840
-0.2762
-0.2685
-0.2609
-0.2533
-0.2458
-0.2384
-0.2310
-0.2236
-0.2163
-0.2091
-0.2020
-0.1949
-0.1878
-0.1808
-0.1739
-0.1670
-0.1602
-0.1534
-0.1468
-0.1401
-0.1335
-0.1270
-0.1205
-0.1141
-0.1078
-0.1015
-0.0953
-0.0891
-0.0830
-0.0769
-0.0709
-0.0650
-0.0591
-0.0533
-0.0475
-0.0418
-0.0362
-0.0306
-0.0251
-0.0196
-0.0142
-0.0088
-0.0035
0.0017
0.0069
0.0120
0.0170
0.0220
0.0270
0.0319
0.0367
0.0415
0.0462
0.0508
0.0554
0.0599
0.0644
0.0688
0.0732
0.0775
0.0817
0.0859
0.0900
0.0941
0.0981
0.1021
0.1059
0.1098
0.1135
0.1173
0.1209
0.1245
0.1280
0.1315
0.1349
0.1383
0.1416
0.1448
0.1480
0.1511
0.1542
0.1572
0.1602
0.1631
0.1659
0.1687
0.1714
0.1740
0.1766
0.1792
0.1816
0.1841
0.1864
0.1887
0.1910
0.1932
0.1953
0.1974
0.1994
0.2013
0.2032
0.2050
0.2068
0.2085
0.2102
0.2118
0.2133
0.2148
0.2162
0.2176
0.2189
0.2202
0.2213
0.2225
0.2235
0.2245
0.2255
0.2264
0.2272
0.2280
0.2287
0.2294
0.2300
0.2305
0.2310
0.2314
0.2318
0.2321
0.2323
0.2325
0.2327
0.2327
0.2328
0.2327
0.2326
0.2324
0.2322
0.2319
0.2316
0.2312
0.2307
0.2302
0.2296
0.2290
0.2283
0.2276
0.2268
0.2259
0.2250
0.2240
0.2229
0.2218
0.2207
0.2194
0.2182
0.2168
0.2154
0.2140
0.2125
0.2109
0.2093
0.2076
0.2058
0.2040
0.2021
0.2002
0.1982
0.1962
0.1941
0.1919
0.1897
0.1874
0.1851
0.1827
0.1802
0.1777
0.1752
0.1725
0.1698
0.1671
0.1643
0.1614
0.1585
0.1555
0.1525
0.1494
0.1462
0.1430
0.1397
0.1364
0.1330
0.1295
0.1260
0.1225
0.1188
0.1151
0.1114
0.1076
0.1037
0.0998
0.0958
0.0918
0.0877
0.0835
0.0793
0.0750
0.0707
0.0663
0.0619
0.0574
0.0528
0.0482
0.0435
0.0388
0.0340
0.0291
0.0242
0.0192
0.0142
0.0091
0.0039
-0.0013
-0.0066
-0.0119
-0.0173
-0.0227
-0.0282
-0.0338
-0.0394
-0.0451
-0.0508
-0.0566
-0.0625
-0.0684
-0.0744
-0.0804
-0.0865
-0.0926
-0.0988
-0.1051
-0.1114
-0.1178
-0.1242
-0.1307
-0.1373
-0.1439
-0.1506
-0.1573
-0.1641
-0.1709
-0.1778
-0.1848
-0.1918
-0.1989
-0.2060
-0.2132
-0.2205
-0.2278
-0.2352
-0.2426
-0.2501
-0.2576
-0.2652
-0.2729
-0.2806
-0.2884
-0.2962
-0.3041
-0.3121
-0.3201
-0.3282
-0.3363
-0.3445
-0.3527
-0.3610
-0.3694
-0.3778
-0.3863
-0.3948
-0.4034
-0.4121
-0.4208
-0.4295
-0.4384
-0.4472
-0.4562
-0.4652
-0.4742
-0.4834
-0.4925
-0.5018
-0.5110
-0.5204
-0.5298
-0.5392
-0.5488
-0.5583
-0.5680
-0.5777
-0.5874
-0.5972
-0.6071
-0.6170
-0.6270
-0.6370
-0.6471
-0.6573
-0.6675
-0.6777
-0.6881
-0.6984
-0.7089
-0.7194
-0.7299
-0.7405
-0.7512
-0.7619
-0.7727
-0.7835
-0.7944
-0.8054
-0.8164
-0.8275
-0.8386
-0.8498
-0.8610
-0.8723
-0.8837
-0.8951
-0.9000
-0.8902
-0.8804
-0.8707
-0.8611
-0.8515
-0.8420
-0.8325
-0.8231
-0.8138
-0.8045
-0.7952
-0.7861
-0.7769
-0.7679
-0.7589
-0.7499
-0.7410
-0.7322
-0.7234
-0.7147
-0.7060
-0.6974
-0.6889
-0.6804
-0.6719
-0.6635
-0.6552
-0.6470
-0.6388
-0.6306
-0.6225
-0.6145
-0.6065
-0.5986
-0.5907
-0.5829
-0.5752
-0.5675
-0.5599
-0.5523
-0.5448
-0.5373
-0.5299
-0.5226
-0.5153
-0.5081
-0.5009
-0.4938
-0.4867
-0.4797
-0.4728
-0.4659
-0.4591
-0.4523
-0.4456
-0.4390
-0.4324
-0.4258
-0.4194
-0.4129
-0.4066
-0.4003
-0.3940
-0.3879
-0.3817
-0.3757
-0.3697
-0.3637
-0.3578
-0.3520
-0.3462
-0.3405
-0.3348
-0.3292
-0.3237
-0.3182
-0.3127
-0.3074
-0.3021
-0.2968
-0.2916
-0.2865
-0.2814
-0.2764
-0.2714
-0.2665
-0.2616
-0.2568
-0.2521
-0.2474
-0.2428
-0.2383
-0.2338
-0.2294
-0.2250
-0.2207
-0.2164
-0.2122
-0.2081
-0.2040
-0.2000
-0.1961
-0.1922
-0.1884
-0.1846
-0.1809
-0.1773
-0.1737
-0.1702
-0.1667
-0.1633
-0.1600
-0.1567
-0.1535
-0.1504
-0.1473
-0.1443
-0.1414
-0.1385
-0.1357
-0.1329
-0.1302
-0.1276
-0.1250
-0.1225
-0.1201
-0.1177
-0.1154
-0.1132
-0.1110
-0.1089
-0.1069
-0.1049
-0.1030
-0.1012
-0.0994
-0.0977
-0.0961
-0.0945
-0.0930
-0.0915
-0.0902
-0.0889
-0.0876
-0.0865
-0.0854
-0.0844
-0.0834
-0.0825
-0.0817
-0.0809
-0.0803
-0.0796
-0.0791
-0.0786
-0.0782
-0.0779
-0.0776
-0.0774
-0.0773
-0.0773
-0.0773
-0.0774
-0.0775
-0.0778
-0.0781
-0.0784
-0.0789
-0.0794
-0.0800
-0.0807
-0.0814
-0.0822
-0.0831
-0.0840
-0.0851
-0.0862
-0.0873
-0.0886
-0.0899
-0.0913
-0.0928
-0.0943
-0.0959
-0.0976
-0.0994
-0.1012
-0.1032
-0.1052
-0.1072
-0.1094
-0.1116
-0.1139
-0.1162
-0.1187
-0.1212
-0.1238
-0.1265
-0.1292
-0.1321
-0.1350
-0.1380
-0.1410
-0.1442
-0.1474
-0.1507
-0.1540
-0.1575
-0.1610
-0.1646
-0.1683
-0.1721
-0.1759
-0.1798
-0.1838
-0.1879
-0.1921
-0.1963
-0.2006
-0.2050
-0.2095
-0.2140
-0.2187
-0.2234
-0.2282
-0.2331
-0.2380
-0.2431
-0.2482
-0.2534
-0.2587
-0.2641
-0.2695
-0.2750
-0.2806
-0.2863
-0.2921
-0.2980
-0.3039
-0.3099
-0.3161
-0.3222
-0.3285
-0.3349
-0.3413
-0.3478
-0.3545
-0.3612
-0.3679
-0.3748
-0.3817
-0.3888
-0.3959
-0.4031
-0.4104
-0.4177
-0.4252
-0.4327
-0.4404
-0.4481
-0.4559
-0.4637
-0.4717
-0.4798
-0.4879
-0.4961
-0.5045
-0.5129
-0.5213
-0.5299
-0.5386
-0.5473
-0.5562
-0.5651
-0.5741
-0.5832
-0.5924
-0.6017
-0.6110
-0.6205
-0.6300
-0.6397
-0.6494
-0.6592
-0.6691
-0.6791
-0.6891
-0.6993
-0.7095
-0.7199
-0.7303
-0.7408
-0.7514
-0.7621
-0.7729
-0.7838
-0.7948
-0.8059
-0.8170
-0.8282
-0.8396
-0.8510
-0.8625
-0.8741
-0.8858
-0.8976
-0.9000
-0.8899
-0.8798
-0.8699
-0.8600
-0.8503
-0.8406
-0.8310
-0.8215
-0.8121
-0.8028
-0.7936
-0.7845
-0.7755
-0.7666
-0.7577
-0.7490
-0.7404
-0.7318
-0.7234
-0.7150
-0.7068
-0.6986
-0.6905
-0.6826
-0.6747
-0.6669
-0.6592
-0.6516
-0.6441
-0.6367
-0.6294
-0.6222
-0.6151
-0.6081
-0.6012
-0.5944
-0.5877
-0.5811
-0.5746
-0.5682
-0.5619
-0.5557
-0.5495
-0.5435
-0.5376
-0.5318
-0.5261
-0.5205
-0.5149
-0.5095
-0.5042
-0.4990
-0.4939
-0.4889
-0.4840
-0.4792
-0.4745
-0.4699
-0.4654
-0.4610
-0.4567
-0.4525
-0.4484
-0.4444
-0.4405
-0.4367
-0.4331
-0.4295
-0.4260
-0.4227
-0.4194
-0.4162
-0.4132
-0.4102
-0.4074
-0.4047
-0.4020
-0.3995
-0.3971
-0.3948
-0.3926
-0.3905
-0.3885
-0.3866
-0.3848
-0.3831
-0.3815
-0.3801
-0.3787
-0.3775
-0.3763
-0.3753
-0.3744
-0.3736
-0.3729
-0.3723
-0.3718
-0.3714
-0.3711
-0.3709
-0.3709
-0.3709
-0.3711
-0.3714
-0.3718
-0.3723
-0.3729
-0.3736
-0.3744
-0.3753
-0.3764
-0.3775
-0.3788
-0.3802
-0.3817
-0.3833
-0.3850
-0.3868
-0.3887
-0.3908
-0.3929
-0.3952
-0.3976
-0.4001
-0.4027
-0.4054
-0.4083
-0.4112
-0.4143
-0.4175
-0.4208
-0.4242
-0.4277
-0.4313
-0.4351
-0.4389
-0.4429
-0.4470
-0.4512
-0.4555
-0.4600
-0.4645
-0.4692
-0.4740
-0.4789
-0.4839
-0.4890
-0.4943
-0.4996
-0.5051
-0.5107
-0.5164
-0.5222
-0.5282
-0.5343
-0.5404
-0.5467
-0.5532
-0.5597
-0.5663
-0.5731
-0.5800
-0.5870
-0.5941
-0.6014
-0.6087
-0.6162
-0.6238
-0.6315
-0.6394
-0.6473
-0.6554
-0.6636
-0.6719
-0.6803
-0.6889
-0.6976
-0.7063
-0.7153
-0.7243
-0.7334
-0.7427
-0.7521
-0.7616
-0.7713
-0.7810
-0.7909
-0.8009
-0.8110
-0.8213
-0.8316
-0.8421
-0.8527
-0.8634
-0.8743
-0.8852
-0.8963
-0.9000
-0.8905
-0.8811
-0.8718
-0.8626
-0.8536
-0.8447
-0.8359
-0.8272
-0.8186
-0.8102
-0.8019
-0.7938
-0.7857
-0.7778
-0.7700
-0.7623
-0.7548
-0.7473
-0.7400
-0.7329
-0.7258
-0.7189
-0.7121
-0.7055
-0.6989
-0.6925
-0.6862
-0.6801
-0.6740
-0.6681
-0.6624
-0.6567
-0.6512
-0.6458
-0.6406
-0.6354
-0.6304
-0.6256
-0.6208
-0.6162
-0.6117
-0.6074
-0.6031
-0.5991
-0.5951
-0.5913
-0.5876
-0.5840
-0.5806
-0.5773
-0.5741
-0.5710
-0.5681
-0.5654
-0.5627
-0.5602
-0.5578
-0.5556
-0.5535
-0.5515
-0.5496
-0.5479
-0.5463
-0.5449
-0.5436
-0.5424
-0.5414
-0.5404
-0.5397
-0.5390
-0.5385
-0.5382
-0.5379
-0.5378
-0.5379
-0.5380
-0.5383
-0.5388
-0.5394
-0.5401
-0.5409
-0.5419
-0.5430
-0.5443
-0.5457
-0.5472
-0.5489
-0.5507
-0.5527
-0.5548
-0.5570
-0.5594
-0.5619
-0.5645
-0.5673
-0.5702
-0.5733
-0.5765
-0.5798
-0.5833
-0.5869
-0.5906
-0.5945
-0.5986
-0.6027
-0.6071
-0.6115
-0.6161
-0.6208
-0.6257
-0.6307
-0.6359
-0.6412
-0.6466
-0.6522
-0.6579
-0.6638
-0.6698
-0.6759
-0.6822
-0.6887
-0.6952
-0.7020
-0.7088
-0.7158
-0.7230
-0.7302
-0.7377
-0.7452
-0.7530
-0.7608
-0.7688
-0.7770
-0.7853
-0.7937
-0.8023
-0.8110
-0.8198
-0.8289
-0.8380
-0.8473
-0.8567
-0.8663
-0.8761
-0.8859
-0.8959
-0.9000
-0.8914
-0.8829
-0.8746
-0.8664
-0.8584
-0.8505
-0.8428
-0.8352
-0.8278
-0.8205
-0.8134
-0.8064
-0.7995
-0.7928
-0.7862
-0.7798
-0.7736
-0.7675
-0.7615
-0.7557
-0.7500
-0.7445
-0.7392
-0.7339
-0.7289
-0.7239
-0.7192
-0.7146
-0.7101
-0.7058
-0.7016
-0.6976
-0.6937
-0.6900
-0.6865
-0.6831
-0.6798
-0.6767
-0.6738
-0.6710
-0.6683
-0.6658
-0.6635
-0.6613
-0.6592
-0.6574
-0.6556
-0.6541
-0.6526
-0.6514
-0.6503
-0.6493
-0.6485
-0.6479
-0.6474
-0.6470
-0.6468
-0.6468
-0.6469
-0.6472
-0.6477
-0.6483
-0.6490
-0.6499
-0.6510
-0.6522
-0.6536
-0.6551
-0.6568
-0.6587
-0.6607
-0.6628
-0.6651
-0.6676
-0.6703
-0.6731
-0.6760
-0.6791
-0.6824
-0.6858
-0.6894
-0.6932
-0.6971
-0.7011
-0.7053
-0.7097
-0.7143
-0.7190
-0.7238
-0.7289
-0.7340
-0.7394
-0.7449
-0.7505
-0.7564
-0.7624
-0.7685
-0.7748
-0.7813
-0.7879
-0.7947
-0.8016
-0.8087
-0.8160
-0.8235
-0.8310
-0.8388
-0.8467
-0.8548
-0.8631
-0.8715
-0.8800
-0.8888
-0.8976
-0.9000
-0.8924
-0.8849
-0.8776
-0.8704
-0.8634
-0.8566
-0.8500
-0.8435
-0.8372
-0.8310
-0.8250
-0.8192
-0.8135
-0.8080
-0.8027
-0.7975
-0.7925
-0.7876
-0.7830
-0.7785
-0.7741
-0.7699
-0.7659
-0.7621
-0.7584
-0.7549
-0.7516
-0.7484
-0.7454
-0.7426
-0.7399
-0.7374
-0.7351
-0.7329
-0.7310
-0.7291
-0.7275
-0.7260
-0.7247
-0.7236
-0.7226
-0.7218
-0.7212
-0.7207
-0.7204
-0.7203
-0.7204
-0.7206
-0.7210
-0.7216
-0.7223
-0.7232
-0.7243
-0.7256
-0.7270
-0.7286
-0.7304
-0.7323
-0.7344
-0.7367
-0.7392
-0.7418
-0.7447
-0.7476
-0.7508
-0.7541
-0.7577
-0.7613
-0.7652
-0.7692
-0.7734
-0.7778
-0.7824
-0.7871
-0.7920
-0.7971
-0.8023
-0.8078
-0.8134
-0.8192
-0.8251
-0.8313
-0.8376
-0.8441
-0.8507
-0.8576
-0.8646
-0.8718
-0.8791
-0.8867
-0.8944
-0.9000
-0.8934
-0.8869
-0.8806
-0.8746
-0.8686
-0.8629
-0.8573
-0.8519
-0.8467
-0.8417
-0.8369
-0.8322
-0.8277
-0.8234
-0.8193
-0.8153
-0.8116
-0.8080
-0.8046
-0.8013
-0.7983
-0.7954
-0.7927
-0.7902
-0.7879
-0.7858
-0.7838
-0.7820
-0.7804
-0.7790
-0.7778
-0.7767
-0.7759
-0.7752
-0.7747
-0.7744
-0.7742
-0.7743
-0.7745
-0.7750
-0.7756
-0.7763
-0.7773
-0.7785
-0.7798
-0.7813
-0.7831
-0.7850
-0.7870
-0.7893
-0.7918
-0.7944
-0.7972
-0.8002
-0.8034
-0.8068
-0.8104
-0.8141
-0.8181
-0.8222
-0.8265
-0.8310
-0.8357
-0.8406
-0.8457
-0.8509
-0.8564
-0.8620
-0.8678
-0.8738
-0.8800
-0.8864
-0.8929
-0.8997
-0.9000
-0.8942
-0.8886
-0.8832
-0.8779
-0.8729
-0.8681
-0.8634
-0.8589
-0.8546
-0.8506
-0.8466
-0.8429
-0.8394
-0.8361
-0.8330
-0.8300
-0.8273
-0.8247
-0.8223
-0.8201
-0.8182
-0.8164
-0.8148
-0.8134
-0.8121
-0.8111
-0.8103
-0.8097
-0.8092
-0.8090
-0.8089
-0.8091
-0.8094
-0.8099
-0.8107
-0.8116
-0.8127
-0.8140
-0.8155
-0.8172
-0.8191
-0.8212
-0.8235
-0.8259
-0.8286
-0.8315
-0.8346
-0.8378
-0.8413
-0.8450
-0.8488
-0.8529
-0.8571
-0.8616
-0.8662
-0.8711
-0.8761
-0.8813
-0.8868
-0.8924
-0.8982
-0.9000
-0.8950
-0.8902
-0.8856
-0.8812
-0.8770
-0.8730
-0.8692
-0.8656
-0.8622
-0.8589
-0.8559
-0.8531
-0.8505
-0.8481
-0.8459
-0.8439
-0.8421
-0.8405
-0.8391
-0.8379
-0.8369
-0.8361
-0.8355
-0.8351
-0.8349
-0.8349
-0.8352
-0.8356
-0.8362
-0.8370
-0.8381
-0.8393
-0.8407
-0.8424
-0.8442
-0.8462
-0.8485
-0.8510
-0.8536
-0.8565
-0.8595
-0.8628
-0.8663
-0.8700
-0.8739
-0.8780
-0.8823
-0.8868
-0.8915
-0.8964
-0.9000
-0.8958
-0.8918
-0.8880
-0.8844
-0.8810
-0.8778
-0.8748
-0.8721
-0.8695
-0.8672
-0.8650
-0.8631
-0.8614
-0.8598
-0.8585
-0.8574
-0.8565
-0.8558
-0.8554
-0.8551
-0.8550
-0.8552
-0.8556
-0.8561
-0.8569
-0.8579
-0.8591
-0.8605
-0.8622
-0.8640
-0.8660
-0.8683
-0.8708
-0.8735
-0.8763
-0.8795
-0.8828
-0.8863
-0.8900
-0.8940
-0.8981
-0.9000
-0.8964
-0.8931
-0.8899
-0.8870
-0.8843
-0.8818
-0.8795
-0.8774
-0.8755
-0.8739
-0.8724
-0.8712
-0.8701
-0.8693
-0.8687
-0.8683
-0.8681
-0.8681
-0.8684
-0.8688
-0.8695
-0.8704
-0.8714
-0.8727
-0.8742
-0.8759
-0.8779
-0.8800
-0.8823
-0.8849
-0.8876
-0.8906
-0.8938
-0.8972
-0.9000
-0.8971
-0.8944
-0.8919
-0.8896
-0.8876
-0.8857
-0.8841
-0.8826
-0.8814
-0.8804
-0.8796
-0.8790
-0.8786
-0.8784
-0.8785
-0.8787
-0.8792
-0.8798
-0.8807
-0.8818
-0.8831
-0.8846
-0.8863
-0.8882
-0.8903
-0.8927
-0.8952
-0.8980
-0.9000
-0.8976
-0.8955
-0.8936
-0.8918
-0.8903
-0.8890
-0.8879
-0.8870
-0.8863
-0.8859
-0.8856
-0.8855
-0.8857
-0.8860
-0.8866
-0.8874
-0.8884
-0.8896
-0.8910
-0.8926
-0.8944
-0.8964
-0.8986
-0.9000
-0.8981
-0.8964
-0.8949
-0.8936
-0.8926
-0.8917
-0.8910
-0.8906
-0.8903
-0.8903
-0.8905
-0.8909
-0.8914
-0.8922
-0.8932
-0.8944
-0.8959
-0.8975
-0.8993
-0.9000
-0.8984
-0.8971
-0.8959
-0.8950
-0.8943
-0.8937
-0.8934
-0.8933
-0.8934
-0.8937
-0.8942
-0.8949
-0.8959
-0.8970
-0.8983
-0.8999
-0.9000
-0.8987
-0.8976
-0.8967
-0.8960
-0.8955
-0.8952
-0.8952
-0.8953
-0.8956
-0.8962
-0.8969
-0.8979
-0.8990
-0.9000
-0.8990
-0.8982
-0.8977
-0.8973
-0.8971
-0.8972
-0.8974
-0.8979
-0.8985
-0.8994
-0.9000
-0.8993
-0.8987
-0.8984
-0.8983
-0.8984
-0.8987
-0.8992
-0.8999
-0.9000
-0.8994
-0.8990
-0.8988
-0.8989
-0.8991
-0.8995
-0.9000
-0.8996
-0.8995
-0.8995
-0.8998
-0.9000
-0.8998
-0.8998
-0.9000
-0.9000
-0.8998
-0.8999
-0.9000
-0.9000
-0.9000
-0.9000
-0.9000
-0.9000
-0.9000
-0.9000
-0.9000
-0.9000
-0.9000
-0.9000
-0.9000
-0.9000
-0.9000
-0.9000
-0.9000
-0.9000
-0.9000
-0.9000
-0.9000
-0.9000
-0.9000
-0.9000
-0.9000
-0.9000
-0.9000
-0.9000
-0.9000
-0.9000
-0.9000
-0.9000
-0.9000
-0.9000
-0.9000
-0.9000
-0.9000
-0.9000
-0.9000
-0.9000
-0.9000
-0.9000
-0.9000
-0.9000
-0.9000
-0.9000
-0.9000
-0.9000
-0.9000
-0.9000
-0.9000
-0.9000
-0.9000
-0.9000
-0.9000
-0.9000
-0.9000
-0.9000
-0.9000
-0.9000
-0.9000
-0.9000
-0.9000
-0.9000
-0.9000
-0.9000
-0.9000
-0.9000
-0.9000
-0.9000
-0.9000
-0.9000
-0.9000
-0.9000
-0.9000
-0.9000
-0.9000
-0.9000
-0.9000
-0.9000
-0.9000
-0.9000
-0.9000
-0.9000
-0.9000
-0.9000
-0.9000
-0.9000
-0.9000
-0.9000
-0.9000
-0.9000
-0.9000
-0.9000
-0.9000
-0.9000
-0.9000
-0.9000
-0.9000
-0.9000
-0.9000
-0.9000
-0.9000
-0.9000
-0.9000
-0.9000
-0.9000
-0.9000
-0.9000
-0.9000
-0.9000
-0.9000
-0.9000
-0.9000
-0.9000
-0.9000
-0.9000
-0.9000
-0.9000
-0.9000
-0.9000
-0.9000
-0.9000
-0.9000
-0.9000
-0.9000
-0.9000
-0.9000
-0.9000
-0.9000
-0.9000
-0.9000
-0.9000
-0.9000
-0.9000
-0.9000
-0.9000
-0.9000
-0.9000
-0.9000
-0.9000
-0.9000
-0.9000
-0.9000
-0.9000
-0.9000
-0.9000
-0.9000
-0.9000
-0.9000
-0.9000
-0.9000
-0.9000
-0.9000
-0.9000
-0.9000
-0.9000
-0.9000
-0.9000
-0.9000
-0.9000
-0.9000
-0.9000
-0.9000
-0.9000
-0.9000
-0.9000
-0.9000
-0.9000
-0.9000
-0.9000
-0.9000
-0.9000
-0.9000
-0.9000
-0.9000
-0.9000
-0.9000
-0.9000
-0.9000
-0.9000
-0.9000
-0.9000
-0.9000
-0.9000
-0.9000
-0.9000
-0.9000
-0.9000
-0.9000
-0.9000
-0.9000
-0.9000
-0.9000
-0.9000
-0.9000
-0.9000
-0.9000
-0.9000
-0.9000
-0.9000
-0.9000
-0.9000
-0.9000
-0.9000
-0.9000
-0.9000
-0.9000
-0.9000
-0.9000
-0.9000
-0.9000
-0.9000
-0.9000
-0.9000
-0.9000
-0.9000
-0.9000
-0.9000
-0.9000
-0.9000
-0.9000
-0.9000
-0.9000
-0.9000
-0.9000
-0.9000
-0.9000
-0.9000
-0.9000
-0.9000
-0.9000
-0.9000
-0.9000
-0.9000
-0.9000
-0.9000
-0.9000
-0.9000
-0.9000
-0.9000
-0.9000
-0.9000
-0.9000
-0.9000
-0.9000
-0.9000
-0.9000
-0.9000
-0.9000
-0.9000
-0.9000
-0.9000
-0.9000
-0.9000
-0.9000
-0.9000
-0.9000
-0.9000
-0.9000
-0.9000
-0.9000
-0.9000
-0.9000
-0.9000
-0.9000
-0.9000
-0.9000
-0.9000
-0.9000
-0.9000
-0.9000
-0.9000
-0.9000
-0.9000
-0.9000
-0.9000
-0.9000
-0.9000
-0.9000
-0.9000
-0.9000
-0.9000
-0.9000
-0.9000
-0.9000
-0.9000
-0.9000
-0.9000
-0.9000
-0.9000
-0.9000
-0.9000
-0.9000
-0.9000
-0.9000
-0.9000
-0.9000
-0.9000
-0.9000
-0.9000
-0.9000
-0.9000
-0.9000
-0.9000
-0.9000
-0.9000
-0.9000
-0.9000
-0.9000
-0.9000
-0.9000
-0.9000
-0.9000
-0.9000
-0.9000
-0.9000
-0.9000
-0.9000
-0.9000
-0.9000
-0.9000
-0.9000
-0.9000
-0.9000
-0.9000
-0.9000
-0.9000
-0.9000
-0.9000
-0.9000
-0.9000
-0.9000
-0.9000
-0.9000
-0.9000
-0.9000
-0.9000
-0.9000
-0.9000
-0.9000
-0.9000
-0.9000
-0.9000
-0.9000
-0.9000
-0.9000
-0.9000
-0.9000
-0.9000
-0.9000
-0.9000
-0.9000
-0.9000
-0.9000
-0.9000
-0.9000
-0.9000
-0.9000
-0.9000
-0.9000
-0.9000
-0.9000
-0.9000
-0.9000
-0.9000
-0.9000
-0.9000
-0.9000
-0.9000
-0.9000
-0.9000
-0.9000
-0.9000
-0.9000
-0.9000
-0.9000
-0.9000
-0.9000
-0.9000
-0.9000
-0.9000
-0.9000
-0.9000
-0.9000
-0.9000
-0.9000
-0.9000
-0.9000
-0.9000
-0.9000
-0.9000
-0.9000
-0.9000
-0.9000
-0.9000
-0.9000
-0.9000
-0.9000
-0.9000
-0.9000
-0.9000
-0.9000
-0.9000
-0.9000
-0.9000
-0.9000
-0.9000
-0.9000
-0.9000
-0.9000
-0.9000
-0.9000
-0.9000
-0.9000
-0.9000
-0.9000
-0.9000
-0.9000
-0.9000
-0.9000
-0.9000
-0.9000
-0.9000
-0.9000
-0.9000
-0.9000
-0.9000
-0.9000
-0.9000
-0.9000
-0.9000
-0.9000
-0.9000
-0.9000
-0.9000
-0.9000
-0.9000
-0.9000
-0.9000
-0.9000
-0.9000
-0.9000
-0.9000
-0.9000
-0.9000
-0.9000
-0.9000
-0.9000
-0.9000
-0.9000
-0.9000
-0.9000
-0.9000
-0.9000
-0.9000
-0.9000
-0.9000
-0.9000
-0.9000
-0.9000
-0.9000
-0.9000
-0.9000
-0.9000
-0.9000
-0.9000
-0.9000
-0.9000
-0.9000
-0.9000
-0.9000
-0.9000
-0.9000
-0.9000
-0.9000
-0.9000
-0.9000
-0.9000
-0.9000
-0.9000
-0.9000
-0.9000
-0.9000
-0.9000
-0.9000
-0.9000
-0.9000
-0.9000
-0.9000
-0.9000
-0.9000
-0.9000
-0.9000
-0.9000
-0.9000
-0.9000
-0.9000
-0.9000
-0.9000
-0.9000
-0.9000
-0.9000
-0.9000
-0.9000
-0.9000
-0.9000
-0.9000
-0.9000
-0.9000
-0.9000
-0.9000
-0.9000
-0.9000
-0.9000
-0.9000
-0.9000
-0.9000
-0.9000
-0.9000
-0.9000
-0.9000
-0.9000
-0.9000
-0.9000
-0.9000
-0.9000
-0.9000
-0.9000
-0.9000
-0.9000
-0.9000
-0.9000
-0.9000
-0.9000
-0.9000
-0.9000
-0.9000
-0.9000
-0.9000
-0.9000
-0.9000
-0.9000
-0.9000
-0.9000
-0.9000
-0.9000
-0.9000
-0.9000
-0.9000
-0.9000
-0.9000
-0.9000
-0.9000
-0.9000
-0.9000
-0.9000
-0.9000
-0.9000
-0.9000
-0.9000
-0.9000
-0.9000
-0.9000
-0.9000
-0.9000
-0.9000
-0.9000
-0.9000
-0.9000
-0.9000
-0.9000
-0.9000
-0.9000
-0.9000
-0.9000
-0.9000
-0.9000
-0.9000
-0.9000
-0.9000
-0.9000
-0.9000
-0.9000
-0.9000
-0.9000
-0.9000
-0.9000
-0.9000
-0.9000
-0.9000
-0.9000
-0.9000
-0.9000
-0.9000
-0.9000
-0.9000
-0.9000
-0.9000
-0.9000
-0.9000
-0.9000
-0.9000
-0.9000
-0.9000
-0.9000
-0.9000
-0.9000
-0.9000
-0.9000
-0.9000
-0.9000
-0.9000
-0.9000
-0.9000
-0.9000
-0.9000
-0.9000
-0.9000
-0.9000
-0.9000
-0.9000
-0.9000
-0.9000
-0.9000
-0.9000
-0.9000
-0.9000
-0.9000
-0.9000
-0.9000
-0.9000
-0.9000
-0.9000
-0.9000
-0.9000
-0.9000
-0.9000
-0.9000
-0.9000
-0.9000
-0.9000
-0.9000
-0.9000
-0.9000
-0.9000
-0.9000
-0.9000
-0.9000
-0.9000
-0.9000
-0.9000
-0.9000
-0.9000
-0.9000
-0.9000
-0.9000
-0.9000
-0.9000
-0.9000
-0.9000
-0.9000
-0.9000
-0.9000
-0.9000
-0.9000
-0.9000
-0.9000
-0.9000
-0.9000
-0.9000
-0.9000
-0.9000
-0.9000
-0.9000
-0.9000
-0.9000
-0.9000
-0.9000
-0.9000
-0.9000
-0.9000
-0.9000
-0.9000
-0.9000
-0.9000
-0.9000
-0.9000
-0.9000
-0.9000
-0.9000
-0.9000
-0.9000
-0.9000
-0.9000
-0.9000
-0.9000
-0.9000
-0.9000
-0.9000
-0.9000
-0.9000
-0.9000
-0.9000
-0.9000
-0.9000
-0.9000
-0.9000
-0.9000
-0.9000
-0.9000
-0.9000
-0.9000
-0.9000
-0.9000
-0.9000
-0.9000
-0.9000
-0.9000
-0.9000
-0.9000
-0.9000
-0.9000
-0.9000
-0.9000
-0.9000
-0.9000
-0.9000
-0.9000
-0.9000
-0.9000
-0.9000
-0.9000
-0.9000
-0.9000
-0.9000
-0.9000
-0.9000
-0.9000
-0.9000
-0.9000
-0.9000
-0.9000
-0.9000
-0.9000
-0.9000
-0.9000
-0.9000
-0.9000
-0.9000
-0.9000
-0.9000
-0.9000
-0.9000
-0.9000
-0.9000
-0.9000
-0.9000
-0.9000
-0.9000
-0.9000
-0.9000
-0.9000
-0.9000
-0.9000
-0.9000
-0.9000
-0.9000
-0.9000
-0.9000
-0.9000
-0.9000
-0.9000
-0.9000
-0.9000
-0.9000
-0.9000
-0.9000
-0.9000
-0.9000
-0.9000
-0.9000
-0.9000
-0.9000
-0.9000
-0.9000
-0.9000
-0.9000
-0.9000
-0.9000
-0.9000
-0.9000
-0.9000
-0.9000
-0.9000
-0.9000
-0.9000
-0.9000
-0.9000
-0.9000
-0.9000
-0.9000
-0.9000
-0.9000
-0.9000
-0.9000
-0.9000
-0.9000
-0.9000
-0.9000
-0.9000
-0.9000
-0.9000
-0.9000
-0.9000
-0.9000
-0.9000
-0.9000
-0.9000
-0.9000
-0.9000
-0.9000
-0.9000
-0.9000
-0.9000
-0.9000
-0.9000
-0.9000
-0.9000
-0.9000
-0.9000
-0.9000
-0.9000
-0.9000
-0.9000
-0.9000
-0.9000
-0.9000
-0.9000
-0.9000
-0.9000
-0.9000
-0.9000
-0.9000
-0.9000
-0.9000
-0.9000
-0.9000
-0.9000
-0.9000
-0.9000
-0.9000
-0.9000
-0.9000
-0.9000
-0.9000
-0.9000
-0.9000
-0.9000
-0.9000
-0.9000
-0.9000
-0.9000
-0.9000
-0.9000
-0.9000
-0.9000
-0.9000
-0.9000
-0.9000
-0.9000
-0.9000
-0.9000
-0.9000
-0.9000
-0.9000
-0.9000
-0.9000
-0.9000
-0.9000
-0.9000
-0.9000
-0.9000
-0.9000
-0.9000
-0.9000
-0.9000
-0.9000
-0.9000
-0.9000
-0.9000
-0.9000
-0.9000
-0.9000
-0.9000
-0.9000
-0.9000
-0.9000
-0.9000
-0.9000
-0.9000
-0.9000
-0.9000
-0.9000
-0.9000
-0.9000
-0.9000
-0.9000
-0.9000
-0.9000
-0.9000
-0.9000
-0.9000
-0.9000
-0.9000
-0.9000
-0.9000
-0.9000
-0.9000
-0.9000
-0.9000
-0.9000
-0.9000
-0.9000
-0.9000
-0.9000
-0.9000
-0.9000
-0.9000
-0.9000
-0.9000
-0.9000
-0.9000
-0.9000
-0.9000
-0.9000
-0.9000
-0.9000
-0.9000
-0.9000
-0.9000
-0.9000
-0.9000
-0.9000
-0.9000
-0.9000
-0.9000
-0.9000
-0.9000
-0.9000
-0.9000
-0.9000
-0.9000
-0.9000
-0.9000
-0.9000
-0.9000
-0.9000
-0.9000
-0.9000
-0.9000
-0.9000
-0.9000
-0.9000
-0.9000
-0.9000
-0.9000
-0.9000
-0.9000
-0.9000
-0.9000
-0.9000
-0.9000
-0.9000
-0.9000
-0.9000
-0.9000
-0.9000
-0.9000
-0.9000
-0.9000
-0.9000
-0.9000
-0.9000
-0.9000
-0.9000
-0.9000
-0.9000
-0.9000
-0.9000
-0.9000
-0.9000
-0.9000
-0.9000
-0.9000
-0.9000
-0.9000
-0.9000
-0.9000
-0.9000
-0.9000
-0.9000
-0.9000
-0.9000
-0.9000
-0.9000
-0.9000
-0.9000
-0.9000
-0.9000
-0.9000
-0.9000
-0.9000
-0.9000
-0.9000
-0.9000
-0.9000
-0.9000
-0.9000
-0.9000
-0.9000
-0.9000
-0.9000
-0.9000
-0.9000
-0.9000
-0.9000
-0.9000
-0.9000
-0.9000
-0.9000
-0.9000
-0.9000
-0.9000
-0.9000
-0.9000
-0.9000
-0.9000
-0.9000
-0.9000
-0.9000
-0.9000
-0.9000
-0.9000
-0.9000
-0.9000
-0.9000
-0.9000
-0.9000
-0.9000
-0.9000
-0.9000
-0.9000
-0.9000
-0.9000
-0.9000
-0.9000
-0.9000
-0.9000
-0.9000
-0.9000
-0.9000
-0.9000
-0.9000
-0.9000
-0.9000
-0.9000
-0.9000
-0.9000
-0.9000
-0.9000
-0.9000
-0.9000
-0.9000
-0.9000
-0.9000
-0.9000
-0.9000
-0.9000
-0.9000
-0.9000
-0.9000
-0.9000
-0.9000
-0.9000
-0.9000
-0.9000
-0.9000
-0.9000
-0.9000
-0.9000
-0.9000
-0.9000
-0.9000
-0.9000
-0.9000
-0.9000
-0.9000
-0.9000
-0.9000
-0.9000
-0.9000
-0.9000
-0.9000
-0.9000
-0.9000
-0.9000
-0.9000
-0.9000
-0.9000
-0.9000
-0.9000
-0.9000
-0.9000
-0.9000
-0.9000
-0.9000
-0.9000
-0.9000
-0.9000
-0.9000
-0.9000
-0.9000
-0.9000
-0.9000
-0.9000
-0.9000
-0.9000
-0.9000
-0.9000
-0.9000
-0.9000
-0.9000
-0.9000
-0.9000
-0.9000
-0.9000
-0.9000
-0.9000
-0.9000
-0.9000
-0.9000
-0.9000
-0.9000
-0.9000
-0.9000
-0.9000
-0.9000
-0.9000
-0.9000
-0.9000
-0.9000
-0.9000
-0.9000
-0.9000
-0.9000
-0.9000
-0.9000
-0.9000
-0.9000
-0.9000
-0.9000
-0.9000
-0.9000
-0.9000
-0.9000
-0.9000
-0.9000
-0.9000
-0.9000
-0.9000
-0.9000
-0.9000
-0.9000
-0.9000
-0.9000
-0.9000
-0.9000
-0.9000
-0.9000
-0.9000
-0.9000
-0.9000
-0.9000
-0.9000
-0.9000
-0.9000
-0.9000
-0.9000
-0.9000
-0.9000
-0.9000
-0.9000
-0.9000
-0.9000
-0.9000
-0.9000
-0.9000
-0.9000
-0.9000
-0.9000
-0.9000
-0.9000
-0.9000
-0.9000
-0.9000
-0.9000
-0.9000
-0.9000
-0.9000
-0.9000
-0.9000
-0.9000
-0.9000
-0.9000
-0.9000
-0.9000
-0.9000
-0.9000
-0.9000
-0.9000
-0.9000
-0.9000
-0.9000
-0.9000
-0.9000
-0.9000
-0.9000
-0.9000
-0.9000
-0.9000
-0.9000
-0.9000
-0.9000
-0.9000
-0.9000
-0.9000
-0.9000
-0.9000
-0.9000
-0.9000
-0.9000
-0.9000
-0.9000
-0.9000
-0.9000
-0.9000
-0.9000
-0.9000
-0.9000
-0.9000
-0.9000
-0.9000
-0.9000
-0.9000
-0.9000
-0.9000
-0.9000
-0.9000
-0.9000
-0.9000
-0.9000
-0.9000
-0.9000
-0.9000
-0.9000
-0.9000
-0.9000
-0.9000
-0.9000
-0.9000
-0.9000
-0.9000
-0.9000
-0.9000
-0.9000
-0.9000
-0.9000
-0.9000
-0.9000
-0.9000
-0.9000
-0.9000
-0.9000
-0.9000
-0.9000
-0.9000
-0.9000
-0.9000
-0.9000
-0.9000
-0.9000
-0.9000
-0.9000
-0.9000
-0.9000
-0.9000
-0.9000
-0.9000
-0.9000
-0.9000
-0.9000
-0.9000
-0.9000
-0.9000
-0.9000
-0.9000
-0.9000
-0.9000
-0.9000
-0.9000
-0.9000
-0.9000
-0.9000
-0.9000
-0.9000
-0.9000
-0.9000
-0.9000
-0.9000
-0.9000
-0.9000
-0.9000
-0.9000
-0.9000
-0.9000
-0.9000
-0.9000
-0.9000
-0.9000
-0.9000
-0.9000
-0.9000
-0.9000
-0.9000
-0.9000
-0.9000
-0.9000
-0.9000
-0.9000
-0.9000
-0.9000
-0.9000
-0.9000
-0.9000
-0.9000
-0.9000
-0.9000
-0.9000
-0.9000
-0.9000
-0.9000
-0.9000
-0.9000
-0.9000
-0.9000
-0.9000
-0.9000
-0.9000
-0.9000
-0.9000
-0.9000
-0.9000
-0.9000
-0.9000
-0.9000
-0.9000
-0.9000
-0.9000
-0.9000
-0.9000
-0.9000
-0.9000
-0.9000
-0.9000
-0.9000
-0.9000
-0.9000
-0.9000
-0.9000
-0.9000
-0.9000
-0.9000
-0.9000
-0.9000
-0.9000
-0.9000
-0.9000
-0.9000
-0.9000
-0.9000
-0.9000
-0.9000
-0.9000
-0.9000
-0.9000
-0.9000
-0.9000
-0.9000
-0.9000
-0.9000
-0.9000
-0.9000
-0.9000
-0.9000
-0.9000
-0.9000
-0.9000
-0.9000
-0.9000
-0.9000
-0.9000
-0.9000
-0.9000
-0.9000
-0.9000
-0.9000
-0.9000
-0.9000
-0.9000
-0.9000
-0.9000
-0.9000
-0.9000
-0.9000
-0.9000
-0.9000
-0.9000
-0.9000
-0.9000
-0.9000
-0.9000
-0.9000
-0.9000
-0.9000
-0.9000
-0.9000
-0.9000
-0.9000
-0.9000
-0.9000
-0.9000
-0.9000
-0.9000
-0.9000
-0.9000
-0.9000
-0.9000
-0.9000
-0.9000
-0.9000
-0.9000
-0.9000
-0.9000
-0.9000
-0.9000
-0.9000
-0.9000
-0.9000
-0.9000
-0.9000
-0.9000
-0.9000
-0.9000
-0.9000
-0.9000
-0.9000
-0.9000
-0.9000
-0.9000
-0.9000
-0.9000
-0.9000
-0.9000
-0.9000
-0.9000
-0.9000
-0.9000
-0.9000
-0.9000
-0.9000
-0.9000
-0.9000
-0.9000
-0.9000
-0.9000
-0.9000
-0.9000
-0.9000
-0.9000
-0.9000
-0.9000
-0.9000
-0.9000
-0.9000
-0.9000
-0.9000
-0.9000
-0.9000
-0.9000
-0.9000
-0.9000
-0.9000
-0.9000
-0.9000
-0.9000
-0.9000
-0.9000
-0.9000
-0.9000
-0.9000
-0.9000
-0.9000
-0.9000
-0.9000
-0.9000
-0.9000
-0.9000
-0.9000
-0.9000
-0.9000
-0.9000
-0.9000
-0.9000
-0.9000
-0.9000
-0.9000
-0.9000
-0.9000
-0.9000
-0.9000
-0.9000
-0.9000
-0.9000
-0.9000
-0.9000
-0.9000
-0.9000
-0.9000
-0.9000
-0.9000
-0.9000
-0.9000
-0.9000
-0.9000
-0.9000
-0.9000
-0.9000
-0.9000
-0.9000
-0.9000
-0.9000
-0.9000
-0.9000
-0.9000
-0.9000
-0.9000
-0.9000
-0.9000
-0.9000
-0.9000
-0.9000
-0.9000
-0.9000
-0.9000
-0.9000
-0.9000
-0.9000
-0.9000
-0.9000
-0.9000
-0.9000
-0.9000
-0.9000
-0.9000
-0.9000
-0.9000
-0.9000
-0.9000
-0.9000
-0.9000
-0.9000
-0.9000
-0.9000
-0.9000
-0.9000
-0.9000
-0.9000
-0.9000
-0.9000
-0.9000
-0.9000
-0.9000
-0.9000
-0.9000
-0.9000
-0.9000
-0.9000
-0.9000
-0.9000
-0.9000
-0.9000
-0.9000
-0.9000
-0.9000
-0.9000
-0.9000
-0.9000
-0.9000
-0.9000
-0.9000
-0.9000
-0.9000
-0.9000
-0.9000
-0.9000
-0.9000
-0.9000
-0.9000
-0.9000
-0.9000
-0.9000
-0.9000
-0.9000
-0.9000
-0.9000
-0.9000
-0.9000
-0.9000
-0.9000
-0.9000
-0.9000
-0.9000
-0.9000
-0.9000
-0.9000
-0.9000
-0.9000
-0.9000
-0.9000
-0.9000
-0.9000
-0.9000
-0.9000
-0.9000
-0.9000
-0.9000
-0.9000
-0.9000
-0.9000
-0.9000
-0.9000
-0.9000
-0.9000
-0.9000
-0.9000
-0.9000
-0.9000
-0.9000
-0.9000
-0.9000
-0.9000
-0.9000
-0.9000
-0.9000
-0.9000
-0.9000
-0.9000
-0.9000
-0.9000
-0.9000
-0.9000
-0.9000
-0.9000
-0.9000
-0.9000
-0.9000
-0.9000
-0.9000
-0.9000
-0.9000
-0.9000
-0.9000
-0.9000
-0.9000
-0.9000
-0.9000
-0.9000
-0.9000
-0.9000
-0.9000
-0.9000
-0.9000
-0.9000
-0.9000
-0.9000
-0.9000
-0.9000
-0.9000
-0.9000
-0.9000
-0.9000
-0.9000
-0.9000
-0.9000
-0.9000
-0.9000
-0.9000
-0.9000
-0.9000
-0.9000
-0.9000
-0.9000
-0.9000
-0.9000
-0.9000
-0.9000
-0.9000
-0.9000
-0.9000
-0.9000
-0.9000
-0.9000
-0.9000
-0.9000
-0.9000
-0.9000
-0.9000
-0.9000
-0.9000
-0.9000
-0.9000
-0.9000
-0.9000
-0.9000
-0.9000
-0.9000
-0.9000
-0.9000
-0.9000
-0.9000
-0.9000
-0.9000
-0.9000
-0.9000
-0.9000
-0.9000
-0.9000
-0.9000
-0.9000
-0.9000
-0.9000
-0.9000
-0.9000
-0.9000
-0.9000
-0.9000
-0.9000
-0.9000
-0.9000
-0.9000
-0.9000
-0.9000
-0.9000
-0.9000
-0.9000
-0.9000
-0.9000
-0.9000
-0.9000
-0.9000
-0.9000
-0.9000
-0.9000
-0.9000
-0.9000
-0.9000
-0.9000
-0.9000
-0.9000
-0.9000
-0.9000
-0.9000
-0.9000
-0.9000
-0.9000
-0.9000
-0.9000
-0.9000
-0.9000
-0.9000
-0.9000
-0.9000
-0.9000
-0.9000
-0.9000
-0.9000
-0.9000
-0.9000
-0.9000
-0.9000
-0.9000
-0.9000
-0.9000
-0.9000
-0.9000
-0.9000
-0.9000
-0.9000
-0.9000
-0.9000
-0.9000
-0.9000
-0.9000
-0.9000
-0.9000
-0.9000
-0.9000
-0.9000
-0.9000
-0.9000
-0.9000
-0.9000
-0.9000
-0.9000
-0.9000
-0.9000
-0.9000
-0.9000
-0.9000
-0.9000
-0.9000
-0.9000
-0.9000
-0.9000
-0.9000
-0.9000
-0.9000
-0.9000
-0.9000
-0.9000
-0.9000
-0.9000
-0.9000
-0.9000
-0.9000
-0.9000
-0.9000
-0.9000
-0.9000
-0.9000
-0.9000
-0.9000
-0.9000
-0.9000
-0.9000
-0.9000
-0.9000
-0.9000
-0.9000
-0.9000
-0.9000
-0.9000
-0.9000
-0.9000
-0.9000
-0.9000
-0.9000
-0.9000
-0.9000
-0.9000
-0.9000
-0.9000
-0.9000
-0.9000
-0.9000
-0.9000
-0.9000
-0.9000
-0.9000
-0.9000
-0.9000
-0.9000
-0.9000
-0.9000
-0.9000
-0.9000
-0.9000
-0.9000
-0.9000
-0.9000
-0.9000
-0.9000
-0.9000
-0.9000
-0.9000
-0.9000
-0.9000
-0.9000
-0.9000
-0.9000
-0.9000
-0.9000
-0.9000
-0.9000
-0.9000
-0.9000
-0.9000
-0.9000
-0.9000
-0.9000
-0.9000
-0.9000
-0.9000
-0.9000
-0.9000
-0.9000
-0.9000
-0.9000
-0.9000
-0.9000
-0.9000
-0.9000
-0.9000
-0.9000
-0.9000
-0.9000
-0.9000
-0.9000
-0.9000
-0.9000
-0.9000
-0.9000
-0.9000
-0.9000
-0.9000
-0.9000
-0.9000
-0.9000
-0.9000
-0.9000
-0.9000
-0.9000
-0.9000
-0.9000
-0.9000
-0.9000
-0.9000
-0.9000
-0.9000
-0.9000
-0.9000
-0.9000
-0.9000
-0.9000
-0.9000
-0.9000
-0.9000
-0.9000
-0.9000
-0.9000
-0.9000
-0.9000
-0.9000
-0.9000
-0.9000
-0.9000
-0.9000
-0.9000
-0.9000
-0.9000
-0.9000
-0.9000
-0.9000
-0.9000
-0.9000
-0.9000
-0.9000
-0.9000
-0.9000
-0.9000
-0.9000
-0.9000
-0.9000
-0.9000
-0.9000
-0.9000
-0.9000
-0.9000
-0.9000
-0.9000
-0.9000
-0.9000
-0.9000
-0.9000
-0.9000
-0.9000
-0.9000
-0.9000
-0.9000
-0.9000
-0.9000
-0.9000
-0.9000
-0.9000
-0.9000
-0.9000
-0.9000
-0.9000
-0.9000
-0.9000
-0.9000
-0.9000
-0.9000
-0.9000
-0.9000
-0.9000
-0.9000
-0.9000
-0.9000
-0.9000
-0.9000
-0.9000
-0.9000
-0.9000
-0.9000
-0.9000
-0.9000
-0.9000
-0.9000
-0.9000
-0.9000
-0.9000
-0.9000
-0.9000
-0.9000
-0.9000
-0.9000
-0.9000
-0.9000
-0.9000
-0.9000
-0.9000
-0.9000
-0.9000
-0.9000
-0.9000
-0.9000
-0.9000
-0.9000
-0.9000
-0.9000
-0.9000
-0.9000
-0.9000
-0.9000
-0.9000
-0.9000
-0.9000
-0.9000
-0.9000
-0.9000
-0.9000
-0.9000
-0.9000
-0.9000
-0.9000
-0.9000
-0.9000
-0.9000
-0.9000
-0.9000
-0.9000
-0.9000
-0.9000
-0.9000
-0.9000
-0.9000
-0.9000
-0.9000
-0.9000
-0.9000
-0.9000
-0.9000
-0.9000
-0.9000
-0.9000
-0.9000
-0.9000
-0.9000
-0.9000
-0.9000
-0.9000
-0.9000
-0.9000
-0.9000
-0.9000
-0.9000
-0.9000
-0.9000
-0.9000
-0.9000
-0.9000
-0.9000
-0.9000
-0.9000
-0.9000
-0.9000
-0.9000
-0.9000
-0.9000
-0.9000
-0.9000
-0.9000
-0.9000
-0.9000
-0.9000
-0.9000
-0.9000
-0.9000
-0.9000
-0.9000
-0.9000
-0.9000
-0.9000
-0.9000
-0.9000
-0.9000
-0.9000
-0.9000
-0.9000
-0.9000
-0.9000
-0.9000
-0.9000
-0.9000
-0.9000
-0.9000
-0.9000
-0.9000
-0.9000
-0.9000
-0.9000
-0.9000
-0.9000
-0.9000
-0.9000
-0.9000
-0.9000
-0.9000
-0.9000
-0.9000
-0.9000
-0.9000
-0.9000
-0.9000
-0.9000
-0.9000
-0.9000
-0.9000
-0.9000
-0.9000
-0.9000
-0.9000
-0.9000
-0.9000
-0.9000
-0.9000
-0.9000
-0.9000
-0.9000
-0.9000
-0.9000
-0.9000
-0.9000
-0.9000
-0.9000
-0.9000
-0.9000
-0.9000
-0.9000
-0.9000
-0.9000
-0.9000
-0.9000
-0.9000
-0.9000
-0.9000
-0.9000
-0.9000
-0.9000
-0.9000
-0.9000
-0.9000
-0.9000
-0.9000
-0.9000
-0.9000
-0.9000
-0.9000
-0.9000
-0.9000
-0.9000
-0.9000
-0.9000
-0.9000
-0.9000
-0.9000
-0.9000
-0.9000
-0.9000
-0.9000
-0.9000
-0.9000
-0.9000
-0.9000
-0.9000
-0.9000
-0.9000
-0.9000
-0.9000
-0.9000
-0.9000
-0.9000
-0.9000
-0.9000
-0.9000
-0.9000
-0.9000
-0.9000
-0.9000
-0.9000
-0.9000
-0.9000
-0.9000
-0.9000
-0.9000
-0.9000
-0.9000
-0.9000
-0.9000
-0.9000
-0.9000
-0.9000
-0.9000
-0.9000
-0.9000
-0.9000
-0.9000
-0.9000
-0.9000
-0.9000
-0.9000
-0.9000
-0.9000
-0.9000
-0.9000
-0.9000
-0.9000
-0.9000
-0.9000
-0.9000
-0.9000
-0.9000
-0.9000
-0.9000
-0.9000
-0.9000
-0.9000
-0.9000
-0.9000
-0.9000
-0.9000
-0.9000
-0.9000
-0.9000
-0.9000
-0.9000
-0.9000
-0.9000
-0.9000
-0.9000
-0.9000
-0.9000
-0.9000
-0.9000
-0.9000
-0.9000
-0.9000
-0.9000
-0.9000
-0.9000
-0.9000
-0.9000
-0.9000
-0.9000
-0.9000
-0.9000
-0.9000
-0.9000
-0.9000
-0.9000
-0.9000
-0.9000
-0.9000
-0.9000
-0.9000
-0.9000
-0.9000
-0.9000
-0.9000
-0.9000
-0.9000
-0.9000
-0.9000
-0.9000
-0.9000
-0.9000
-0.9000
-0.9000
-0.9000
-0.9000
-0.9000
-0.9000
-0.9000
-0.9000
-0.9000
-0.9000
-0.9000
-0.9000
-0.9000
-0.9000
-0.9000
-0.9000
-0.9000
-0.9000
-0.9000
-0.9000
-0.9000
-0.9000
-0.9000
-0.9000
-0.9000
-0.9000
-0.9000
-0.9000
-0.9000
-0.9000
-0.9000
-0.9000
-0.9000
-0.9000
-0.9000
-0.9000
-0.9000
-0.9000
-0.9000
-0.9000
-0.9000
-0.9000
-0.9000
-0.9000
-0.9000
-0.9000
-0.9000
-0.9000
-0.9000
-0.9000
-0.9000
-0.9000
-0.9000
-0.9000
-0.9000
-0.9000
-0.9000
-0.9000
-0.9000
-0.9000
-0.9000
-0.9000
-0.9000
-0.9000
-0.9000
-0.9000
-0.9000
-0.9000
-0.9000
-0.9000
-0.9000
-0.9000
-0.9000
-0.9000
-0.9000
-0.9000
-0.9000
-0.9000
-0.9000
-0.9000
-0.9000
-0.9000
-0.9000
-0.9000
-0.9000
-0.9000
-0.9000
-0.9000
-0.9000
-0.9000
-0.9000
-0.9000
-0.9000
-0.9000
-0.9000
-0.9000
-0.9000
-0.9000
-0.9000
-0.9000
-0.9000
-0.9000
-0.9000
-0.9000
-0.9000
-0.9000
-0.9000
-0.9000
-0.9000
-0.9000
-0.9000
-0.9000
-0.9000
-0.9000
-0.9000
-0.9000
-0.9000
-0.9000
-0.9000
-0.9000
-0.9000
-0.9000
-0.9000
-0.9000
-0.9000
-0.9000
-0.9000
-0.9000
-0.9000
-0.9000
-0.9000
-0.9000
-0.9000
-0.9000
-0.9000
-0.9000
-0.9000
-0.9000
-0.9000
-0.9000
-0.9000
-0.9000
-0.9000
-0.9000
-0.9000
-0.9000
-0.9000
-0.9000
-0.9000
-0.9000
-0.9000
-0.9000
-0.9000
-0.9000
-0.9000
-0.9000
-0.9000
-0.9000
-0.9000
-0.9000
-0.9000
-0.9000
-0.9000
-0.9000
-0.9000
-0.9000
-0.9000
-0.9000
-0.9000
-0.9000
-0.9000
-0.9000
-0.9000
-0.9000
-0.9000
-0.9000
-0.9000
-0.9000
-0.9000
-0.9000
-0.9000
-0.9000
-0.9000
-0.9000
-0.9000
-0.9000
-0.9000
-0.9000
-0.9000
-0.9000
-0.9000
-0.9000
-0.9000
-0.9000
-0.9000
-0.9000
-0.9000
-0.9000
-0.9000
-0.9000
-0.9000
-0.9000
-0.9000
-0.9000
-0.9000
-0.9000
-0.9000
-0.9000
-0.9000
-0.9000
-0.9000
-0.9000
-0.9000
-0.9000
-0.9000
-0.9000
-0.9000
-0.9000
-0.9000
-0.9000
-0.9000
-0.9000
-0.9000
-0.9000
-0.9000
-0.9000
-0.9000
-0.9000
-0.9000
-0.9000
-0.9000
-0.9000
-0.9000
-0.9000
-0.9000
-0.9000
-0.9000
-0.9000
-0.9000
-0.9000
-0.9000
-0.9000
-0.9000
-0.9000
-0.9000
-0.9000
-0.9000
-0.9000
-0.9000
-0.9000
-0.9000
-0.9000
-0.9000
-0.9000
-0.9000
-0.9000
-0.9000
-0.9000
-0.9000
-0.9000
-0.9000
-0.9000
-0.9000
-0.9000
-0.9000
-0.9000
-0.9000
-0.9000
-0.9000
-0.9000
-0.9000
-0.9000
-0.9000
-0.9000
-0.9000
-0.9000
-0.9000
-0.9000
-0.9000
-0.9000
-0.9000
-0.9000
-0.9000
-0.9000
-0.9000
-0.9000
-0.9000
-0.9000
-0.9000
-0.9000
-0.9000
-0.9000
-0.9000
-0.9000
-0.9000
-0.9000
-0.9000
-0.9000