0.0281
0.0281
0.0280
0.0279
0.0277
0.0274
0.0271
0.0267
0.0263
0.0258
0.0252
0.0246
0.0239
0.0232
0.0224
0.0215
0.0206
0.0197
0.0186
0.0176
0.0164
0.0152
0.0140
0.0126
0.0113
0.0098
0.0083
0.0068
0.0052
0.0035
0.0018
-0.0000
-0.0019
-0.0038
-0.0057
-0.0077
-0.0098
-0.0120
-0.0141
-0.0164
-0.0187
-0.0211
-0.0235
-0.0260
-0.0286
-0.0312
-0.0338
-0.0365
-0.0393
-0.0422
-0.0451
-0.0480
-0.0510
-0.0541
-0.0572
-0.0604
-0.0637
-0.0670
-0.0704
-0.0738
-0.0773
-0.0808
-0.0844
-0.0881
-0.0918
-0.0956
-0.0994
-0.1033
-0.1072
-0.1112
-0.1153
-0.1194
-0.1236
-0.1279
-0.1322
-0.1365
-0.1409
-0.1454
-0.1499
-0.1545
-0.1592
-0.1639
-0.1687
-0.1735
-0.1784
-0.1833
-0.1883
-0.1934
-0.1985
-0.2037
-0.2089
-0.2142
-0.2196
-0.2250
-0.2304
-0.2360
-0.2415
-0.2472
-0.2529
-0.2586
-0.2645
-0.2703
-0.2763
-0.2823
-0.2883
-0.2944
-0.3006
-0.3068
-0.3131
-0.3194
-0.3258
-0.3323
-0.3388
-0.3454
-0.3520
-0.3587
-0.3654
-0.3722
-0.3791
-0.3860
-0.3930
-0.4000
-0.4071
-0.4143
-0.4215
-0.4288
-0.4361
-0.4435
-0.4509
-0.4584
-0.4660
-0.4736
-0.4813
-0.4890
-0.4968
-0.5046
-0.5125
-0.5205
-0.5285
-0.5366
-0.5447
-0.5529
-0.5612
-0.5695
-0.5779
-0.5863
-0.5948
-0.6033
-0.6119
-0.6206
-0.6293
-0.6380
-0.6469
-0.6557
-0.6647
-0.6737
-0.6827
-0.6919
-0.7010
-0.7103
-0.7195
-0.7289
-0.7383
-0.7477
-0.7573
-0.7668
-0.7765
-0.7862
-0.7959
-0.8057
-0.8156
-0.8255
-0.8354
-0.8455
-0.8556
-0.8657
-0.8759
-0.8862
-0.8965
-0.9000
-0.8911
-0.8823
-0.8736
-0.8649
-0.8562
-0.8477
-0.8391
-0.8307
-0.8223
-0.8139
-0.8056
-0.7974
-0.7892
-0.7811
-0.7730
-0.7650
-0.7570
-0.7491
-0.7413
-0.7335
-0.7258
-0.7181
-0.7105
-0.7030
-0.6955
-0.6880
-0.6806
-0.6733
-0.6661
-0.6588
-0.6517
-0.6446
-0.6376
-0.6306
-0.6237
-0.6168
-0.6100
-0.6032
-0.5966
-0.5899
-0.5833
-0.5768
-0.5704
-0.5640
-0.5576
-0.5513
-0.5451
-0.5389
-0.5328
-0.5268
-0.5208
-0.5148
-0.5089
-0.5031
-0.4973
-0.4916
-0.4860
-0.4804
-0.4749
-0.4694
-0.4640
-0.4586
-0.4533
-0.4480
-0.4429
-0.4377
-0.4326
-0.4276
-0.4227
-0.4178
-0.4129
-0.4081
-0.4034
-0.3988
-0.3941
-0.3896
-0.3851
-0.3807
-0.3763
-0.3720
-0.3677
-0.3635
-0.3594
-0.3553
-0.3512
-0.3473
-0.3433
-0.3395
-0.3357
-0.3320
-0.3283
-0.3247
-0.3211
-0.3176
-0.3141
-0.3107
-0.3074
-0.3041
-0.3009
-0.2978
-0.2947
-0.2916
-0.2886
-0.2857
-0.2828
-0.2800
-0.2773
-0.2746
-0.2719
-0.2694
-0.2669
-0.2644
-0.2620
-0.2596
-0.2574
-0.2551
-0.2530
-0.2509
-0.2488
-0.2468
-0.2449
-0.2430
-0.2412
-0.2394
-0.2377
-0.2361
-0.2345
-0.2329
-0.2315
-0.2301
-0.2287
-0.2274
-0.2262
-0.2250
-0.2239
-0.2228
-0.2218
-0.2209
-0.2200
-0.2191
-0.2184
-0.2177
-0.2170
-0.2164
-0.2159
-0.2154
-0.2150
-0.2146
-0.2143
-0.2141
-0.2139
-0.2137
-0.2137
-0.2136
-0.2137
-0.2138
-0.2140
-0.2142
-0.2144
-0.2148
-0.2152
-0.2156
-0.2161
-0.2167
-0.2173
-0.2180
-0.2188
-0.2196
-0.2204
-0.2213
-0.2223
-0.2234
-0.2245
-0.2256
-0.2268
-0.2281
-0.2294
-0.2308
-0.2322
-0.2337
-0.2353
-0.2369
-0.2386
-0.2403
-0.2421
-0.2440
-0.2459
-0.2478
-0.2499
-0.2519
-0.2541
-0.2563
-0.2585
-0.2609
-0.2632
-0.2657
-0.2682
-0.2707
-0.2733
-0.2760
-0.2787
-0.2815
-0.2843
-0.2872
-0.2902
-0.2932
-0.2963
-0.2994
-0.3026
-0.3058
-0.3091
-0.3125
-0.3159
-0.3194
-0.3229
-0.3265
-0.3302
-0.3339
-0.3377
-0.3415
-0.3454
-0.3493
-0.3533
-0.3574
-0.3615
-0.3657
-0.3699
-0.3742
-0.3786
-0.3830
-0.3874
-0.3920
-0.3965
-0.4012
-0.4059
-0.4106
-0.4155
-0.4203
-0.4253
-0.4302
-0.4353
-0.4404
-0.4456
-0.4508
-0.4561
-0.4614
-0.4668
-0.4722
-0.4777
-0.4833
-0.4889
-0.4946
-0.5004
-0.5062
-0.5120
-0.5179
-0.5239
-0.5299
-0.5360
-0.5422
-0.5484
-0.5546
-0.5609
-0.5673
-0.5737
-0.5802
-0.5868
-0.5934
-0.6000
-0.6068
-0.6135
-0.6204
-0.6273
-0.6342
-0.6412
-0.6483
-0.6554
-0.6626
-0.6698
-0.6771
-0.6845
-0.6919
-0.6994
-0.7069
-0.7145
-0.7221
-0.7298
-0.7376
-0.7454
-0.7532
-0.7612
-0.7692
-0.7772
-0.7853
-0.7935
-0.8017
-0.8099
-0.8183
-0.8266
-0.8351
-0.8436
-0.8521
-0.8607
-0.8694
-0.8781
-0.8869
-0.8958
-0.9000
-0.8924
-0.8849
-0.8774
-0.8700
-0.8626
-0.8553
-0.8480
-0.8408
-0.8337
-0.8266
-0.8196
-0.8126
-0.8057
-0.7988
-0.7920
-0.7853
-0.7786
-0.7720
-0.7654
-0.7589
-0.7524
-0.7460
-0.7397
-0.7334
-0.7272
-0.7210
-0.7149
-0.7088
-0.7028
-0.6969
-0.6910
-0.6852
-0.6794
-0.6737
-0.6680
-0.6624
-0.6569
-0.6514
-0.6460
-0.6406
-0.6353
-0.6301
-0.6249
-0.6197
-0.6147
-0.6096
-0.6047
-0.5998
-0.5949
-0.5901
-0.5854
-0.5807
-0.5761
-0.5715
-0.5670
-0.5626
-0.5582
-0.5539
-0.5496
-0.5454
-0.5412
-0.5371
-0.5331
-0.5291
-0.5252
-0.5213
-0.5175
-0.5137
-0.5100
-0.5064
-0.5028
-0.4993
-0.4958
-0.4924
-0.4891
-0.4858
-0.4826
-0.4794
-0.4763
-0.4732
-0.4702
-0.4673
-0.4644
-0.4616
-0.4588
-0.4561
-0.4534
-0.4508
-0.4483
-0.4458
-0.4434
-0.4410
-0.4387
-0.4365
-0.4343
-0.4321
-0.4301
-0.4280
-0.4261
-0.4242
-0.4223
-0.4205
-0.4188
-0.4171
-0.4155
-0.4140
-0.4125
-0.4110
-0.4097
-0.4083
-0.4071
-0.4059
-0.4047
-0.4036
-0.4026
-0.4016
-0.4007
-0.3998
-0.3990
-0.3983
-0.3976
-0.3970
-0.3964
-0.3959
-0.3955
-0.3951
-0.3947
-0.3944
-0.3942
-0.3941
-0.3940
-0.3939
-0.3939
-0.3940
-0.3941
-0.3943
-0.3945
-0.3948
-0.3952
-0.3956
-0.3961
-0.3966
-0.3972
-0.3979
-0.3986
-0.3993
-0.4002
-0.4010
-0.4020
-0.4030
-0.4040
-0.4051
-0.4063
-0.4075
-0.4088
-0.4102
-0.4116
-0.4130
-0.4145
-0.4161
-0.4178
-0.4194
-0.4212
-0.4230
-0.4249
-0.4268
-0.4288
-0.4308
-0.4329
-0.4351
-0.4373
-0.4396
-0.4419
-0.4443
-0.4467
-0.4492
-0.4518
-0.4544
-0.4571
-0.4598
-0.4626
-0.4654
-0.4684
-0.4713
-0.4743
-0.4774
-0.4806
-0.4838
-0.4870
-0.4903
-0.4937
-0.4971
-0.5006
-0.5042
-0.5078
-0.5114
-0.5151
-0.5189
-0.5227
-0.5266
-0.5306
-0.5346
-0.5386
-0.5428
-0.5469
-0.5512
-0.5555
-0.5598
-0.5642
-0.5687
-0.5732
-0.5778
-0.5824
-0.5871
-0.5919
-0.5967
-0.6016
-0.6065
-0.6115
-0.6165
-0.6216
-0.6268
-0.6320
-0.6373
-0.6426
-0.6480
-0.6535
-0.6590
-0.6645
-0.6701
-0.6758
-0.6815
-0.6873
-0.6932
-0.6991
-0.7050
-0.7111
-0.7171
-0.7233
-0.7295
-0.7357
-0.7420
-0.7484
-0.7548
-0.7613
-0.7678
-0.7744
-0.7811
-0.7878
-0.7945
-0.8014
-0.8082
-0.8152
-0.8222
-0.8292
-0.8363
-0.8435
-0.8507
-0.8580
-0.8653
-0.8727
-0.8801
-0.8877
-0.8952
-0.9000
-0.8935
-0.8871
-0.8807
-0.8743
-0.8681
-0.8619
-0.8557
-0.8496
-0.8436
-0.8376
-0.8316
-0.8258
-0.8200
-0.8142
-0.8085
-0.8028
-0.7973
-0.7917
-0.7863
-0.7808
-0.7755
-0.7702
-0.7649
-0.7597
-0.7546
-0.7495
-0.7445
-0.7396
-0.7347
-0.7298
-0.7250
-0.7203
-0.7156
-0.7110
-0.7065
-0.7020
-0.6975
-0.6931
-0.6888
-0.6845
-0.6803
-0.6762
-0.6721
-0.6680
-0.6641
-0.6601
-0.6563
-0.6524
-0.6487
-0.6450
-0.6414
-0.6378
-0.6343
-0.6308
-0.6274
-0.6240
-0.6207
-0.6175
-0.6143
-0.6112
-0.6081
-0.6051
-0.6022
-0.5993
-0.5965
-0.5937
-0.5910
-0.5883
-0.5857
-0.5832
-0.5807
-0.5782
-0.5759
-0.5736
-0.5713
-0.5691
-0.5670
-0.5649
-0.5628
-0.5609
-0.5590
-0.5571
-0.5553
-0.5536
-0.5519
-0.5503
-0.5487
-0.5472
-0.5457
-0.5444
-0.5430
-0.5417
-0.5405
-0.5394
-0.5383
-0.5372
-0.5362
-0.5353
-0.5344
-0.5336
-0.5329
-0.5322
-0.5315
-0.5309
-0.5304
-0.5299
-0.5295
-0.5292
-0.5289
-0.5286
-0.5285
-0.5283
-0.5283
-0.5283
-0.5283
-0.5284
-0.5286
-0.5288
-0.5291
-0.5294
-0.5298
-0.5303
-0.5308
-0.5314
-0.5320
-0.5327
-0.5334
-0.5342
-0.5351
-0.5360
-0.5370
-0.5380
-0.5391
-0.5402
-0.5415
-0.5427
-0.5440
-0.5454
-0.5468
-0.5483
-0.5499
-0.5515
-0.5532
-0.5549
-0.5567
-0.5585
-0.5604
-0.5624
-0.5644
-0.5665
-0.5686
-0.5708
-0.5730
-0.5753
-0.5777
-0.5801
-0.5826
-0.5851
-0.5877
-0.5903
-0.5930
-0.5958
-0.5986
-0.6015
-0.6044
-0.6074
-0.6105
-0.6136
-0.6167
-0.6200
-0.6232
-0.6266
-0.6300
-0.6334
-0.6369
-0.6405
-0.6441
-0.6478
-0.6515
-0.6553
-0.6592
-0.6631
-0.6671
-0.6711
-0.6752
-0.6793
-0.6835
-0.6878
-0.6921
-0.6965
-0.7009
-0.7054
-0.7099
-0.7145
-0.7192
-0.7239
-0.7287
-0.7335
-0.7384
-0.7433
-0.7483
-0.7534
-0.7585
-0.7637
-0.7689
-0.7742
-0.7796
-0.7850
-0.7904
-0.7959
-0.8015
-0.8071
-0.8128
-0.8186
-0.8244
-0.8302
-0.8362
-0.8421
-0.8482
-0.8542
-0.8604
-0.8666
-0.8728
-0.8792
-0.8855
-0.8920
-0.8984
-0.9000
-0.8944
-0.8889
-0.8834
-0.8780
-0.8727
-0.8674
-0.8622
-0.8570
-0.8519
-0.8468
-0.8418
-0.8369
-0.8320
-0.8271
-0.8224
-0.8177
-0.8130
-0.8084
-0.8038
-0.7993
-0.7949
-0.7905
-0.7862
-0.7820
-0.7778
-0.7736
-0.7695
-0.7655
-0.7615
-0.7576
-0.7537
-0.7499
-0.7462
-0.7425
-0.7388
-0.7353
-0.7318
-0.7283
-0.7249
-0.7215
-0.7182
-0.7150
-0.7118
-0.7087
-0.7057
-0.7027
-0.6997
-0.6968
-0.6940
-0.6912
-0.6885
-0.6859
-0.6832
-0.6807
-0.6782
-0.6758
-0.6734
-0.6711
-0.6688
-0.6666
-0.6645
-0.6624
-0.6604
-0.6584
-0.6565
-0.6547
-0.6529
-0.6511
-0.6494
-0.6478
-0.6462
-0.6447
-0.6433
-0.6419
-0.6406
-0.6393
-0.6381
-0.6369
-0.6358
-0.6347
-0.6337
-0.6328
-0.6319
-0.6311
-0.6303
-0.6296
-0.6290
-0.6284
-0.6279
-0.6274
-0.6270
-0.6266
-0.6263
-0.6261
-0.6259
-0.6258
-0.6257
-0.6257
-0.6257
-0.6258
-0.6260
-0.6262
-0.6265
-0.6268
-0.6272
-0.6276
-0.6281
-0.6287
-0.6293
-0.6300
-0.6307
-0.6315
-0.6323
-0.6333
-0.6342
-0.6352
-0.6363
-0.6375
-0.6386
-0.6399
-0.6412
-0.6426
-0.6440
-0.6455
-0.6470
-0.6486
-0.6503
-0.6520
-0.6537
-0.6556
-0.6574
-0.6594
-0.6614
-0.6634
-0.6656
-0.6677
-0.6699
-0.6722
-0.6746
-0.6770
-0.6794
-0.6819
-0.6845
-0.6871
-0.6898
-0.6926
-0.6954
-0.6982
-0.7012
-0.7041
-0.7072
-0.7102
-0.7134
-0.7166
-0.7199
-0.7232
-0.7265
-0.7300
-0.7335
-0.7370
-0.7406
-0.7443
-0.7480
-0.7518
-0.7556
-0.7595
-0.7634
-0.7675
-0.7715
-0.7756
-0.7798
-0.7840
-0.7883
-0.7927
-0.7971
-0.8015
-0.8061
-0.8106
-0.8153
-0.8200
-0.8247
-0.8295
-0.8344
-0.8393
-0.8443
-0.8493
-0.8544
-0.8595
-0.8647
-0.8700
-0.8753
-0.8807
-0.8861
-0.8916
-0.8972
-0.9000
-0.8952
-0.8905
-0.8859
-0.8813
-0.8767
-0.8723
-0.8678
-0.8635
-0.8592
-0.8549
-0.8507
-0.8466
-0.8425
-0.8385
-0.8345
-0.8306
-0.8267
-0.8229
-0.8192
-0.8155
-0.8119
-0.8083
-0.8048
-0.8014
-0.7980
-0.7946
-0.7914
-0.7881
-0.7850
-0.7818
-0.7788
-0.7758
-0.7729
-0.7700
-0.7672
-0.7644
-0.7617
-0.7590
-0.7564
-0.7539
-0.7514
-0.7490
-0.7466
-0.7443
-0.7420
-0.7399
-0.7377
-0.7356
-0.7336
-0.7316
-0.7297
-0.7279
-0.7261
-0.7243
-0.7227
-0.7210
-0.7195
-0.7180
-0.7165
-0.7151
-0.7138
-0.7125
-0.7113
-0.7101
-0.7090
-0.7080
-0.7070
-0.7060
-0.7052
-0.7043
-0.7036
-0.7029
-0.7022
-0.7016
-0.7011
-0.7006
-0.7002
-0.6998
-0.6995
-0.6993
-0.6991
-0.6990
-0.6989
-0.6989
-0.6989
-0.6990
-0.6992
-0.6994
-0.6997
-0.7000
-0.7004
-0.7008
-0.7013
-0.7019
-0.7025
-0.7032
-0.7039
-0.7047
-0.7055
-0.7064
-0.7074
-0.7084
-0.7095
-0.7106
-0.7118
-0.7130
-0.7143
-0.7157
-0.7171
-0.7186
-0.7201
-0.7217
-0.7233
-0.7250
-0.7268
-0.7286
-0.7305
-0.7324
-0.7344
-0.7365
-0.7386
-0.7407
-0.7429
-0.7452
-0.7475
-0.7499
-0.7524
-0.7549
-0.7574
-0.7601
-0.7627
-0.7655
-0.7683
-0.7711
-0.7740
-0.7770
-0.7800
-0.7831
-0.7862
-0.7894
-0.7927
-0.7960
-0.7993
-0.8027
-0.8062
-0.8097
-0.8133
-0.8170
-0.8207
-0.8245
-0.8283
-0.8321
-0.8361
-0.8401
-0.8441
-0.8482
-0.8524
-0.8566
-0.8609
-0.8652
-0.8696
-0.8740
-0.8785
-0.8831
-0.8877
-0.8924
-0.8971
-0.9000
-0.8959
-0.8919
-0.8880
-0.8841
-0.8802
-0.8765
-0.8727
-0.8691
-0.8655
-0.8619
-0.8584
-0.8550
-0.8516
-0.8483
-0.8450
-0.8418
-0.8387
-0.8356
-0.8325
-0.8295
-0.8266
-0.8237
-0.8209
-0.8182
-0.8155
-0.8128
-0.8103
-0.8077
-0.8053
-0.8029
-0.8005
-0.7982
-0.7960
-0.7938
-0.7917
-0.7896
-0.7876
-0.7856
-0.7837
-0.7819
-0.7801
-0.7784
-0.7767
-0.7751
-0.7735
-0.7720
-0.7706
-0.7692
-0.7679
-0.7666
-0.7654
-0.7643
-0.7632
-0.7621
-0.7611
-0.7602
-0.7594
-0.7585
-0.7578
-0.7571
-0.7565
-0.7559
-0.7553
-0.7549
-0.7545
-0.7541
-0.7538
-0.7536
-0.7534
-0.7533
-0.7532
-0.7532
-0.7533
-0.7534
-0.7535
-0.7537
-0.7540
-0.7544
-0.7547
-0.7552
-0.7557
-0.7563
-0.7569
-0.7576
-0.7583
-0.7591
-0.7599
-0.7608
-0.7618
-0.7628
-0.7639
-0.7650
-0.7662
-0.7675
-0.7688
-0.7701
-0.7716
-0.7730
-0.7746
-0.7762
-0.7778
-0.7795
-0.7813
-0.7831
-0.7850
-0.7869
-0.7889
-0.7910
-0.7931
-0.7952
-0.7975
-0.7997
-0.8021
-0.8045
-0.8069
-0.8094
-0.8120
-0.8146
-0.8173
-0.8200
-0.8228
-0.8257
-0.8286
-0.8315
-0.8346
-0.8376
-0.8408
-0.8440
-0.8472
-0.8505
-0.8539
-0.8573
-0.8608
-0.8643
-0.8679
-0.8715
-0.8752
-0.8790
-0.8828
-0.8867
-0.8906
-0.8946
-0.8987
-0.9000
-0.8965
-0.8931
-0.8897
-0.8864
-0.8832
-0.8800
-0.8769
-0.8738
-0.8708
-0.8678
-0.8649
-0.8621
-0.8593
-0.8565
-0.8538
-0.8512
-0.8487
-0.8462
-0.8437
-0.8413
-0.8390
-0.8367
-0.8345
-0.8323
-0.8302
-0.8282
-0.8262
-0.8242
-0.8223
-0.8205
-0.8188
-0.8170
-0.8154
-0.8138
-0.8123
-0.8108
-0.8094
-0.8080
-0.8067
-0.8054
-0.8042
-0.8031
-0.8020
-0.8010
-0.8000
-0.7991
-0.7983
-0.7975
-0.7967
-0.7960
-0.7954
-0.7949
-0.7943
-0.7939
-0.7935
-0.7932
-0.7929
-0.7927
-0.7925
-0.7924
-0.7923
-0.7923
-0.7924
-0.7925
-0.7927
-0.7929
-0.7932
-0.7936
-0.7940
-0.7944
-0.7949
-0.7955
-0.7962
-0.7968
-0.7976
-0.7984
-0.7993
-0.8002
-0.8011
-0.8022
-0.8033
-0.8044
-0.8056
-0.8069
-0.8082
-0.8096
-0.8110
-0.8125
-0.8140
-0.8157
-0.8173
-0.8190
-0.8208
-0.8226
-0.8245
-0.8265
-0.8285
-0.8305
-0.8327
-0.8348
-0.8371
-0.8393
-0.8417
-0.8441
-0.8466
-0.8491
-0.8516
-0.8543
-0.8570
-0.8597
-0.8625
-0.8654
-0.8683
-0.8713
-0.8743
-0.8774
-0.8805
-0.8837
-0.8870
-0.8903
-0.8936
-0.8971
-0.9000
-0.8971
-0.8942
-0.8913
-0.8886
-0.8859
-0.8832
-0.8806
-0.8780
-0.8756
-0.8731
-0.8708
-0.8684
-0.8662
-0.8640
-0.8618
-0.8597
-0.8577
-0.8557
-0.8538
-0.8519
-0.8501
-0.8484
-0.8467
-0.8451
-0.8435
-0.8420
-0.8405
-0.8391
-0.8377
-0.8365
-0.8352
-0.8340
-0.8329
-0.8319
-0.8309
-0.8299
-0.8290
-0.8282
-0.8274
-0.8267
-0.8260
-0.8254
-0.8249
-0.8244
-0.8239
-0.8235
-0.8232
-0.8230
-0.8227
-0.8226
-0.8225
-0.8225
-0.8225
-0.8226
-0.8227
-0.8229
-0.8231
-0.8234
-0.8238
-0.8242
-0.8247
-0.8252
-0.8258
-0.8265
-0.8272
-0.8279
-0.8288
-0.8296
-0.8306
-0.8316
-0.8326
-0.8337
-0.8349
-0.8361
-0.8374
-0.8387
-0.8401
-0.8415
-0.8430
-0.8446
-0.8462
-0.8479
-0.8496
-0.8514
-0.8532
-0.8552
-0.8571
-0.8591
-0.8612
-0.8633
-0.8655
-0.8678
-0.8701
-0.8724
-0.8748
-0.8773
-0.8798
-0.8824
-0.8851
-0.8878
-0.8905
-0.8933
-0.8962
-0.8991
-0.9000
-0.8975
-0.8950
-0.8926
-0.8903
-0.8880
-0.8858
-0.8836
-0.8815
-0.8794
-0.8774
-0.8755
-0.8736
-0.8718
-0.8700
-0.8683
-0.8666
-0.8650
-0.8635
-0.8620
-0.8606
-0.8592
-0.8579
-0.8566
-0.8554
-0.8542
-0.8532
-0.8521
-0.8511
-0.8502
-0.8494
-0.8486
-0.8478
-0.8471
-0.8465
-0.8459
-0.8454
-0.8449
-0.8445
-0.8442
-0.8439
-0.8436
-0.8435
-0.8434
-0.8433
-0.8433
-0.8433
-0.8434
-0.8436
-0.8438
-0.8441
-0.8444
-0.8448
-0.8453
-0.8458
-0.8463
-0.8470
-0.8476
-0.8484
-0.8492
-0.8500
-0.8509
-0.8519
-0.8529
-0.8540
-0.8551
-0.8563
-0.8575
-0.8589
-0.8602
-0.8616
-0.8631
-0.8646
-0.8662
-0.8679
-0.8696
-0.8713
-0.8731
-0.8750
-0.8770
-0.8789
-0.8810
-0.8831
-0.8852
-0.8875
-0.8897
-0.8921
-0.8944
-0.8969
-0.8994
-0.9000
-0.8979
-0.8958
-0.8937
-0.8918
-0.8898
-0.8880
-0.8862
-0.8844
-0.8827
-0.8811
-0.8795
-0.8780
-0.8765
-0.8751
-0.8738
-0.8725
-0.8713
-0.8701
-0.8690
-0.8679
-0.8669
-0.8659
-0.8651
-0.8642
-0.8634
-0.8627
-0.8620
-0.8614
-0.8609
-0.8604
-0.8600
-0.8596
-0.8593
-0.8590
-0.8588
-0.8586
-0.8585
-0.8585
-0.8585
-0.8586
-0.8587
-0.8589
-0.8591
-0.8595
-0.8598
-0.8602
-0.8607
-0.8612
-0.8618
-0.8625
-0.8632
-0.8639
-0.8647
-0.8656
-0.8665
-0.8675
-0.8686
-0.8697
-0.8708
-0.8720
-0.8733
-0.8746
-0.8760
-0.8775
-0.8790
-0.8805
-0.8821
-0.8838
-0.8855
-0.8873
-0.8892
-0.8910
-0.8930
-0.8950
-0.8971
-0.8992
-0.9000
-0.8982
-0.8964
-0.8947
-0.8930
-0.8915
-0.8899
-0.8884
-0.8870
-0.8856
-0.8843
-0.8831
-0.8819
-0.8807
-0.8797
-0.8786
-0.8777
-0.8767
-0.8759
-0.8751
-0.8743
-0.8737
-0.8730
-0.8725
-0.8719
-0.8715
-0.8711
-0.8707
-0.8705
-0.8702
-0.8701
-0.8699
-0.8699
-0.8699
-0.8699
-0.8700
-0.8702
-0.8704
-0.8707
-0.8711
-0.8715
-0.8719
-0.8724
-0.8730
-0.8736
-0.8743
-0.8750
-0.8758
-0.8767
-0.8776
-0.8786
-0.8796
-0.8807
-0.8818
-0.8830
-0.8842
-0.8855
-0.8869
-0.8883
-0.8898
-0.8913
-0.8929
-0.8946
-0.8963
-0.8981
-0.8999
-0.9000
-0.8984
-0.8969
-0.8955
-0.8941
-0.8928
-0.8915
-0.8903
-0.8891
-0.8880
-0.8870
-0.8860
-0.8850
-0.8841
-0.8833
-0.8826
-0.8819
-0.8812
-0.8806
-0.8801
-0.8796
-0.8792
-0.8788
-0.8785
-0.8782
-0.8781
-0.8779
-0.8778
-0.8778
-0.8778
-0.8779
-0.8781
-0.8783
-0.8785
-0.8789
-0.8792
-0.8797
-0.8802
-0.8807
-0.8813
-0.8820
-0.8827
-0.8834
-0.8843
-0.8852
-0.8861
-0.8871
-0.8882
-0.8893
-0.8904
-0.8917
-0.8930
-0.8943
-0.8957
-0.8971
-0.8987
-0.9000
-0.8987
-0.8975
-0.8963
-0.8952
-0.8941
-0.8931
-0.8921
-0.8912
-0.8904
-0.8896
-0.8889
-0.8882
-0.8876
-0.8870
-0.8865
-0.8861
-0.8857
-0.8854
-0.8851
-0.8849
-0.8847
-0.8846
-0.8846
-0.8846
-0.8847
-0.8848
-0.8850
-0.8852
-0.8855
-0.8859
-0.8863
-0.8867
-0.8873
-0.8878
-0.8885
-0.8892
-0.8899
-0.8907
-0.8916
-0.8925
-0.8935
-0.8945
-0.8956
-0.8968
-0.8980
-0.8992
-0.9000
-0.8989
-0.8979
-0.8969
-0.8960
-0.8952
-0.8944
-0.8936
-0.8929
-0.8923
-0.8917
-0.8912
-0.8908
-0.8904
-0.8900
-0.8897
-0.8895
-0.8893
-0.8892
-0.8892
-0.8892
-0.8892
-0.8893
-0.8895
-0.8897
-0.8900
-0.8903
-0.8907
-0.8912
-0.8917
-0.8923
-0.8929
-0.8936
-0.8943
-0.8951
-0.8959
-0.8969
-0.8978
-0.8988
-0.8999
-0.9000
-0.8991
-0.8982
-0.8974
-0.8966
-0.8960
-0.8953
-0.8947
-0.8942
-0.8937
-0.8933
-0.8930
-0.8927
-0.8924
-0.8922
-0.8921
-0.8920
-0.8920
-0.8921
-0.8922
-0.8923
-0.8925
-0.8928
-0.8931
-0.8935
-0.8940
-0.8945
-0.8950
-0.8956
-0.8963
-0.8970
-0.8978
-0.8987
-0.8995
-0.9000
-0.8992
-0.8985
-0.8979
-0.8973
-0.8967
-0.8963
-0.8958
-0.8955
-0.8951
-0.8949
-0.8947
-0.8946
-0.8945
-0.8944
-0.8945
-0.8946
-0.8947
-0.8949
-0.8952
-0.8955
-0.8958
-0.8963
-0.8968
-0.8973
-0.8979
-0.8985
-0.8993
-0.9000
-0.8994
-0.8988
-0.8983
-0.8979
-0.8975
-0.8972
-0.8969
-0.8967
-0.8966
-0.8965
-0.8964
-0.8965
-0.8965
-0.8967
-0.8968
-0.8971
-0.8974
-0.8978
-0.8982
-0.8986
-0.8992
-0.8998
-0.9000
-0.8995
-0.8991
-0.8987
-0.8983
-0.8981
-0.8979
-0.8977
-0.8976
-0.8975
-0.8976
-0.8976
-0.8978
-0.8979
-0.8982
-0.8985
-0.8988
-0.8992
-0.8997
-0.9000
-0.8996
-0.8993
-0.8990
-0.8988
-0.8986
-0.8985
-0.8984
-0.8984
-0.8985
-0.8986
-0.8988
-0.8990
-0.8993
-0.8996
-0.9000
-0.8997
-0.8995
-0.8993
-0.8992
-0.8991
-0.8991
-0.8992
-0.8993
-0.8994
-0.8997
-0.8999
-0.9000
-0.8998
-0.8996
-0.8995
-0.8994
-0.8994
-0.8994
-0.8995
-0.8997
-0.8999
-0.9000
-0.8998
-0.8997
-0.8996
-0.8996
-0.8996
-0.8997
-0.8999
-0.9000
-0.8999
-0.8998
-0.8998
-0.8998
-0.8999
-0.9000
-0.8999
-0.8999
-0.8999
-0.9000
-0.9000
-0.9000
-0.9000
-0.9000
-0.9000
-0.9000
-0.9000
-0.9000
-0.9000
-0.9000
-0.9000
-0.9000
-0.9000
-0.9000
-0.9000
-0.9000
-0.9000
-0.9000
-0.9000
-0.9000
-0.9000
-0.9000
-0.9000
-0.9000
-0.9000
-0.9000
-0.9000
-0.9000
-0.9000
-0.9000
-0.9000
-0.9000
-0.9000
-0.9000
-0.9000
-0.9000
-0.9000
-0.9000
-0.9000
-0.9000
-0.9000
-0.9000
-0.9000
-0.9000
-0.9000
-0.9000
-0.9000
-0.9000
-0.9000
-0.9000
-0.9000
-0.9000
-0.9000
-0.9000
-0.9000
-0.9000
-0.9000
-0.9000
-0.9000
-0.9000
-0.9000
-0.9000
-0.9000
-0.9000
-0.9000
-0.9000
-0.9000
-0.9000
-0.9000
-0.9000
-0.9000
-0.9000
-0.9000
-0.9000
-0.9000
-0.9000
-0.9000
-0.9000
-0.9000
-0.9000
-0.9000
-0.9000
-0.9000
-0.9000
-0.9000
-0.9000
-0.9000
-0.9000
-0.9000
-0.9000
-0.9000
-0.9000
-0.9000
-0.9000
-0.9000
-0.9000
-0.9000
-0.9000
-0.9000
-0.9000
-0.9000
-0.9000
-0.9000
-0.9000
-0.9000
-0.9000
-0.9000
-0.9000
-0.9000
-0.9000
-0.9000
-0.9000
-0.9000
-0.9000
-0.9000
-0.9000
-0.9000
-0.9000
-0.9000
-0.9000
-0.9000
-0.9000
-0.9000
-0.9000
-0.9000
-0.9000
-0.9000
-0.9000
-0.9000
-0.9000
-0.9000
-0.9000
-0.9000
-0.9000
-0.9000
-0.9000
-0.9000
-0.9000
-0.9000
-0.9000
-0.9000
-0.9000
-0.9000
-0.9000
-0.9000
-0.9000
-0.9000
-0.9000
-0.9000
-0.9000
-0.9000
-0.9000
-0.9000
-0.9000
-0.9000
-0.9000
-0.9000
-0.9000
-0.9000
-0.9000
-0.9000
-0.9000
-0.9000
-0.9000
-0.9000
-0.9000
-0.9000
-0.9000
-0.9000
-0.9000
-0.9000
-0.9000
-0.9000
-0.9000
-0.9000
-0.9000
-0.9000
-0.9000
-0.9000
-0.9000
-0.9000
-0.9000
-0.9000
-0.9000
-0.9000
-0.9000
-0.9000
-0.9000
-0.9000
-0.9000
-0.9000
-0.9000
-0.9000
-0.9000
-0.9000
-0.9000
-0.9000
-0.9000
-0.9000
-0.9000
-0.9000
-0.9000
-0.9000
-0.9000
-0.9000
-0.9000
-0.9000
-0.9000
-0.9000
-0.9000
-0.9000
-0.9000
-0.9000
-0.9000
-0.9000
-0.9000
-0.9000
-0.9000
-0.9000
-0.9000
-0.9000
-0.9000
-0.9000
-0.9000
-0.9000
-0.9000
-0.9000
-0.9000
-0.9000
-0.9000
-0.9000
-0.9000
-0.9000
-0.9000
-0.9000
-0.9000
-0.9000
-0.9000
-0.9000
-0.9000
-0.9000
-0.9000
-0.9000
-0.9000
-0.9000
-0.9000
-0.9000
-0.9000
-0.9000
-0.9000
-0.9000
-0.9000
-0.9000
-0.9000
-0.9000
-0.9000
-0.9000
-0.9000
-0.9000
-0.9000
-0.9000
-0.9000
-0.9000
-0.9000
-0.9000
-0.9000
-0.9000
-0.9000
-0.9000
-0.9000
-0.9000
-0.9000
-0.9000
-0.9000
-0.9000
-0.9000
-0.9000
-0.9000
-0.9000
-0.9000
-0.9000
-0.9000
-0.9000
-0.9000
-0.9000
-0.9000
-0.9000
-0.9000
-0.9000
-0.9000
-0.9000
-0.9000
-0.9000
-0.9000
-0.9000
-0.9000
-0.9000
-0.9000
-0.9000
-0.9000
-0.9000
-0.9000
-0.9000
-0.9000
-0.9000
-0.9000
-0.9000
-0.9000
-0.9000
-0.9000
-0.9000
-0.9000
-0.9000
-0.9000
-0.9000
-0.9000
-0.9000
-0.9000
-0.9000
-0.9000
-0.9000
-0.9000
-0.9000
-0.9000
-0.9000
-0.9000
-0.9000
-0.9000
-0.9000
-0.9000
-0.9000
-0.9000
-0.9000
-0.9000
-0.9000
-0.9000
-0.9000
-0.9000
-0.9000
-0.9000
-0.9000
-0.9000
-0.9000
-0.9000
-0.9000
-0.9000
-0.9000
-0.9000
-0.9000
-0.9000
-0.9000
-0.9000
-0.9000
-0.9000
-0.9000
-0.9000
-0.9000
-0.9000
-0.9000
-0.9000
-0.9000
-0.9000
-0.9000
-0.9000
-0.9000
-0.9000
-0.9000
-0.9000
-0.9000
-0.9000
-0.9000
-0.9000
-0.9000
-0.9000
-0.9000
-0.9000
-0.9000
-0.9000
-0.9000
-0.9000
-0.9000
-0.9000
-0.9000
-0.9000
-0.9000
-0.9000
-0.9000
-0.9000
-0.9000
-0.9000
-0.9000
-0.9000
-0.9000
-0.9000
-0.9000
-0.9000
-0.9000
-0.9000
-0.9000
-0.9000
-0.9000
-0.9000
-0.9000
-0.9000
-0.9000
-0.9000
-0.9000
-0.9000
-0.9000
-0.9000
-0.9000
-0.9000
-0.9000
-0.9000
-0.9000
-0.9000
-0.9000
-0.9000
-0.9000
-0.9000
-0.9000
-0.9000
-0.9000
-0.9000
-0.9000
-0.9000
-0.9000
-0.9000
-0.9000
-0.9000
-0.9000
-0.9000
-0.9000
-0.9000
-0.9000
-0.9000
-0.9000
-0.9000
-0.9000
-0.9000
-0.9000
-0.9000
-0.9000
-0.9000
-0.9000
-0.9000
-0.9000
-0.9000
-0.9000
-0.9000
-0.9000
-0.9000
-0.9000
-0.9000
-0.9000
-0.9000
-0.9000
-0.9000
-0.9000
-0.9000
-0.9000
-0.9000
-0.9000
-0.9000
-0.9000
-0.9000
-0.9000
-0.9000
-0.9000
-0.9000
-0.9000
-0.9000
-0.9000
-0.9000
-0.9000
-0.9000
-0.9000
-0.9000
-0.9000
-0.9000
-0.9000
-0.9000
-0.9000
-0.9000
-0.9000
-0.9000
-0.9000
-0.9000
-0.9000
-0.9000
-0.9000
-0.9000
-0.9000
-0.9000
-0.9000
-0.9000
-0.9000
-0.9000
-0.9000
-0.9000
-0.9000
-0.9000
-0.9000
-0.9000
-0.9000
-0.9000
-0.9000
-0.9000
-0.9000
-0.9000
-0.9000
-0.9000
-0.9000
-0.9000
-0.9000
-0.9000
-0.9000
-0.9000
-0.9000
-0.9000
-0.9000
-0.9000
-0.9000
-0.9000
-0.9000
-0.9000
-0.9000
-0.9000
-0.9000
-0.9000
-0.9000
-0.9000
-0.9000
-0.9000
-0.9000
-0.9000
-0.9000
-0.9000
-0.9000
-0.9000
-0.9000
-0.9000
-0.9000
-0.9000
-0.9000
-0.9000
-0.9000
-0.9000
-0.9000
-0.9000
-0.9000
-0.9000
-0.9000
-0.9000
-0.9000
-0.9000
-0.9000
-0.9000
-0.9000
-0.9000
-0.9000
-0.9000
-0.9000
-0.9000
-0.9000
-0.9000
-0.9000
-0.9000
-0.9000
-0.9000
-0.9000
-0.9000
-0.9000
-0.9000
-0.9000
-0.9000
-0.9000
-0.9000
-0.9000
-0.9000
-0.9000
-0.9000
-0.9000
-0.9000
-0.9000
-0.9000
-0.9000
-0.9000
-0.9000
-0.9000
-0.9000
-0.9000
-0.9000
-0.9000
-0.9000
-0.9000
-0.9000
-0.9000
-0.9000
-0.9000
-0.9000
-0.9000
-0.9000
-0.9000
-0.9000
-0.9000
-0.9000
-0.9000
-0.9000
-0.9000
-0.9000
-0.9000
-0.9000
-0.9000
-0.9000
-0.9000
-0.9000
-0.9000
-0.9000
-0.9000
-0.9000
-0.9000
-0.9000
-0.9000
-0.9000
-0.9000
-0.9000
-0.9000
-0.9000
-0.9000
-0.9000
-0.9000
-0.9000
-0.9000
-0.9000
-0.9000
-0.9000
-0.9000
-0.9000
-0.9000
-0.9000
-0.9000
-0.9000
-0.9000
-0.9000
-0.9000
-0.9000
-0.9000
-0.9000
-0.9000
-0.9000
-0.9000
-0.9000
-0.9000
-0.9000
-0.9000
-0.9000
-0.9000
-0.9000
-0.9000
-0.9000
-0.9000
-0.9000
-0.9000
-0.9000
-0.9000
-0.9000
-0.9000
-0.9000
-0.9000
-0.9000
-0.9000
-0.9000
-0.9000
-0.9000
-0.9000
-0.9000
-0.9000
-0.9000
-0.9000
-0.9000
-0.9000
-0.9000
-0.9000
-0.9000
-0.9000
-0.9000
-0.9000
-0.9000
-0.9000
-0.9000
-0.9000
-0.9000
-0.9000
-0.9000
-0.9000
-0.9000
-0.9000
-0.9000
-0.9000
-0.9000
-0.9000
-0.9000
-0.9000
-0.9000
-0.9000
-0.9000
-0.9000
-0.9000
-0.9000
-0.9000
-0.9000
-0.9000
-0.9000
-0.9000
-0.9000
-0.9000
-0.9000
-0.9000
-0.9000
-0.9000
-0.9000
-0.9000
-0.9000
-0.9000
-0.9000
-0.9000
-0.9000
-0.9000
-0.9000
-0.9000
-0.9000
-0.9000
-0.9000
-0.9000
-0.9000
-0.9000
-0.9000
-0.9000
-0.9000
-0.9000
-0.9000
-0.9000
-0.9000
-0.9000
-0.9000
-0.9000
-0.9000
-0.9000
-0.9000
-0.9000
-0.9000
-0.9000
-0.9000
-0.9000
-0.9000
-0.9000
-0.9000
-0.9000
-0.9000
-0.9000
-0.9000
-0.9000
-0.9000
-0.9000
-0.9000
-0.9000
-0.9000
-0.9000
-0.9000
-0.9000
-0.9000
-0.9000
-0.9000
-0.9000
-0.9000
-0.9000
-0.9000
-0.9000
-0.9000
-0.9000
-0.9000
-0.9000
-0.9000
-0.9000
-0.9000
-0.9000
-0.9000
-0.9000
-0.9000
-0.9000
-0.9000
-0.9000
-0.9000
-0.9000
-0.9000
-0.9000
-0.9000
-0.9000
-0.9000
-0.9000
-0.9000
-0.9000
-0.9000
-0.9000
-0.9000
-0.9000
-0.9000
-0.9000
-0.9000
-0.9000
-0.9000
-0.9000
-0.9000
-0.9000
-0.9000
-0.9000
-0.9000
-0.9000
-0.9000
-0.9000
-0.9000
-0.9000
-0.9000
-0.9000
-0.9000
-0.9000
-0.9000
-0.9000
-0.9000
-0.9000
-0.9000
-0.9000
-0.9000
-0.9000
-0.9000
-0.9000
-0.9000
-0.9000
-0.9000
-0.9000
-0.9000
-0.9000
-0.9000
-0.9000
-0.9000
-0.9000
-0.9000
-0.9000
-0.9000
-0.9000
-0.9000
-0.9000
-0.9000
-0.9000
-0.9000
-0.9000
-0.9000
-0.9000
-0.9000
-0.9000
-0.9000
-0.9000
-0.9000
-0.9000
-0.9000
-0.9000
-0.9000
-0.9000
-0.9000
-0.9000
-0.9000
-0.9000
-0.9000
-0.9000
-0.9000
-0.9000
-0.9000
-0.9000
-0.9000
-0.9000
-0.9000
-0.9000
-0.9000
-0.9000
-0.9000
-0.9000
-0.9000
-0.9000
-0.9000
-0.9000
-0.9000
-0.9000
-0.9000
-0.9000
-0.9000
-0.9000
-0.9000
-0.9000
-0.9000
-0.9000
-0.9000
-0.9000
-0.9000
-0.9000
-0.9000
-0.9000
-0.9000
-0.9000
-0.9000
-0.9000
-0.9000
-0.9000
-0.9000
-0.9000
-0.9000
-0.9000
-0.9000
-0.9000
-0.9000
-0.9000
-0.9000
-0.9000
-0.9000
-0.9000
-0.9000
-0.9000
-0.9000
-0.9000
-0.9000
-0.9000
-0.9000
-0.9000
-0.9000
-0.9000
-0.9000
-0.9000
-0.9000
-0.9000
-0.9000
-0.9000
-0.9000
-0.9000
-0.9000
-0.9000
-0.9000
-0.9000
-0.9000
-0.9000
-0.9000
-0.9000
-0.9000
-0.9000
-0.9000
-0.9000
-0.9000
-0.9000
-0.9000
-0.9000
-0.9000
-0.9000
-0.9000
-0.9000
-0.9000
-0.9000
-0.9000
-0.9000
-0.9000
-0.9000
-0.9000
-0.9000
-0.9000
-0.9000
-0.9000
-0.9000
-0.9000
-0.9000
-0.9000
-0.9000
-0.9000
-0.9000
-0.9000
-0.9000
-0.9000
-0.9000
-0.9000
-0.9000
-0.9000
-0.9000
-0.9000
-0.9000
-0.9000
-0.9000
-0.9000
-0.9000
-0.9000
-0.9000
-0.9000
-0.9000
-0.9000
-0.9000
-0.9000
-0.9000
-0.9000
-0.9000
-0.9000
-0.9000
-0.9000
-0.9000
-0.9000
-0.9000
-0.9000
-0.9000
-0.9000
-0.9000
-0.9000
-0.9000
-0.9000
-0.9000
-0.9000
-0.9000
-0.9000
-0.9000
-0.9000
-0.9000
-0.9000
-0.9000
-0.9000
-0.9000
-0.9000
-0.9000
-0.9000
-0.9000
-0.9000
-0.9000
-0.9000
-0.9000
-0.9000
-0.9000
-0.9000
-0.9000
-0.9000
-0.9000
-0.9000
-0.9000
-0.9000
-0.9000
-0.9000
-0.9000
-0.9000
-0.9000
-0.9000
-0.9000
-0.9000
-0.9000
-0.9000
-0.9000
-0.9000
-0.9000
-0.9000
-0.9000
-0.9000
-0.9000
-0.9000
-0.9000
-0.9000
-0.9000
-0.9000
-0.9000
-0.9000
-0.9000
-0.9000
-0.9000
-0.9000
-0.9000
-0.9000
-0.9000
-0.9000
-0.9000
-0.9000
-0.9000
-0.9000
-0.9000
-0.9000
-0.9000
-0.9000
-0.9000
-0.9000
-0.9000
-0.9000
-0.9000
-0.9000
-0.9000
-0.9000
-0.9000
-0.9000
-0.9000
-0.9000
-0.9000
-0.9000
-0.9000
-0.9000
-0.9000
-0.9000
-0.9000
-0.9000
-0.9000
-0.9000
-0.9000
-0.9000
-0.9000
-0.9000
-0.9000
-0.9000
-0.9000
-0.9000
-0.9000
-0.9000
-0.9000
-0.9000
-0.9000
-0.9000
-0.9000
-0.9000
-0.9000
-0.9000
-0.9000
-0.9000
-0.9000
-0.9000
-0.9000
-0.9000
-0.9000
-0.9000
-0.9000
-0.9000
-0.9000
-0.9000
-0.9000
-0.9000
-0.9000
-0.9000
-0.9000
-0.9000
-0.9000
-0.9000
-0.9000
-0.9000
-0.9000
-0.9000
-0.9000
-0.9000
-0.9000
-0.9000
-0.9000
-0.9000
-0.9000
-0.9000
-0.9000
-0.9000
-0.9000
-0.9000
-0.9000
-0.9000
-0.9000
-0.9000
-0.9000
-0.9000
-0.9000
-0.9000
-0.9000
-0.9000
-0.9000
-0.9000
-0.9000
-0.9000
-0.9000
-0.9000
-0.9000
-0.9000
-0.9000
-0.9000
-0.9000
-0.9000
-0.9000
-0.9000
-0.9000
-0.9000
-0.9000
-0.9000
-0.9000
-0.9000
-0.9000
-0.9000
-0.9000
-0.9000
-0.9000
-0.9000
-0.9000
-0.9000
-0.9000
-0.9000
-0.9000
-0.9000
-0.9000
-0.9000
-0.9000
-0.9000
-0.9000
-0.9000
-0.9000
-0.9000
-0.9000
-0.9000
-0.9000
-0.9000
-0.9000
-0.9000
-0.9000
-0.9000
-0.9000
-0.9000
-0.9000
-0.9000
-0.9000
-0.9000
-0.9000
-0.9000
-0.9000
-0.9000
-0.9000
-0.9000
-0.9000
-0.9000
-0.9000
-0.9000
-0.9000
-0.9000
-0.9000
-0.9000
-0.9000
-0.9000
-0.9000
-0.9000
-0.9000
-0.9000
-0.9000
-0.9000
-0.9000
-0.9000
-0.9000
-0.9000
-0.9000
-0.9000
-0.9000
-0.9000
-0.9000
-0.9000
-0.9000
-0.9000
-0.9000
-0.9000
-0.9000
-0.9000
-0.9000
-0.9000
-0.9000
-0.9000
-0.9000
-0.9000
-0.9000
-0.9000
-0.9000
-0.9000
-0.9000
-0.9000
-0.9000
-0.9000
-0.9000
-0.9000
-0.9000
-0.9000
-0.9000
-0.9000
-0.9000
-0.9000
-0.9000
-0.9000
-0.9000
-0.9000
-0.9000
-0.9000
-0.9000
-0.9000
-0.9000
-0.9000
-0.9000
-0.9000
-0.9000
-0.9000
-0.9000
-0.9000
-0.9000
-0.9000
-0.9000
-0.9000
-0.9000
-0.9000
-0.9000
-0.9000
-0.9000
-0.9000
-0.9000
-0.9000
-0.9000
-0.9000
-0.9000
-0.9000
-0.9000
-0.9000
-0.9000
-0.9000
-0.9000
-0.9000
-0.9000
-0.9000
-0.9000
-0.9000
-0.9000
-0.9000
-0.9000
-0.9000
-0.9000
-0.9000
-0.9000
-0.9000
-0.9000
-0.9000
-0.9000
-0.9000
-0.9000
-0.9000
-0.9000
-0.9000
-0.9000
-0.9000
-0.9000
-0.9000
-0.9000
-0.9000
-0.9000
-0.9000
-0.9000
-0.9000
-0.9000
-0.9000
-0.9000
-0.9000
-0.9000
-0.9000
-0.9000
-0.9000
-0.9000
-0.9000
-0.9000
-0.9000
-0.9000
-0.9000
-0.9000
-0.9000
-0.9000
-0.9000
-0.9000
-0.9000
-0.9000
-0.9000
-0.9000
-0.9000
-0.9000
-0.9000
-0.9000
-0.9000
-0.9000
-0.9000
-0.9000
-0.9000
-0.9000
-0.9000
-0.9000
-0.9000
-0.9000
-0.9000
-0.9000
-0.9000
-0.9000
-0.9000
-0.9000
-0.9000
-0.9000
-0.9000
-0.9000
-0.9000
-0.9000
-0.9000
-0.9000
-0.9000
-0.9000
-0.9000
-0.9000
-0.9000
-0.9000
-0.9000
-0.9000
-0.9000
-0.9000
-0.9000
-0.9000
-0.9000
-0.9000
-0.9000
-0.9000
-0.9000
-0.9000
-0.9000
-0.9000
-0.9000
-0.9000
-0.9000
-0.9000
-0.9000
-0.9000
-0.9000
-0.9000
-0.9000
-0.9000
-0.9000
-0.9000
-0.9000
-0.9000
-0.9000
-0.9000
-0.9000
-0.9000
-0.9000
-0.9000
-0.9000
-0.9000
-0.9000
-0.9000
-0.9000
-0.9000
-0.9000
-0.9000
-0.9000
-0.9000
-0.9000
-0.9000
-0.9000
-0.9000
-0.9000
-0.9000
-0.9000
-0.9000
-0.9000
-0.9000
-0.9000
-0.9000
-0.9000
-0.9000
-0.9000
-0.9000
-0.9000
-0.9000
-0.9000
-0.9000
-0.9000
-0.9000
-0.9000
-0.9000
-0.9000
-0.9000
-0.9000
-0.9000
-0.9000
-0.9000
-0.9000
-0.9000
-0.9000
-0.9000
-0.9000
-0.9000
-0.9000
-0.9000
-0.9000
-0.9000
-0.9000
-0.9000
-0.9000
-0.9000
-0.9000
-0.9000
-0.9000
-0.9000
-0.9000
-0.9000
-0.9000
-0.9000
-0.9000
-0.9000
-0.9000
-0.9000
-0.9000
-0.9000
-0.9000
-0.9000
-0.9000
-0.9000
-0.9000
-0.9000
-0.9000
-0.9000
-0.9000
-0.9000
-0.9000
-0.9000
-0.9000
-0.9000
-0.9000
-0.9000
-0.9000
-0.9000
-0.9000
-0.9000
-0.9000
-0.9000
-0.9000
-0.9000
-0.9000
-0.9000
-0.9000
-0.9000
-0.9000
-0.9000
-0.9000
-0.9000
-0.9000
-0.9000
-0.9000
-0.9000
-0.9000
-0.9000
-0.9000
-0.9000
-0.9000
-0.9000
-0.9000
-0.9000
-0.9000
-0.9000
-0.9000
-0.9000
-0.9000
-0.9000
-0.9000
-0.9000
-0.9000
-0.9000
-0.9000
-0.9000
-0.9000
-0.9000
-0.9000
-0.9000
-0.9000
-0.9000
-0.9000
-0.9000
-0.9000
-0.9000
-0.9000
-0.9000
-0.9000
-0.9000
-0.9000
-0.9000
-0.9000
-0.9000
-0.9000
-0.9000
-0.9000
-0.9000
-0.9000
-0.9000
-0.9000
-0.9000
-0.9000
-0.9000
-0.9000
-0.9000
-0.9000
-0.9000
-0.9000
-0.9000
-0.9000
-0.9000
-0.9000
-0.9000
-0.9000
-0.9000
-0.9000
-0.9000
-0.9000
-0.9000
-0.9000
-0.9000
-0.9000
-0.9000
-0.9000
-0.9000
-0.9000
-0.9000
-0.9000
-0.9000
-0.9000
-0.9000
-0.9000
-0.9000
-0.9000
-0.9000
-0.9000
-0.9000
-0.9000
-0.9000
-0.9000
-0.9000
-0.9000
-0.9000
-0.9000
-0.9000
-0.9000
-0.9000
-0.9000
-0.9000
-0.9000
-0.9000
-0.9000
-0.9000
-0.9000
-0.9000
-0.9000
-0.9000
-0.9000
-0.9000
-0.9000
-0.9000
-0.9000
-0.9000
-0.9000
-0.9000
-0.9000
-0.9000
-0.9000
-0.9000
-0.9000
-0.9000
-0.9000
-0.9000
-0.9000
-0.9000
-0.9000
-0.9000
-0.9000
-0.9000
-0.9000
-0.9000
-0.9000
-0.9000
-0.9000
-0.9000
-0.9000
-0.9000
-0.9000
-0.9000
-0.9000
-0.9000
-0.9000
-0.9000
-0.9000
-0.9000
-0.9000
-0.9000
-0.9000
-0.9000
-0.9000
-0.9000
-0.9000
-0.9000
-0.9000
-0.9000
-0.9000
-0.9000
-0.9000
-0.9000
-0.9000
-0.9000
-0.9000
-0.9000
-0.9000
-0.9000
-0.9000
-0.9000
-0.9000
-0.9000
-0.9000
-0.9000
-0.9000
-0.9000
-0.9000
-0.9000
-0.9000
-0.9000
-0.9000
-0.9000
-0.9000
-0.9000
-0.9000
-0.9000
-0.9000
-0.9000
-0.9000
-0.9000
-0.9000
-0.9000
-0.9000
-0.9000
-0.9000
-0.9000
-0.9000
-0.9000
-0.9000
-0.9000
-0.9000
-0.9000
-0.9000
-0.9000
-0.9000
-0.9000
-0.9000
-0.9000
-0.9000
-0.9000
-0.9000
-0.9000
-0.9000
-0.9000
-0.9000
-0.9000
-0.9000
-0.9000
-0.9000
-0.9000
-0.9000
-0.9000
-0.9000
-0.9000
-0.9000
-0.9000
-0.9000
-0.9000
-0.9000
-0.9000
-0.9000
-0.9000
-0.9000
-0.9000
-0.9000
-0.9000
-0.9000
-0.9000
-0.9000
-0.9000
-0.9000
-0.9000
-0.9000
-0.9000
-0.9000
-0.9000
-0.9000
-0.9000
-0.9000
-0.9000
-0.9000
-0.9000
-0.9000
-0.9000
-0.9000
-0.9000
-0.9000
-0.9000
-0.9000
-0.9000
-0.9000
-0.9000
-0.9000
-0.9000
-0.9000
-0.9000
-0.9000
-0.9000
-0.9000
-0.9000
-0.9000
-0.9000
-0.9000
-0.9000
-0.9000
-0.9000
-0.9000
-0.9000
-0.9000
-0.9000
-0.9000
-0.9000
-0.9000
-0.9000
-0.9000
-0.9000
-0.9000
-0.9000
-0.9000
-0.9000
-0.9000
-0.9000
-0.9000
-0.9000
-0.9000
-0.9000
-0.9000
-0.9000
-0.9000
-0.9000
-0.9000
-0.9000
-0.9000
-0.9000
-0.9000
-0.9000
-0.9000
-0.9000
-0.9000
-0.9000
-0.9000
-0.9000
-0.9000
-0.9000
-0.9000
-0.9000
-0.9000
-0.9000
-0.9000
-0.9000
-0.9000
-0.9000
-0.9000
-0.9000
-0.9000
-0.9000
-0.9000
-0.9000
-0.9000
-0.9000
-0.9000
-0.9000
-0.9000
-0.9000
-0.9000
-0.9000
-0.9000
-0.9000
-0.9000
-0.9000
-0.9000
-0.9000
-0.9000
-0.9000
-0.9000
-0.9000
-0.9000
-0.9000
-0.9000
-0.9000
-0.9000
-0.9000
-0.9000
-0.9000
-0.9000
-0.9000
-0.9000
-0.9000
-0.9000
-0.9000
-0.9000
-0.9000
-0.9000
-0.9000
-0.9000
-0.9000
-0.9000
-0.9000
-0.9000
-0.9000
-0.9000
-0.9000
-0.9000
-0.9000
-0.9000
-0.9000
-0.9000
-0.9000
-0.9000
-0.9000
-0.9000
-0.9000
-0.9000
-0.9000
-0.9000
-0.9000
-0.9000
-0.9000
-0.9000
-0.9000
-0.9000
-0.9000
-0.9000
-0.9000
-0.9000
-0.9000
-0.9000
-0.9000
-0.9000
-0.9000
-0.9000
-0.9000
-0.9000
-0.9000
-0.9000
-0.9000
-0.9000
-0.9000
-0.9000
-0.9000
-0.9000
-0.9000
-0.9000
-0.9000
-0.9000
-0.9000
-0.9000
-0.9000
-0.9000
-0.9000
-0.9000
-0.9000
-0.9000
-0.9000
-0.9000
-0.9000
-0.9000
-0.9000
-0.9000
-0.9000
-0.9000
-0.9000
-0.9000
-0.9000
-0.9000
-0.9000
-0.9000
-0.9000
-0.9000
-0.9000
-0.9000
-0.9000
-0.9000
-0.9000
-0.9000
-0.9000
-0.9000
-0.9000
-0.9000
-0.9000
-0.9000
-0.9000
-0.9000
-0.9000
-0.9000
-0.9000
-0.9000
-0.9000
-0.9000
-0.9000
-0.9000
-0.9000
-0.9000
-0.9000
-0.9000
-0.9000
-0.9000
-0.9000
-0.9000
-0.9000
-0.9000
-0.9000
-0.9000
-0.9000
-0.9000
-0.9000
-0.9000
-0.9000
-0.9000
-0.9000
-0.9000
-0.9000
-0.9000
-0.9000
-0.9000
-0.9000
-0.9000
-0.9000
-0.9000
-0.9000
-0.9000
-0.9000
-0.9000
-0.9000
-0.9000
-0.9000
-0.9000
-0.9000
-0.9000
-0.9000
-0.9000
-0.9000
-0.9000
-0.9000
-0.9000
-0.9000
-0.9000
-0.9000
-0.9000
-0.9000
-0.9000
-0.9000
-0.9000
-0.9000
-0.9000
-0.9000
-0.9000
-0.9000
-0.9000
-0.9000
-0.9000
-0.9000
-0.9000
-0.9000
-0.9000
-0.9000
-0.9000
-0.9000
-0.9000
-0.9000
-0.9000
-0.9000
-0.9000
-0.9000
-0.9000
-0.9000
-0.9000
-0.9000
-0.9000
-0.9000
-0.9000
-0.9000
-0.9000
-0.9000
-0.9000
-0.9000
-0.9000
-0.9000
-0.9000
-0.9000
-0.9000
-0.9000
-0.9000
-0.9000
-0.9000
-0.9000
-0.9000
-0.9000
-0.9000
-0.9000
-0.9000
-0.9000
-0.9000
-0.9000
-0.9000
-0.9000
-0.9000
-0.9000
-0.9000
-0.9000
-0.9000
-0.9000
-0.9000
-0.9000
-0.9000
-0.9000
-0.9000
-0.9000
-0.9000
-0.9000
-0.9000
-0.9000
-0.9000
-0.9000
-0.9000
-0.9000
-0.9000
-0.9000
-0.9000
-0.9000
-0.9000
-0.9000
-0.9000
-0.9000
-0.9000
-0.9000
-0.9000
-0.9000
-0.9000
-0.9000
-0.9000
-0.9000
-0.9000
-0.9000
-0.9000
-0.9000
-0.9000
-0.9000
-0.9000
-0.9000
-0.9000
-0.9000
-0.9000
-0.9000
-0.9000
-0.9000
-0.9000
-0.9000
-0.9000
-0.9000
-0.9000
-0.9000
-0.9000
-0.9000
-0.9000
-0.9000
-0.9000
-0.9000
-0.9000
-0.9000
-0.9000
-0.9000
-0.9000
-0.9000
-0.9000
-0.9000
-0.9000
-0.9000
-0.9000
-0.9000
-0.9000
-0.9000
-0.9000
-0.9000
-0.9000
-0.9000
-0.9000
-0.9000
-0.9000
-0.9000
-0.9000
-0.9000
-0.9000
-0.9000
-0.9000
-0.9000
-0.9000
-0.9000
-0.9000
-0.9000
-0.9000
-0.9000
-0.9000
-0.9000
-0.9000
-0.9000
-0.9000
-0.9000
-0.9000
-0.9000
-0.9000
-0.9000
-0.9000
-0.9000
-0.9000
-0.9000
-0.9000
-0.9000
-0.9000
-0.9000
-0.9000
-0.9000
-0.9000
-0.9000
-0.9000
-0.9000
-0.9000
-0.9000
-0.9000
-0.9000
-0.9000
-0.9000
-0.9000
-0.9000
-0.9000
-0.9000
-0.9000
-0.9000
-0.9000
-0.9000
-0.9000
-0.9000
-0.9000
-0.9000
-0.9000
-0.9000
-0.9000
-0.9000
-0.9000
-0.9000
-0.9000
-0.9000
-0.9000
-0.9000
-0.9000
-0.9000
-0.9000
-0.9000
-0.9000
-0.9000
-0.9000
-0.9000
-0.9000
-0.9000
-0.9000
-0.9000
-0.9000
-0.9000
-0.9000
-0.9000
-0.9000
-0.9000
-0.9000
-0.9000
-0.9000
-0.9000
-0.9000
-0.9000
-0.9000
-0.9000
-0.9000
-0.9000
-0.9000
-0.9000
-0.9000
-0.9000
-0.9000
-0.9000
-0.9000
-0.9000
-0.9000
-0.9000
-0.9000
-0.9000
-0.9000
-0.9000
-0.9000
-0.9000
-0.9000
-0.9000
-0.9000
-0.9000
-0.9000
-0.9000
-0.9000
-0.9000
-0.9000
-0.9000
-0.9000
-0.9000
-0.9000
-0.9000
-0.9000
-0.9000
-0.9000
-0.9000
-0.9000
-0.9000
-0.9000
-0.9000
-0.9000
-0.9000
-0.9000
-0.9000
-0.9000
-0.9000
-0.9000
-0.9000
-0.9000
-0.9000
-0.9000
-0.9000
-0.9000
-0.9000
-0.9000
-0.9000
-0.9000
-0.9000
-0.9000
-0.9000
-0.9000
-0.9000
-0.9000
-0.9000
-0.9000
-0.9000
-0.9000
-0.9000
-0.9000
-0.9000
-0.9000
-0.9000
-0.9000
-0.9000
-0.9000
-0.9000
-0.9000
-0.9000
-0.9000
-0.9000
-0.9000
-0.9000
-0.9000
-0.9000
-0.9000
-0.9000
-0.9000
-0.9000
-0.9000
-0.9000
-0.9000
-0.9000
-0.9000
-0.9000
-0.9000
-0.9000
-0.9000
-0.9000
-0.9000
-0.9000
-0.9000
-0.9000
-0.9000
-0.9000
-0.9000
-0.9000
-0.9000
-0.9000
-0.9000
-0.9000
-0.9000
-0.9000
-0.9000
-0.9000
-0.9000
-0.9000
-0.9000
-0.9000
-0.9000
-0.9000
-0.9000
-0.9000
-0.9000
-0.9000
-0.9000
-0.9000
-0.9000
-0.9000
-0.9000
-0.9000
-0.9000
-0.9000
-0.9000
-0.9000
-0.9000
-0.9000
-0.9000
-0.9000
-0.9000
-0.9000
-0.9000
-0.9000
-0.9000
-0.9000
-0.9000
-0.9000
-0.9000
-0.9000
-0.9000
-0.9000
-0.9000
-0.9000
-0.9000
-0.9000
-0.9000
-0.9000
-0.9000
-0.9000
-0.9000
-0.9000
-0.9000
-0.9000
-0.9000
-0.9000
-0.9000
-0.9000
-0.9000
-0.9000
-0.9000
-0.9000
-0.9000
-0.9000
-0.9000
-0.9000
-0.9000
-0.9000
-0.9000
-0.9000
-0.9000
-0.9000
-0.9000
-0.9000
-0.9000
-0.9000
-0.9000
-0.9000
-0.9000
-0.9000
-0.9000
-0.9000
-0.9000
-0.9000
-0.9000
-0.9000
-0.9000
-0.9000
-0.9000
-0.9000
-0.9000
-0.9000
-0.9000
-0.9000
-0.9000
-0.9000
-0.9000
-0.9000
-0.9000
-0.9000
-0.9000
-0.9000
-0.9000
-0.9000
-0.9000
-0.9000
-0.9000
-0.9000
-0.9000
-0.9000
-0.9000
-0.9000
-0.9000
-0.9000
-0.9000
-0.9000
-0.9000
-0.9000
-0.9000
-0.9000
-0.9000
-0.9000
-0.9000
-0.9000
-0.9000
-0.9000
-0.9000
-0.9000
-0.9000
-0.9000
-0.9000
-0.9000
-0.9000
-0.9000
-0.9000
-0.9000
-0.9000
-0.9000
-0.9000
-0.9000
-0.9000
-0.9000
-0.9000
-0.9000
-0.9000
-0.9000
-0.9000
-0.9000
-0.9000
-0.9000
-0.9000
-0.9000
-0.9000
-0.9000
-0.9000
-0.9000
-0.9000
-0.9000
-0.9000
-0.9000
-0.9000
-0.9000
-0.9000
-0.9000
-0.9000
-0.9000
-0.9000
-0.9000
-0.9000
-0.9000
-0.9000
-0.9000
-0.9000
-0.9000
-0.9000
-0.9000
-0.9000
-0.9000
-0.9000
-0.9000
-0.9000
-0.9000
-0.9000
-0.9000
-0.9000
-0.9000
-0.9000
-0.9000
-0.9000
-0.9000
-0.9000
-0.9000
-0.9000
-0.9000
-0.9000
-0.9000
-0.9000
-0.9000
-0.9000
-0.9000
-0.9000
-0.9000
-0.9000
-0.9000
-0.9000
-0.9000
-0.9000
-0.9000
-0.9000
-0.9000
-0.9000
-0.9000
-0.9000
-0.9000
-0.9000
-0.9000
-0.9000
-0.9000
-0.9000
-0.9000
-0.9000
-0.9000
-0.9000
-0.9000
-0.9000
-0.9000
-0.9000
-0.9000
-0.9000
-0.9000
-0.9000
-0.9000
-0.9000
-0.9000
-0.9000
-0.9000
-0.9000
-0.9000
-0.9000
-0.9000
-0.9000
-0.9000
-0.9000
-0.9000
-0.9000
-0.9000
-0.9000
-0.9000
-0.9000
-0.9000
-0.9000
-0.9000
-0.9000
-0.9000
-0.9000
-0.9000
-0.9000
-0.9000
-0.9000
-0.9000
-0.9000
-0.9000
-0.9000
-0.9000
-0.9000
-0.9000
-0.9000
-0.9000
-0.9000
-0.9000
-0.9000
-0.9000
-0.9000
-0.9000
-0.9000
-0.9000
-0.9000
-0.9000
-0.9000
-0.9000
-0.9000
-0.9000
-0.9000
-0.9000
-0.9000
-0.9000
-0.9000
-0.9000
-0.9000
-0.9000
-0.9000
-0.9000
-0.9000
-0.9000
-0.9000
-0.9000
-0.9000
-0.9000
-0.9000
-0.9000
-0.9000
-0.9000
-0.9000
-0.9000
-0.9000
-0.9000
-0.9000
-0.9000
-0.9000
-0.9000
-0.9000
-0.9000
-0.9000
-0.9000
-0.9000
-0.9000
-0.9000
-0.9000
-0.9000
-0.9000
-0.9000
-0.9000
-0.9000
-0.9000
-0.9000
-0.9000
-0.9000
-0.9000
-0.9000
-0.9000
-0.9000
-0.9000
-0.9000
-0.9000
-0.9000
-0.9000
-0.9000
-0.9000
-0.9000
-0.9000
-0.9000
-0.9000
-0.9000
-0.9000
-0.9000
-0.9000
-0.9000
-0.9000
-0.9000
-0.9000
-0.9000
-0.9000
-0.9000
-0.9000
-0.9000
-0.9000
-0.9000
-0.9000
-0.9000