0.6000
0.6000
0.5999
0.5997
0.5995
0.5993
0.5989
0.5986
0.5981
0.5976
0.5971
0.5964
0.5958
0.5950
0.5942
0.5934
0.5925
0.5915
0.5905
0.5894
0.5882
0.5870
0.5858
0.5844
0.5830
0.5816
0.5801
0.5785
0.5769
0.5752
0.5735
0.5717
0.5699
0.5679
0.5660
0.5639
0.5619
0.5597
0.5575
0.5552
0.5529
0.5505
0.5481
0.5456
0.5430
0.5404
0.5377
0.5350
0.5322
0.5293
0.5264
0.5234
0.5204
0.5173
0.5142
0.5110
0.5077
0.5044
0.5010
0.4975
0.4940
0.4905
0.4869
0.4832
0.4794
0.4756
0.4718
0.4679
0.4639
0.4599
0.4558
0.4516
0.4474
0.4431
0.4388
0.4344
0.4300
0.4255
0.4209
0.4163
0.4116
0.4069
0.4021
0.3972
0.3923
0.3873
0.3823
0.3772
0.3721
0.3669
0.3616
0.3563
0.3509
0.3454
0.3399
0.3344
0.3288
0.3231
0.3173
0.3115
0.3057
0.2998
0.2938
0.2878
0.2817
0.2755
0.2693
0.2630
0.2567
0.2503
0.2439
0.2374
0.2308
0.2242
0.2175
0.2108
0.2040
0.1971
0.1902
0.1833
0.1762
0.1691
0.1620
0.1548
0.1475
0.1402
0.1328
0.1254
0.1179
0.1103
0.1027
0.0950
0.0873
0.0795
0.0716
0.0637
0.0557
0.0477
0.0396
0.0315
0.0233
0.0150
0.0067
-0.0017
-0.0101
-0.0186
-0.0272
-0.0358
-0.0445
-0.0532
-0.0620
-0.0708
-0.0797
-0.0887
-0.0977
-0.1068
-0.1159
-0.1251
-0.1344
-0.1437
-0.1531
-0.1625
-0.1720
-0.1815
-0.1912
-0.2008
-0.2105
-0.2203
-0.2302
-0.2401
-0.2500
-0.2600
-0.2701
-0.2802
-0.2904
-0.3007
-0.3110
-0.3213
-0.3318
-0.3422
-0.3528
-0.3634
-0.3740
-0.3847
-0.3955
-0.4063
-0.4172
-0.4282
-0.4392
-0.4502
-0.4614
-0.4725
-0.4838
-0.4951
-0.5064
-0.5178
-0.5293
-0.5408
-0.5524
-0.5640
-0.5757
-0.5875
-0.5993
-0.6111
-0.6231
-0.6350
-0.6471
-0.6592
-0.6713
-0.6836
-0.6958
-0.7082
-0.7205
-0.7330
-0.7455
-0.7580
-0.7706
-0.7833
-0.7960
-0.8088
-0.8217
-0.8346
-0.8475
-0.8605
-0.8736
-0.8867
-0.8999
-0.9000
-0.8887
-0.8774
-0.8662
-0.8550
-0.8439
-0.8328
-0.8219
-0.8109
-0.8000
-0.7892
-0.7785
-0.7677
-0.7571
-0.7465
-0.7360
-0.7255
-0.7151
-0.7047
-0.6944
-0.6841
-0.6740
-0.6638
-0.6537
-0.6437
-0.6338
-0.6239
-0.6140
-0.6042
-0.5945
-0.5848
-0.5752
-0.5656
-0.5561
-0.5467
-0.5373
-0.5280
-0.5187
-0.5095
-0.5003
-0.4912
-0.4822
-0.4732
-0.4643
-0.4554
-0.4466
-0.4379
-0.4292
-0.4206
-0.4120
-0.4035
-0.3950
-0.3866
-0.3783
-0.3700
-0.3617
-0.3536
-0.3455
-0.3374
-0.3294
-0.3215
-0.3136
-0.3058
-0.2980
-0.2903
-0.2826
-0.2751
-0.2675
-0.2601
-0.2526
-0.2453
-0.2380
-0.2307
-0.2236
-0.2164
-0.2094
-0.2024
-0.1954
-0.1885
-0.1817
-0.1749
-0.1682
-0.1615
-0.1550
-0.1484
-0.1419
-0.1355
-0.1291
-0.1228
-0.1166
-0.1104
-0.1043
-0.0982
-0.0922
-0.0862
-0.0803
-0.0745
-0.0687
-0.0630
-0.0573
-0.0517
-0.0462
-0.0407
-0.0352
-0.0299
-0.0246
-0.0193
-0.0141
-0.0090
-0.0039
0.0011
0.0061
0.0110
0.0158
0.0206
0.0254
0.0300
0.0346
0.0392
0.0437
0.0481
0.0525
0.0568
0.0611
0.0653
0.0694
0.0735
0.0775
0.0815
0.0854
0.0892
0.0930
0.0968
0.1004
0.1040
0.1076
0.1111
0.1145
0.1179
0.1212
0.1245
0.1277
0.1308
0.1339
0.1370
0.1399
0.1428
0.1457
0.1485
0.1512
0.1539
0.1565
0.1591
0.1616
0.1640
0.1664
0.1687
0.1710
0.1732
0.1753
0.1774
0.1794
0.1814
0.1833
0.1852
0.1870
0.1887
0.1904
0.1920
0.1936
0.1951
0.1965
0.1979
0.1992
0.2005
0.2017
0.2028
0.2039
0.2050
0.2059
0.2069
0.2077
0.2085
0.2092
0.2099
0.2105
0.2111
0.2116
0.2121
0.2124
0.2128
0.2130
0.2132
0.2134
0.2135
0.2135
0.2135
0.2134
0.2133
0.2131
0.2128
0.2125
0.2121
0.2117
0.2112
0.2106
0.2100
0.2093
0.2086
0.2078
0.2070
0.2061
0.2051
0.2041
0.2030
0.2018
0.2006
0.1994
0.1981
0.1967
0.1953
0.1938
0.1922
0.1906
0.1889
0.1872
0.1854
0.1836
0.1817
0.1797
0.1777
0.1756
0.1735
0.1713
0.1690
0.1667
0.1643
0.1619
0.1594
0.1568
0.1542
0.1516
0.1488
0.1460
0.1432
0.1403
0.1373
0.1343
0.1312
0.1281
0.1249
0.1216
0.1183
0.1150
0.1115
0.1080
0.1045
0.1009
0.0972
0.0935
0.0897
0.0859
0.0820
0.0780
0.0740
0.0699
0.0658
0.0616
0.0573
0.0530
0.0487
0.0442
0.0397
0.0352
0.0306
0.0259
0.0212
0.0164
0.0116
0.0067
0.0018
-0.0033
-0.0083
-0.0135
-0.0187
-0.0239
-0.0292
-0.0346
-0.0400
-0.0455
-0.0510
-0.0566
-0.0623
-0.0680
-0.0738
-0.0796
-0.0855
-0.0914
-0.0974
-0.1035
-0.1096
-0.1158
-0.1221
-0.1284
-0.1347
-0.1411
-0.1476
-0.1541
-0.1607
-0.1674
-0.1741
-0.1809
-0.1877
-0.1946
-0.2015
-0.2085
-0.2156
-0.2227
-0.2298
-0.2371
-0.2444
-0.2517
-0.2591
-0.2666
-0.2741
-0.2817
-0.2893
-0.2970
-0.3048
-0.3126
-0.3205
-0.3284
-0.3364
-0.3444
-0.3526
-0.3607
-0.3689
-0.3772
-0.3856
-0.3940
-0.4024
-0.4109
-0.4195
-0.4281
-0.4368
-0.4455
-0.4543
-0.4632
-0.4721
-0.4811
-0.4901
-0.4992
-0.5084
-0.5176
-0.5268
-0.5361
-0.5455
-0.5550
-0.5645
-0.5740
-0.5836
-0.5933
-0.6030
-0.6128
-0.6226
-0.6325
-0.6425
-0.6525
-0.6626
-0.6727
-0.6829
-0.6931
-0.7034
-0.7138
-0.7242
-0.7347
-0.7452
-0.7558
-0.7664
-0.7771
-0.7879
-0.7987
-0.8096
-0.8205
-0.8315
-0.8425
-0.8536
-0.8648
-0.8760
-0.8873
-0.8986
-0.9000
-0.8903
-0.8806
-0.8710
-0.8614
-0.8519
-0.8424
-0.8330
-0.8237
-0.8144
-0.8052
-0.7960
-0.7869
-0.7779
-0.7689
-0.7599
-0.7510
-0.7422
-0.7334
-0.7247
-0.7161
-0.7075
-0.6989
-0.6905
-0.6820
-0.6737
-0.6654
-0.6571
-0.6489
-0.6408
-0.6327
-0.6247
-0.6167
-0.6088
-0.6010
-0.5932
-0.5854
-0.5778
-0.5701
-0.5626
-0.5551
-0.5476
-0.5403
-0.5329
-0.5256
-0.5184
-0.5113
-0.5042
-0.4971
-0.4902
-0.4832
-0.4764
-0.4696
-0.4628
-0.4561
-0.4495
-0.4429
-0.4364
-0.4299
-0.4235
-0.4172
-0.4109
-0.4046
-0.3985
-0.3923
-0.3863
-0.3803
-0.3743
-0.3685
-0.3626
-0.3569
-0.3512
-0.3455
-0.3399
-0.3344
-0.3289
-0.3235
-0.3181
-0.3128
-0.3076
-0.3024
-0.2973
-0.2922
-0.2872
-0.2822
-0.2773
-0.2725
-0.2677
-0.2630
-0.2583
-0.2537
-0.2492
-0.2447
-0.2403
-0.2359
-0.2316
-0.2273
-0.2231
-0.2190
-0.2149
-0.2109
-0.2069
-0.2030
-0.1992
-0.1954
-0.1917
-0.1880
-0.1844
-0.1808
-0.1773
-0.1739
-0.1705
-0.1672
-0.1639
-0.1607
-0.1576
-0.1545
-0.1514
-0.1485
-0.1456
-0.1427
-0.1399
-0.1372
-0.1345
-0.1319
-0.1293
-0.1268
-0.1243
-0.1220
-0.1196
-0.1174
-0.1151
-0.1130
-0.1109
-0.1089
-0.1069
-0.1050
-0.1031
-0.1013
-0.0995
-0.0979
-0.0962
-0.0947
-0.0931
-0.0917
-0.0903
-0.0890
-0.0877
-0.0865
-0.0853
-0.0842
-0.0831
-0.0822
-0.0812
-0.0804
-0.0796
-0.0788
-0.0781
-0.0775
-0.0769
-0.0764
-0.0759
-0.0755
-0.0752
-0.0749
-0.0747
-0.0745
-0.0744
-0.0743
-0.0743
-0.0744
-0.0745
-0.0747
-0.0750
-0.0753
-0.0756
-0.0760
-0.0765
-0.0770
-0.0776
-0.0783
-0.0790
-0.0798
-0.0806
-0.0815
-0.0824
-0.0834
-0.0845
-0.0856
-0.0868
-0.0880
-0.0893
-0.0907
-0.0921
-0.0935
-0.0951
-0.0966
-0.0983
-0.1000
-0.1018
-0.1036
-0.1054
-0.1074
-0.1094
-0.1114
-0.1135
-0.1157
-0.1179
-0.1202
-0.1226
-0.1250
-0.1274
-0.1300
-0.1325
-0.1352
-0.1379
-0.1406
-0.1434
-0.1463
-0.1492
-0.1522
-0.1553
-0.1584
-0.1615
-0.1648
-0.1680
-0.1714
-0.1748
-0.1782
-0.1817
-0.1853
-0.1889
-0.1926
-0.1964
-0.2002
-0.2040
-0.2080
-0.2119
-0.2160
-0.2201
-0.2242
-0.2284
-0.2327
-0.2370
-0.2414
-0.2459
-0.2504
-0.2549
-0.2596
-0.2642
-0.2690
-0.2738
-0.2786
-0.2835
-0.2885
-0.2935
-0.2986
-0.3037
-0.3089
-0.3142
-0.3195
-0.3249
-0.3303
-0.3358
-0.3414
-0.3470
-0.3527
-0.3584
-0.3642
-0.3700
-0.3759
-0.3819
-0.3879
-0.3939
-0.4001
-0.4063
-0.4125
-0.4188
-0.4252
-0.4316
-0.4381
-0.4446
-0.4512
-0.4578
-0.4646
-0.4713
-0.4782
-0.4850
-0.4920
-0.4990
-0.5060
-0.5131
-0.5203
-0.5275
-0.5348
-0.5422
-0.5496
-0.5570
-0.5646
-0.5721
-0.5798
-0.5875
-0.5952
-0.6030
-0.6109
-0.6188
-0.6268
-0.6348
-0.6429
-0.6511
-0.6593
-0.6675
-0.6759
-0.6842
-0.6927
-0.7012
-0.7097
-0.7183
-0.7270
-0.7357
-0.7445
-0.7534
-0.7622
-0.7712
-0.7802
-0.7893
-0.7984
-0.8076
-0.8168
-0.8261
-0.8355
-0.8449
-0.8544
-0.8639
-0.8735
-0.8831
-0.8928
-0.9000
-0.8917
-0.8834
-0.8752
-0.8670
-0.8589
-0.8508
-0.8429
-0.8349
-0.8270
-0.8192
-0.8115
-0.8037
-0.7961
-0.7885
-0.7810
-0.7735
-0.7661
-0.7587
-0.7514
-0.7441
-0.7370
-0.7298
-0.7227
-0.7157
-0.7088
-0.7018
-0.6950
-0.6882
-0.6815
-0.6748
-0.6682
-0.6616
-0.6551
-0.6487
-0.6423
-0.6359
-0.6297
-0.6234
-0.6173
-0.6112
-0.6051
-0.5992
-0.5932
-0.5874
-0.5815
-0.5758
-0.5701
-0.5644
-0.5589
-0.5533
-0.5479
-0.5425
-0.5371
-0.5318
-0.5266
-0.5214
-0.5163
-0.5112
-0.5062
-0.5012
-0.4964
-0.4915
-0.4867
-0.4820
-0.4774
-0.4728
-0.4682
-0.4637
-0.4593
-0.4549
-0.4506
-0.4464
-0.4422
-0.4380
-0.4340
-0.4299
-0.4260
-0.4221
-0.4182
-0.4144
-0.4107
-0.4070
-0.4034
-0.3998
-0.3963
-0.3929
-0.3895
-0.3862
-0.3829
-0.3797
-0.3765
-0.3734
-0.3704
-0.3674
-0.3645
-0.3616
-0.3588
-0.3561
-0.3534
-0.3508
-0.3482
-0.3457
-0.3432
-0.3408
-0.3385
-0.3362
-0.3340
-0.3318
-0.3297
-0.3276
-0.3256
-0.3237
-0.3218
-0.3200
-0.3183
-0.3166
-0.3149
-0.3133
-0.3118
-0.3103
-0.3089
-0.3076
-0.3063
-0.3050
-0.3038
-0.3027
-0.3017
-0.3007
-0.2997
-0.2988
-0.2980
-0.2972
-0.2965
-0.2959
-0.2953
-0.2947
-0.2942
-0.2938
-0.2934
-0.2931
-0.2929
-0.2927
-0.2926
-0.2925
-0.2925
-0.2925
-0.2926
-0.2928
-0.2930
-0.2933
-0.2936
-0.2940
-0.2944
-0.2950
-0.2955
-0.2961
-0.2968
-0.2976
-0.2984
-0.2992
-0.3001
-0.3011
-0.3021
-0.3032
-0.3044
-0.3056
-0.3068
-0.3082
-0.3095
-0.3110
-0.3125
-0.3140
-0.3156
-0.3173
-0.3190
-0.3208
-0.3227
-0.3246
-0.3265
-0.3285
-0.3306
-0.3328
-0.3350
-0.3372
-0.3395
-0.3419
-0.3443
-0.3468
-0.3493
-0.3519
-0.3546
-0.3573
-0.3601
-0.3629
-0.3658
-0.3687
-0.3717
-0.3748
-0.3779
-0.3811
-0.3843
-0.3876
-0.3910
-0.3944
-0.3979
-0.4014
-0.4050
-0.4086
-0.4123
-0.4161
-0.4199
-0.4238
-0.4277
-0.4317
-0.4358
-0.4399
-0.4440
-0.4483
-0.4525
-0.4569
-0.4613
-0.4657
-0.4702
-0.4748
-0.4794
-0.4841
-0.4889
-0.4937
-0.4985
-0.5034
-0.5084
-0.5135
-0.5185
-0.5237
-0.5289
-0.5342
-0.5395
-0.5449
-0.5503
-0.5558
-0.5613
-0.5670
-0.5726
-0.5783
-0.5841
-0.5900
-0.5959
-0.6018
-0.6078
-0.6139
-0.6200
-0.6262
-0.6325
-0.6388
-0.6451
-0.6515
-0.6580
-0.6645
-0.6711
-0.6778
-0.6845
-0.6912
-0.6980
-0.7049
-0.7119
-0.7188
-0.7259
-0.7330
-0.7402
-0.7474
-0.7546
-0.7620
-0.7694
-0.7768
-0.7843
-0.7919
-0.7995
-0.8072
-0.8149
-0.8227
-0.8305
-0.8385
-0.8464
-0.8544
-0.8625
-0.8706
-0.8788
-0.8871
-0.8954
-0.9000
-0.8929
-0.8858
-0.8788
-0.8718
-0.8649
-0.8580
-0.8512
-0.8445
-0.8378
-0.8312
-0.8246
-0.8181
-0.8117
-0.8053
-0.7989
-0.7927
-0.7864
-0.7803
-0.7742
-0.7681
-0.7621
-0.7562
-0.7503
-0.7445
-0.7387
-0.7330
-0.7273
-0.7217
-0.7162
-0.7107
-0.7053
-0.6999
-0.6946
-0.6894
-0.6842
-0.6790
-0.6740
-0.6689
-0.6640
-0.6591
-0.6542
-0.6494
-0.6447
-0.6400
-0.6354
-0.6308
-0.6263
-0.6219
-0.6175
-0.6132
-0.6089
-0.6047
-0.6005
-0.5964
-0.5924
-0.5884
-0.5845
-0.5806
-0.5768
-0.5730
-0.5693
-0.5657
-0.5621
-0.5586
-0.5551
-0.5517
-0.5483
-0.5450
-0.5418
-0.5386
-0.5355
-0.5324
-0.5294
-0.5265
-0.5236
-0.5208
-0.5180
-0.5153
-0.5126
-0.5100
-0.5075
-0.5050
-0.5026
-0.5002
-0.4979
-0.4956
-0.4934
-0.4913
-0.4892
-0.4872
-0.4852
-0.4833
-0.4815
-0.4797
-0.4779
-0.4762
-0.4746
-0.4731
-0.4716
-0.4701
-0.4687
-0.4674
-0.4661
-0.4649
-0.4638
-0.4627
-0.4616
-0.4606
-0.4597
-0.4588
-0.4580
-0.4573
-0.4566
-0.4560
-0.4554
-0.4549
-0.4544
-0.4540
-0.4536
-0.4534
-0.4531
-0.4530
-0.4528
-0.4528
-0.4528
-0.4528
-0.4530
-0.4531
-0.4534
-0.4537
-0.4540
-0.4544
-0.4549
-0.4554
-0.4560
-0.4566
-0.4573
-0.4581
-0.4589
-0.4597
-0.4607
-0.4617
-0.4627
-0.4638
-0.4650
-0.4662
-0.4674
-0.4688
-0.4702
-0.4716
-0.4731
-0.4747
-0.4763
-0.4780
-0.4797
-0.4815
-0.4834
-0.4853
-0.4872
-0.4893
-0.4914
-0.4935
-0.4957
-0.4980
-0.5003
-0.5026
-0.5051
-0.5076
-0.5101
-0.5127
-0.5154
-0.5181
-0.5209
-0.5237
-0.5266
-0.5295
-0.5325
-0.5356
-0.5387
-0.5419
-0.5452
-0.5485
-0.5518
-0.5552
-0.5587
-0.5622
-0.5658
-0.5694
-0.5731
-0.5769
-0.5807
-0.5846
-0.5885
-0.5925
-0.5966
-0.6007
-0.6048
-0.6090
-0.6133
-0.6176
-0.6220
-0.6265
-0.6310
-0.6356
-0.6402
-0.6449
-0.6496
-0.6544
-0.6592
-0.6641
-0.6691
-0.6741
-0.6792
-0.6844
-0.6895
-0.6948
-0.7001
-0.7055
-0.7109
-0.7164
-0.7219
-0.7275
-0.7332
-0.7389
-0.7447
-0.7505
-0.7564
-0.7623
-0.7683
-0.7744
-0.7805
-0.7866
-0.7929
-0.7991
-0.8055
-0.8119
-0.8183
-0.8249
-0.8314
-0.8380
-0.8447
-0.8515
-0.8583
-0.8651
-0.8720
-0.8790
-0.8860
-0.8931
-0.9000
-0.8939
-0.8879
-0.8819
-0.8760
-0.8701
-0.8643
-0.8586
-0.8529
-0.8473
-0.8417
-0.8362
-0.8307
-0.8253
-0.8200
-0.8147
-0.8095
-0.8043
-0.7992
-0.7941
-0.7891
-0.7842
-0.7793
-0.7744
-0.7697
-0.7649
-0.7603
-0.7557
-0.7511
-0.7466
-0.7422
-0.7378
-0.7335
-0.7293
-0.7251
-0.7209
-0.7168
-0.7128
-0.7088
-0.7049
-0.7011
-0.6973
-0.6935
-0.6898
-0.6862
-0.6826
-0.6791
-0.6757
-0.6723
-0.6689
-0.6656
-0.6624
-0.6592
-0.6561
-0.6531
-0.6501
-0.6471
-0.6442
-0.6414
-0.6387
-0.6359
-0.6333
-0.6307
-0.6282
-0.6257
-0.6233
-0.6209
-0.6186
-0.6163
-0.6141
-0.6120
-0.6099
-0.6079
-0.6060
-0.6041
-0.6022
-0.6004
-0.5987
-0.5970
-0.5954
-0.5938
-0.5923
-0.5909
-0.5895
-0.5882
-0.5869
-0.5857
-0.5845
-0.5834
-0.5824
-0.5814
-0.5805
-0.5796
-0.5788
-0.5781
-0.5774
-0.5767
-0.5762
-0.5756
-0.5752
-0.5748
-0.5744
-0.5741
-0.5739
-0.5737
-0.5736
-0.5735
-0.5735
-0.5736
-0.5737
-0.5739
-0.5741
-0.5744
-0.5747
-0.5751
-0.5756
-0.5761
-0.5767
-0.5773
-0.5780
-0.5787
-0.5795
-0.5804
-0.5813
-0.5823
-0.5833
-0.5844
-0.5856
-0.5868
-0.5880
-0.5894
-0.5907
-0.5922
-0.5937
-0.5952
-0.5968
-0.5985
-0.6002
-0.6020
-0.6039
-0.6058
-0.6077
-0.6097
-0.6118
-0.6139
-0.6161
-0.6184
-0.6207
-0.6230
-0.6254
-0.6279
-0.6304
-0.6330
-0.6357
-0.6384
-0.6411
-0.6440
-0.6468
-0.6498
-0.6528
-0.6558
-0.6589
-0.6621
-0.6653
-0.6686
-0.6719
-0.6753
-0.6788
-0.6823
-0.6858
-0.6894
-0.6931
-0.6969
-0.7007
-0.7045
-0.7084
-0.7124
-0.7164
-0.7205
-0.7246
-0.7288
-0.7331
-0.7374
-0.7418
-0.7462
-0.7507
-0.7552
-0.7598
-0.7645
-0.7692
-0.7739
-0.7788
-0.7837
-0.7886
-0.7936
-0.7986
-0.8038
-0.8089
-0.8141
-0.8194
-0.8248
-0.8302
-0.8356
-0.8411
-0.8467
-0.8523
-0.8580
-0.8637
-0.8695
-0.8754
-0.8813
-0.8873
-0.8933
-0.8994
-0.9000
-0.8948
-0.8896
-0.8845
-0.8794
-0.8744
-0.8695
-0.8646
-0.8598
-0.8550
-0.8503
-0.8457
-0.8411
-0.8365
-0.8320
-0.8276
-0.8232
-0.8189
-0.8147
-0.8105
-0.8063
-0.8022
-0.7982
-0.7942
-0.7903
-0.7865
-0.7827
-0.7789
-0.7752
-0.7716
-0.7680
-0.7645
-0.7611
-0.7577
-0.7543
-0.7510
-0.7478
-0.7446
-0.7415
-0.7385
-0.7355
-0.7325
-0.7296
-0.7268
-0.7241
-0.7213
-0.7187
-0.7161
-0.7135
-0.7111
-0.7086
-0.7063
-0.7040
-0.7017
-0.6995
-0.6974
-0.6953
-0.6933
-0.6913
-0.6894
-0.6875
-0.6857
-0.6840
-0.6823
-0.6807
-0.6791
-0.6776
-0.6762
-0.6748
-0.6734
-0.6722
-0.6709
-0.6698
-0.6687
-0.6676
-0.6666
-0.6657
-0.6648
-0.6640
-0.6633
-0.6625
-0.6619
-0.6613
-0.6608
-0.6603
-0.6599
-0.6595
-0.6592
-0.6590
-0.6588
-0.6587
-0.6586
-0.6586
-0.6586
-0.6587
-0.6589
-0.6591
-0.6594
-0.6597
-0.6601
-0.6605
-0.6610
-0.6616
-0.6622
-0.6629
-0.6636
-0.6644
-0.6653
-0.6662
-0.6671
-0.6681
-0.6692
-0.6704
-0.6715
-0.6728
-0.6741
-0.6755
-0.6769
-0.6784
-0.6799
-0.6815
-0.6831
-0.6849
-0.6866
-0.6884
-0.6903
-0.6923
-0.6943
-0.6963
-0.6984
-0.7006
-0.7028
-0.7051
-0.7074
-0.7098
-0.7123
-0.7148
-0.7174
-0.7200
-0.7227
-0.7254
-0.7282
-0.7311
-0.7340
-0.7370
-0.7400
-0.7431
-0.7462
-0.7494
-0.7527
-0.7560
-0.7593
-0.7628
-0.7663
-0.7698
-0.7734
-0.7771
-0.7808
-0.7845
-0.7884
-0.7922
-0.7962
-0.8002
-0.8042
-0.8084
-0.8125
-0.8168
-0.8210
-0.8254
-0.8298
-0.8342
-0.8388
-0.8433
-0.8480
-0.8526
-0.8574
-0.8622
-0.8670
-0.8719
-0.8769
-0.8819
-0.8870
-0.8922
-0.8974
-0.9000
-0.8955
-0.8911
-0.8868
-0.8825
-0.8782
-0.8741
-0.8699
-0.8659
-0.8619
-0.8579
-0.8540
-0.8502
-0.8464
-0.8427
-0.8390
-0.8354
-0.8318
-0.8283
-0.8249
-0.8215
-0.8182
-0.8149
-0.8117
-0.8086
-0.8055
-0.8024
-0.7994
-0.7965
-0.7936
-0.7908
-0.7881
-0.7854
-0.7827
-0.7802
-0.7776
-0.7752
-0.7728
-0.7704
-0.7681
-0.7659
-0.7637
-0.7616
-0.7595
-0.7575
-0.7555
-0.7536
-0.7518
-0.7500
-0.7483
-0.7466
-0.7450
-0.7434
-0.7419
-0.7405
-0.7391
-0.7378
-0.7365
-0.7353
-0.7342
-0.7331
-0.7320
-0.7311
-0.7301
-0.7293
-0.7285
-0.7277
-0.7270
-0.7264
-0.7258
-0.7253
-0.7248
-0.7244
-0.7241
-0.7238
-0.7235
-0.7233
-0.7232
-0.7232
-0.7232
-0.7232
-0.7233
-0.7235
-0.7237
-0.7240
-0.7243
-0.7247
-0.7252
-0.7257
-0.7262
-0.7269
-0.7275
-0.7283
-0.7291
-0.7299
-0.7308
-0.7318
-0.7328
-0.7339
-0.7351
-0.7362
-0.7375
-0.7388
-0.7402
-0.7416
-0.7431
-0.7446
-0.7462
-0.7479
-0.7496
-0.7514
-0.7532
-0.7551
-0.7570
-0.7590
-0.7611
-0.7632
-0.7653
-0.7676
-0.7699
-0.7722
-0.7746
-0.7771
-0.7796
-0.7821
-0.7848
-0.7874
-0.7902
-0.7930
-0.7958
-0.7988
-0.8017
-0.8048
-0.8078
-0.8110
-0.8142
-0.8174
-0.8207
-0.8241
-0.8275
-0.8310
-0.8346
-0.8382
-0.8418
-0.8455
-0.8493
-0.8531
-0.8570
-0.8609
-0.8649
-0.8690
-0.8731
-0.8773
-0.8815
-0.8858
-0.8901
-0.8945
-0.8990
-0.9000
-0.8962
-0.8924
-0.8887
-0.8850
-0.8814
-0.8779
-0.8744
-0.8710
-0.8676
-0.8643
-0.8611
-0.8579
-0.8547
-0.8516
-0.8486
-0.8456
-0.8427
-0.8399
-0.8371
-0.8343
-0.8316
-0.8290
-0.8264
-0.8239
-0.8215
-0.8191
-0.8167
-0.8144
-0.8122
-0.8100
-0.8079
-0.8059
-0.8039
-0.8019
-0.8000
-0.7982
-0.7964
-0.7947
-0.7931
-0.7915
-0.7899
-0.7884
-0.7870
-0.7856
-0.7843
-0.7831
-0.7819
-0.7807
-0.7796
-0.7786
-0.7776
-0.7767
-0.7759
-0.7750
-0.7743
-0.7736
-0.7730
-0.7724
-0.7719
-0.7714
-0.7710
-0.7707
-0.7704
-0.7702
-0.7700
-0.7699
-0.7698
-0.7698
-0.7699
-0.7700
-0.7702
-0.7704
-0.7707
-0.7710
-0.7714
-0.7719
-0.7724
-0.7730
-0.7736
-0.7743
-0.7750
-0.7758
-0.7767
-0.7776
-0.7786
-0.7796
-0.7807
-0.7819
-0.7831
-0.7843
-0.7856
-0.7870
-0.7884
-0.7899
-0.7915
-0.7931
-0.7947
-0.7964
-0.7982
-0.8000
-0.8019
-0.8039
-0.8059
-0.8079
-0.8100
-0.8122
-0.8144
-0.8167
-0.8191
-0.8215
-0.8239
-0.8264
-0.8290
-0.8316
-0.8343
-0.8371
-0.8399
-0.8427
-0.8456
-0.8486
-0.8516
-0.8547
-0.8579
-0.8611
-0.8643
-0.8676
-0.8710
-0.8744
-0.8779
-0.8814
-0.8850
-0.8887
-0.8924
-0.8962
-0.9000
-0.9000
-0.8967
-0.8935
-0.8903
-0.8872
-0.8841
-0.8811
-0.8782
-0.8753
-0.8725
-0.8697
-0.8670
-0.8643
-0.8617
-0.8592
-0.8567
-0.8543
-0.8519
-0.8496
-0.8473
-0.8451
-0.8430
-0.8409
-0.8388
-0.8369
-0.8350
-0.8331
-0.8313
-0.8295
-0.8279
-0.8262
-0.8246
-0.8231
-0.8217
-0.8203
-0.8189
-0.8176
-0.8164
-0.8152
-0.8141
-0.8130
-0.8120
-0.8111
-0.8102
-0.8093
-0.8086
-0.8079
-0.8072
-0.8066
-0.8060
-0.8055
-0.8051
-0.8047
-0.8044
-0.8041
-0.8039
-0.8038
-0.8037
-0.8037
-0.8037
-0.8038
-0.8039
-0.8041
-0.8044
-0.8047
-0.8050
-0.8054
-0.8059
-0.8065
-0.8071
-0.8077
-0.8084
-0.8092
-0.8100
-0.8109
-0.8118
-0.8128
-0.8139
-0.8150
-0.8161
-0.8174
-0.8186
-0.8200
-0.8214
-0.8228
-0.8243
-0.8259
-0.8275
-0.8292
-0.8309
-0.8327
-0.8346
-0.8365
-0.8384
-0.8404
-0.8425
-0.8447
-0.8468
-0.8491
-0.8514
-0.8538
-0.8562
-0.8587
-0.8612
-0.8638
-0.8664
-0.8691
-0.8719
-0.8747
-0.8776
-0.8805
-0.8835
-0.8865
-0.8896
-0.8928
-0.8960
-0.8993
-0.9000
-0.8972
-0.8944
-0.8917
-0.8891
-0.8865
-0.8840
-0.8815
-0.8791
-0.8768
-0.8745
-0.8722
-0.8700
-0.8679
-0.8658
-0.8638
-0.8619
-0.8600
-0.8581
-0.8563
-0.8546
-0.8529
-0.8513
-0.8498
-0.8483
-0.8468
-0.8454
-0.8441
-0.8428
-0.8416
-0.8404
-0.8393
-0.8383
-0.8373
-0.8364
-0.8355
-0.8347
-0.8339
-0.8332
-0.8326
-0.8320
-0.8315
-0.8310
-0.8306
-0.8302
-0.8299
-0.8296
-0.8295
-0.8293
-0.8293
-0.8292
-0.8293
-0.8294
-0.8295
-0.8297
-0.8300
-0.8303
-0.8307
-0.8311
-0.8316
-0.8322
-0.8328
-0.8335
-0.8342
-0.8350
-0.8358
-0.8367
-0.8376
-0.8386
-0.8397
-0.8408
-0.8420
-0.8433
-0.8445
-0.8459
-0.8473
-0.8488
-0.8503
-0.8519
-0.8535
-0.8552
-0.8569
-0.8587
-0.8606
-0.8625
-0.8645
-0.8665
-0.8686
-0.8708
-0.8730
-0.8752
-0.8776
-0.8799
-0.8824
-0.8849
-0.8874
-0.8900
-0.8927
-0.8954
-0.8982
-0.9000
-0.8976
-0.8953
-0.8930
-0.8908
-0.8887
-0.8866
-0.8845
-0.8825
-0.8806
-0.8787
-0.8769
-0.8752
-0.8735
-0.8718
-0.8703
-0.8687
-0.8673
-0.8658
-0.8645
-0.8632
-0.8619
-0.8608
-0.8596
-0.8586
-0.8575
-0.8566
-0.8557
-0.8548
-0.8540
-0.8533
-0.8526
-0.8520
-0.8515
-0.8510
-0.8505
-0.8501
-0.8498
-0.8495
-0.8493
-0.8492
-0.8490
-0.8490
-0.8490
-0.8491
-0.8492
-0.8494
-0.8496
-0.8499
-0.8503
-0.8507
-0.8511
-0.8517
-0.8523
-0.8529
-0.8536
-0.8543
-0.8551
-0.8560
-0.8569
-0.8579
-0.8589
-0.8600
-0.8612
-0.8624
-0.8637
-0.8650
-0.8664
-0.8678
-0.8693
-0.8708
-0.8724
-0.8741
-0.8758
-0.8776
-0.8794
-0.8813
-0.8833
-0.8853
-0.8873
-0.8895
-0.8916
-0.8939
-0.8961
-0.8985
-0.9000
-0.8980
-0.8960
-0.8941
-0.8923
-0.8905
-0.8888
-0.8871
-0.8855
-0.8839
-0.8824
-0.8810
-0.8796
-0.8783
-0.8770
-0.8758
-0.8746
-0.8735
-0.8725
-0.8715
-0.8705
-0.8697
-0.8689
-0.8681
-0.8674
-0.8667
-0.8662
-0.8656
-0.8651
-0.8647
-0.8644
-0.8641
-0.8638
-0.8636
-0.8635
-0.8634
-0.8634
-0.8634
-0.8635
-0.8637
-0.8639
-0.8641
-0.8645
-0.8648
-0.8653
-0.8658
-0.8663
-0.8669
-0.8676
-0.8683
-0.8691
-0.8699
-0.8708
-0.8717
-0.8727
-0.8738
-0.8749
-0.8761
-0.8773
-0.8786
-0.8800
-0.8814
-0.8828
-0.8843
-0.8859
-0.8875
-0.8892
-0.8910
-0.8928
-0.8946
-0.8966
-0.8985
-0.9000
-0.8983
-0.8967
-0.8951
-0.8936
-0.8921
-0.8907
-0.8894
-0.8881
-0.8868
-0.8856
-0.8845
-0.8835
-0.8824
-0.8815
-0.8806
-0.8798
-0.8790
-0.8783
-0.8776
-0.8770
-0.8764
-0.8759
-0.8755
-0.8751
-0.8748
-0.8745
-0.8743
-0.8741
-0.8740
-0.8740
-0.8740
-0.8741
-0.8742
-0.8744
-0.8747
-0.8750
-0.8753
-0.8757
-0.8762
-0.8767
-0.8773
-0.8779
-0.8786
-0.8794
-0.8802
-0.8811
-0.8820
-0.8830
-0.8840
-0.8851
-0.8863
-0.8875
-0.8888
-0.8901
-0.8915
-0.8929
-0.8944
-0.8960
-0.8976
-0.8992
-0.9000
-0.8986
-0.8972
-0.8959
-0.8946
-0.8934
-0.8923
-0.8912
-0.8902
-0.8892
-0.8883
-0.8874
-0.8866
-0.8859
-0.8852
-0.8845
-0.8840
-0.8834
-0.8830
-0.8826
-0.8822
-0.8819
-0.8817
-0.8815
-0.8814
-0.8814
-0.8813
-0.8814
-0.8815
-0.8817
-0.8819
-0.8822
-0.8825
-0.8829
-0.8833
-0.8838
-0.8844
-0.8850
-0.8857
-0.8864
-0.8872
-0.8881
-0.8890
-0.8899
-0.8910
-0.8920
-0.8932
-0.8944
-0.8956
-0.8969
-0.8983
-0.8997
-0.9000
-0.8988
-0.8976
-0.8965
-0.8955
-0.8945
-0.8936
-0.8927
-0.8919
-0.8911
-0.8904
-0.8898
-0.8892
-0.8887
-0.8882
-0.8878
-0.8874
-0.8871
-0.8869
-0.8867
-0.8865
-0.8865
-0.8864
-0.8865
-0.8866
-0.8867
-0.8869
-0.8872
-0.8875
-0.8879
-0.8883
-0.8888
-0.8894
-0.8900
-0.8906
-0.8914
-0.8921
-0.8930
-0.8939
-0.8948
-0.8958
-0.8969
-0.8980
-0.8992
-0.9000
-0.8990
-0.8980
-0.8972
-0.8963
-0.8955
-0.8948
-0.8941
-0.8935
-0.8930
-0.8925
-0.8921
-0.8917
-0.8913
-0.8911
-0.8909
-0.8907
-0.8906
-0.8906
-0.8906
-0.8907
-0.8908
-0.8910
-0.8912
-0.8915
-0.8919
-0.8923
-0.8928
-0.8933
-0.8939
-0.8945
-0.8952
-0.8960
-0.8968
-0.8977
-0.8986
-0.8996
-0.9000
-0.8992
-0.8984
-0.8976
-0.8970
-0.8964
-0.8958
-0.8953
-0.8949
-0.8945
-0.8941
-0.8939
-0.8936
-0.8935
-0.8934
-0.8933
-0.8934
-0.8934
-0.8935
-0.8937
-0.8940
-0.8943
-0.8946
-0.8950
-0.8955
-0.8960
-0.8966
-0.8972
-0.8979
-0.8987
-0.8995
-0.9000
-0.8993
-0.8987
-0.8981
-0.8976
-0.8971
-0.8967
-0.8964
-0.8961
-0.8958
-0.8957
-0.8955
-0.8955
-0.8955
-0.8955
-0.8956
-0.8958
-0.8960
-0.8963
-0.8966
-0.8970
-0.8974
-0.8980
-0.8985
-0.8991
-0.8998
-0.9000
-0.8994
-0.8989
-0.8984
-0.8980
-0.8977
-0.8974
-0.8972
-0.8970
-0.8969
-0.8968
-0.8968
-0.8968
-0.8969
-0.8971
-0.8973
-0.8976
-0.8979
-0.8983
-0.8988
-0.8993
-0.8998
-0.9000
-0.8995
-0.8991
-0.8987
-0.8984
-0.8982
-0.8980
-0.8978
-0.8978
-0.8977
-0.8978
-0.8979
-0.8980
-0.8982
-0.8985
-0.8988
-0.8992
-0.8996
-0.9000
-0.8996
-0.8993
-0.8991
-0.8989
-0.8987
-0.8987
-0.8986
-0.8987
-0.8987
-0.8989
-0.8991
-0.8994
-0.8997
-0.9000
-0.8997
-0.8995
-0.8994
-0.8993
-0.8992
-0.8992
-0.8993
-0.8995
-0.8996
-0.8999
-0.9000
-0.8998
-0.8996
-0.8996
-0.8995
-0.8995
-0.8996
-0.8998
-0.8999
-0.9000
-0.8998
-0.8997
-0.8997
-0.8997
-0.8998
-0.8999
-0.9000
-0.8999
-0.8999
-0.8999
-0.8999
-0.9000
-0.8999
-0.8999
-0.9000
-0.9000
-0.9000
-0.9000
-0.9000
-0.9000
-0.9000
-0.9000
-0.9000
-0.9000
-0.9000
-0.9000
-0.9000
-0.9000
-0.9000
-0.9000
-0.9000
-0.9000
-0.9000
-0.9000
-0.9000
-0.9000
-0.9000
-0.9000
-0.9000
-0.9000
-0.9000
-0.9000
-0.9000
-0.9000
-0.9000
-0.9000
-0.9000
-0.9000
-0.9000
-0.9000
-0.9000
-0.9000
-0.9000
-0.9000
-0.9000
-0.9000
-0.9000
-0.9000
-0.9000
-0.9000
-0.9000
-0.9000
-0.9000
-0.9000
-0.9000
-0.9000
-0.9000
-0.9000
-0.9000
-0.9000
-0.9000
-0.9000
-0.9000
-0.9000
-0.9000
-0.9000
-0.9000
-0.9000
-0.9000
-0.9000
-0.9000
-0.9000
-0.9000
-0.9000
-0.9000
-0.9000
-0.9000
-0.9000
-0.9000
-0.9000
-0.9000
-0.9000
-0.9000
-0.9000
-0.9000
-0.9000
-0.9000
-0.9000
-0.9000
-0.9000
-0.9000
-0.9000
-0.9000
-0.9000
-0.9000
-0.9000
-0.9000
-0.9000
-0.9000
-0.9000
-0.9000
-0.9000
-0.9000
-0.9000
-0.9000
-0.9000
-0.9000
-0.9000
-0.9000
-0.9000
-0.9000
-0.9000
-0.9000
-0.9000
-0.9000
-0.9000
-0.9000
-0.9000
-0.9000
-0.9000
-0.9000
-0.9000
-0.9000
-0.9000
-0.9000
-0.9000
-0.9000
-0.9000
-0.9000
-0.9000
-0.9000
-0.9000
-0.9000
-0.9000
-0.9000
-0.9000
-0.9000
-0.9000
-0.9000
-0.9000
-0.9000
-0.9000
-0.9000
-0.9000
-0.9000
-0.9000
-0.9000
-0.9000
-0.9000
-0.9000
-0.9000
-0.9000
-0.9000
-0.9000
-0.9000
-0.9000
-0.9000
-0.9000
-0.9000
-0.9000
-0.9000
-0.9000
-0.9000
-0.9000
-0.9000
-0.9000
-0.9000
-0.9000
-0.9000
-0.9000
-0.9000
-0.9000
-0.9000
-0.9000
-0.9000
-0.9000
-0.9000
-0.9000
-0.9000
-0.9000
-0.9000
-0.9000
-0.9000
-0.9000
-0.9000
-0.9000
-0.9000
-0.9000
-0.9000
-0.9000
-0.9000
-0.9000
-0.9000
-0.9000
-0.9000
-0.9000
-0.9000
-0.9000
-0.9000
-0.9000
-0.9000
-0.9000
-0.9000
-0.9000
-0.9000
-0.9000
-0.9000
-0.9000
-0.9000
-0.9000
-0.9000
-0.9000
-0.9000
-0.9000
-0.9000
-0.9000
-0.9000
-0.9000
-0.9000
-0.9000
-0.9000
-0.9000
-0.9000
-0.9000
-0.9000
-0.9000
-0.9000
-0.9000
-0.9000
-0.9000
-0.9000
-0.9000
-0.9000
-0.9000
-0.9000
-0.9000
-0.9000
-0.9000
-0.9000
-0.9000
-0.9000
-0.9000
-0.9000
-0.9000
-0.9000
-0.9000
-0.9000
-0.9000
-0.9000
-0.9000
-0.9000
-0.9000
-0.9000
-0.9000
-0.9000
-0.9000
-0.9000
-0.9000
-0.9000
-0.9000
-0.9000
-0.9000
-0.9000
-0.9000
-0.9000
-0.9000
-0.9000
-0.9000
-0.9000
-0.9000
-0.9000
-0.9000
-0.9000
-0.9000
-0.9000
-0.9000
-0.9000
-0.9000
-0.9000
-0.9000
-0.9000
-0.9000
-0.9000
-0.9000
-0.9000
-0.9000
-0.9000
-0.9000
-0.9000
-0.9000
-0.9000
-0.9000
-0.9000
-0.9000
-0.9000
-0.9000
-0.9000
-0.9000
-0.9000
-0.9000
-0.9000
-0.9000
-0.9000
-0.9000
-0.9000
-0.9000
-0.9000
-0.9000
-0.9000
-0.9000
-0.9000
-0.9000
-0.9000
-0.9000
-0.9000
-0.9000
-0.9000
-0.9000
-0.9000
-0.9000
-0.9000
-0.9000
-0.9000
-0.9000
-0.9000
-0.9000
-0.9000
-0.9000
-0.9000
-0.9000
-0.9000
-0.9000
-0.9000
-0.9000
-0.9000
-0.9000
-0.9000
-0.9000
-0.9000
-0.9000
-0.9000
-0.9000
-0.9000
-0.9000
-0.9000
-0.9000
-0.9000
-0.9000
-0.9000
-0.9000
-0.9000
-0.9000
-0.9000
-0.9000
-0.9000
-0.9000
-0.9000
-0.9000
-0.9000
-0.9000
-0.9000
-0.9000
-0.9000
-0.9000
-0.9000
-0.9000
-0.9000
-0.9000
-0.9000
-0.9000
-0.9000
-0.9000
-0.9000
-0.9000
-0.9000
-0.9000
-0.9000
-0.9000
-0.9000
-0.9000
-0.9000
-0.9000
-0.9000
-0.9000
-0.9000
-0.9000
-0.9000
-0.9000
-0.9000
-0.9000
-0.9000
-0.9000
-0.9000
-0.9000
-0.9000
-0.9000
-0.9000
-0.9000
-0.9000
-0.9000
-0.9000
-0.9000
-0.9000
-0.9000
-0.9000
-0.9000
-0.9000
-0.9000
-0.9000
-0.9000
-0.9000
-0.9000
-0.9000
-0.9000
-0.9000
-0.9000
-0.9000
-0.9000
-0.9000
-0.9000
-0.9000
-0.9000
-0.9000
-0.9000
-0.9000
-0.9000
-0.9000
-0.9000
-0.9000
-0.9000
-0.9000
-0.9000
-0.9000
-0.9000
-0.9000
-0.9000
-0.9000
-0.9000
-0.9000
-0.9000
-0.9000
-0.9000
-0.9000
-0.9000
-0.9000
-0.9000
-0.9000
-0.9000
-0.9000
-0.9000
-0.9000
-0.9000
-0.9000
-0.9000
-0.9000
-0.9000
-0.9000
-0.9000
-0.9000
-0.9000
-0.9000
-0.9000
-0.9000
-0.9000
-0.9000
-0.9000
-0.9000
-0.9000
-0.9000
-0.9000
-0.9000
-0.9000
-0.9000
-0.9000
-0.9000
-0.9000
-0.9000
-0.9000
-0.9000
-0.9000
-0.9000
-0.9000
-0.9000
-0.9000
-0.9000
-0.9000
-0.9000
-0.9000
-0.9000
-0.9000
-0.9000
-0.9000
-0.9000
-0.9000
-0.9000
-0.9000
-0.9000
-0.9000
-0.9000
-0.9000
-0.9000
-0.9000
-0.9000
-0.9000
-0.9000
-0.9000
-0.9000
-0.9000
-0.9000
-0.9000
-0.9000
-0.9000
-0.9000
-0.9000
-0.9000
-0.9000
-0.9000
-0.9000
-0.9000
-0.9000
-0.9000
-0.9000
-0.9000
-0.9000
-0.9000
-0.9000
-0.9000
-0.9000
-0.9000
-0.9000
-0.9000
-0.9000
-0.9000
-0.9000
-0.9000
-0.9000
-0.9000
-0.9000
-0.9000
-0.9000
-0.9000
-0.9000
-0.9000
-0.9000
-0.9000
-0.9000
-0.9000
-0.9000
-0.9000
-0.9000
-0.9000
-0.9000
-0.9000
-0.9000
-0.9000
-0.9000
-0.9000
-0.9000
-0.9000
-0.9000
-0.9000
-0.9000
-0.9000
-0.9000
-0.9000
-0.9000
-0.9000
-0.9000
-0.9000
-0.9000
-0.9000
-0.9000
-0.9000
-0.9000
-0.9000
-0.9000
-0.9000
-0.9000
-0.9000
-0.9000
-0.9000
-0.9000
-0.9000
-0.9000
-0.9000
-0.9000
-0.9000
-0.9000
-0.9000
-0.9000
-0.9000
-0.9000
-0.9000
-0.9000
-0.9000
-0.9000
-0.9000
-0.9000
-0.9000
-0.9000
-0.9000
-0.9000
-0.9000
-0.9000
-0.9000
-0.9000
-0.9000
-0.9000
-0.9000
-0.9000
-0.9000
-0.9000
-0.9000
-0.9000
-0.9000
-0.9000
-0.9000
-0.9000
-0.9000
-0.9000
-0.9000
-0.9000
-0.9000
-0.9000
-0.9000
-0.9000
-0.9000
-0.9000
-0.9000
-0.9000
-0.9000
-0.9000
-0.9000
-0.9000
-0.9000
-0.9000
-0.9000
-0.9000
-0.9000
-0.9000
-0.9000
-0.9000
-0.9000
-0.9000
-0.9000
-0.9000
-0.9000
-0.9000
-0.9000
-0.9000
-0.9000
-0.9000
-0.9000
-0.9000
-0.9000
-0.9000
-0.9000
-0.9000
-0.9000
-0.9000
-0.9000
-0.9000
-0.9000
-0.9000
-0.9000
-0.9000
-0.9000
-0.9000
-0.9000
-0.9000
-0.9000
-0.9000
-0.9000
-0.9000
-0.9000
-0.9000
-0.9000
-0.9000
-0.9000
-0.9000
-0.9000
-0.9000
-0.9000
-0.9000
-0.9000
-0.9000
-0.9000
-0.9000
-0.9000
-0.9000
-0.9000
-0.9000
-0.9000
-0.9000
-0.9000
-0.9000
-0.9000
-0.9000
-0.9000
-0.9000
-0.9000
-0.9000
-0.9000
-0.9000
-0.9000
-0.9000
-0.9000
-0.9000
-0.9000
-0.9000
-0.9000
-0.9000
-0.9000
-0.9000
-0.9000
-0.9000
-0.9000
-0.9000
-0.9000
-0.9000
-0.9000
-0.9000
-0.9000
-0.9000
-0.9000
-0.9000
-0.9000
-0.9000
-0.9000
-0.9000
-0.9000
-0.9000
-0.9000
-0.9000
-0.9000
-0.9000
-0.9000
-0.9000
-0.9000
-0.9000
-0.9000
-0.9000
-0.9000
-0.9000
-0.9000
-0.9000
-0.9000
-0.9000
-0.9000
-0.9000
-0.9000
-0.9000
-0.9000
-0.9000
-0.9000
-0.9000
-0.9000
-0.9000
-0.9000
-0.9000
-0.9000
-0.9000
-0.9000
-0.9000
-0.9000
-0.9000
-0.9000
-0.9000
-0.9000
-0.9000
-0.9000
-0.9000
-0.9000
-0.9000
-0.9000
-0.9000
-0.9000
-0.9000
-0.9000
-0.9000
-0.9000
-0.9000
-0.9000
-0.9000
-0.9000
-0.9000
-0.9000
-0.9000
-0.9000
-0.9000
-0.9000
-0.9000
-0.9000
-0.9000
-0.9000
-0.9000
-0.9000
-0.9000
-0.9000
-0.9000
-0.9000
-0.9000
-0.9000
-0.9000
-0.9000
-0.9000
-0.9000
-0.9000
-0.9000
-0.9000
-0.9000
-0.9000
-0.9000
-0.9000
-0.9000
-0.9000
-0.9000
-0.9000
-0.9000
-0.9000
-0.9000
-0.9000
-0.9000
-0.9000
-0.9000
-0.9000
-0.9000
-0.9000
-0.9000
-0.9000
-0.9000
-0.9000
-0.9000
-0.9000
-0.9000
-0.9000
-0.9000
-0.9000
-0.9000
-0.9000
-0.9000
-0.9000
-0.9000
-0.9000
-0.9000
-0.9000
-0.9000
-0.9000
-0.9000
-0.9000
-0.9000
-0.9000
-0.9000
-0.9000
-0.9000
-0.9000
-0.9000
-0.9000
-0.9000
-0.9000
-0.9000
-0.9000
-0.9000
-0.9000
-0.9000
-0.9000
-0.9000
-0.9000
-0.9000
-0.9000
-0.9000
-0.9000
-0.9000
-0.9000
-0.9000
-0.9000
-0.9000
-0.9000
-0.9000
-0.9000
-0.9000
-0.9000
-0.9000
-0.9000
-0.9000
-0.9000
-0.9000
-0.9000
-0.9000
-0.9000
-0.9000
-0.9000
-0.9000
-0.9000
-0.9000
-0.9000
-0.9000
-0.9000
-0.9000
-0.9000
-0.9000
-0.9000
-0.9000
-0.9000
-0.9000
-0.9000
-0.9000
-0.9000
-0.9000
-0.9000
-0.9000
-0.9000
-0.9000
-0.9000
-0.9000
-0.9000
-0.9000
-0.9000
-0.9000
-0.9000
-0.9000
-0.9000
-0.9000
-0.9000
-0.9000
-0.9000
-0.9000
-0.9000
-0.9000
-0.9000
-0.9000
-0.9000
-0.9000
-0.9000
-0.9000
-0.9000
-0.9000
-0.9000
-0.9000
-0.9000
-0.9000
-0.9000
-0.9000
-0.9000
-0.9000
-0.9000
-0.9000
-0.9000
-0.9000
-0.9000
-0.9000
-0.9000
-0.9000
-0.9000
-0.9000
-0.9000
-0.9000
-0.9000
-0.9000
-0.9000
-0.9000
-0.9000
-0.9000
-0.9000
-0.9000
-0.9000
-0.9000
-0.9000
-0.9000
-0.9000
-0.9000
-0.9000
-0.9000
-0.9000
-0.9000
-0.9000
-0.9000
-0.9000
-0.9000
-0.9000
-0.9000
-0.9000
-0.9000
-0.9000
-0.9000
-0.9000
-0.9000
-0.9000
-0.9000
-0.9000
-0.9000
-0.9000
-0.9000
-0.9000
-0.9000
-0.9000
-0.9000
-0.9000
-0.9000
-0.9000
-0.9000
-0.9000
-0.9000
-0.9000
-0.9000
-0.9000
-0.9000
-0.9000
-0.9000
-0.9000
-0.9000
-0.9000
-0.9000
-0.9000
-0.9000
-0.9000
-0.9000
-0.9000
-0.9000
-0.9000
-0.9000
-0.9000
-0.9000
-0.9000
-0.9000
-0.9000
-0.9000
-0.9000
-0.9000
-0.9000
-0.9000
-0.9000
-0.9000
-0.9000
-0.9000
-0.9000
-0.9000
-0.9000
-0.9000
-0.9000
-0.9000
-0.9000
-0.9000
-0.9000
-0.9000
-0.9000
-0.9000
-0.9000
-0.9000
-0.9000
-0.9000
-0.9000
-0.9000
-0.9000
-0.9000
-0.9000
-0.9000
-0.9000
-0.9000
-0.9000
-0.9000
-0.9000
-0.9000
-0.9000
-0.9000
-0.9000
-0.9000
-0.9000
-0.9000
-0.9000
-0.9000
-0.9000
-0.9000
-0.9000
-0.9000
-0.9000
-0.9000
-0.9000
-0.9000
-0.9000
-0.9000
-0.9000
-0.9000
-0.9000
-0.9000
-0.9000
-0.9000
-0.9000
-0.9000
-0.9000
-0.9000
-0.9000
-0.9000
-0.9000
-0.9000
-0.9000
-0.9000
-0.9000
-0.9000
-0.9000
-0.9000
-0.9000
-0.9000
-0.9000
-0.9000
-0.9000
-0.9000
-0.9000
-0.9000
-0.9000
-0.9000
-0.9000
-0.9000
-0.9000
-0.9000
-0.9000
-0.9000
-0.9000
-0.9000
-0.9000
-0.9000
-0.9000
-0.9000
-0.9000
-0.9000
-0.9000
-0.9000
-0.9000
-0.9000
-0.9000
-0.9000
-0.9000
-0.9000
-0.9000
-0.9000
-0.9000
-0.9000
-0.9000
-0.9000
-0.9000
-0.9000
-0.9000
-0.9000
-0.9000
-0.9000
-0.9000
-0.9000
-0.9000
-0.9000
-0.9000
-0.9000
-0.9000
-0.9000
-0.9000
-0.9000
-0.9000
-0.9000
-0.9000
-0.9000
-0.9000
-0.9000
-0.9000
-0.9000
-0.9000
-0.9000
-0.9000
-0.9000
-0.9000
-0.9000
-0.9000
-0.9000
-0.9000
-0.9000
-0.9000
-0.9000
-0.9000
-0.9000
-0.9000
-0.9000
-0.9000
-0.9000
-0.9000
-0.9000
-0.9000
-0.9000
-0.9000
-0.9000
-0.9000
-0.9000
-0.9000
-0.9000
-0.9000
-0.9000
-0.9000
-0.9000
-0.9000
-0.9000
-0.9000
-0.9000
-0.9000
-0.9000
-0.9000
-0.9000
-0.9000
-0.9000
-0.9000
-0.9000
-0.9000
-0.9000
-0.9000
-0.9000
-0.9000
-0.9000
-0.9000
-0.9000
-0.9000
-0.9000
-0.9000
-0.9000
-0.9000
-0.9000
-0.9000
-0.9000
-0.9000
-0.9000
-0.9000
-0.9000
-0.9000
-0.9000
-0.9000
-0.9000
-0.9000
-0.9000
-0.9000
-0.9000
-0.9000
-0.9000
-0.9000
-0.9000
-0.9000
-0.9000
-0.9000
-0.9000
-0.9000
-0.9000
-0.9000
-0.9000
-0.9000
-0.9000
-0.9000
-0.9000
-0.9000
-0.9000
-0.9000
-0.9000
-0.9000
-0.9000
-0.9000
-0.9000
-0.9000
-0.9000
-0.9000
-0.9000
-0.9000
-0.9000
-0.9000
-0.9000
-0.9000
-0.9000
-0.9000
-0.9000
-0.9000
-0.9000
-0.9000
-0.9000
-0.9000
-0.9000
-0.9000
-0.9000
-0.9000
-0.9000
-0.9000
-0.9000
-0.9000
-0.9000
-0.9000
-0.9000
-0.9000
-0.9000
-0.9000
-0.9000
-0.9000
-0.9000
-0.9000
-0.9000
-0.9000
-0.9000
-0.9000
-0.9000
-0.9000
-0.9000
-0.9000
-0.9000
-0.9000
-0.9000
-0.9000
-0.9000
-0.9000
-0.9000
-0.9000
-0.9000
-0.9000
-0.9000
-0.9000
-0.9000
-0.9000
-0.9000
-0.9000
-0.9000
-0.9000
-0.9000
-0.9000
-0.9000
-0.9000
-0.9000
-0.9000
-0.9000
-0.9000
-0.9000
-0.9000
-0.9000
-0.9000
-0.9000
-0.9000
-0.9000
-0.9000
-0.9000
-0.9000
-0.9000
-0.9000
-0.9000
-0.9000
-0.9000
-0.9000
-0.9000
-0.9000
-0.9000
-0.9000
-0.9000
-0.9000
-0.9000
-0.9000
-0.9000
-0.9000
-0.9000
-0.9000
-0.9000
-0.9000
-0.9000
-0.9000
-0.9000
-0.9000
-0.9000
-0.9000
-0.9000
-0.9000
-0.9000
-0.9000
-0.9000
-0.9000
-0.9000
-0.9000
-0.9000
-0.9000
-0.9000
-0.9000
-0.9000
-0.9000
-0.9000
-0.9000
-0.9000
-0.9000
-0.9000
-0.9000
-0.9000
-0.9000
-0.9000
-0.9000
-0.9000
-0.9000
-0.9000
-0.9000
-0.9000
-0.9000
-0.9000
-0.9000
-0.9000
-0.9000
-0.9000
-0.9000
-0.9000
-0.9000
-0.9000
-0.9000
-0.9000
-0.9000
-0.9000
-0.9000
-0.9000
-0.9000
-0.9000
-0.9000
-0.9000
-0.9000
-0.9000
-0.9000
-0.9000
-0.9000
-0.9000
-0.9000
-0.9000
-0.9000
-0.9000
-0.9000
-0.9000
-0.9000
-0.9000
-0.9000
-0.9000
-0.9000
-0.9000
-0.9000
-0.9000
-0.9000
-0.9000
-0.9000
-0.9000
-0.9000
-0.9000
-0.9000
-0.9000
-0.9000
-0.9000
-0.9000
-0.9000
-0.9000
-0.9000
-0.9000
-0.9000
-0.9000
-0.9000
-0.9000
-0.9000
-0.9000
-0.9000
-0.9000
-0.9000
-0.9000
-0.9000
-0.9000
-0.9000
-0.9000
-0.9000
-0.9000
-0.9000
-0.9000
-0.9000
-0.9000
-0.9000
-0.9000
-0.9000
-0.9000
-0.9000
-0.9000
-0.9000
-0.9000
-0.9000
-0.9000
-0.9000
-0.9000
-0.9000
-0.9000
-0.9000
-0.9000
-0.9000
-0.9000
-0.9000
-0.9000
-0.9000
-0.9000
-0.9000
-0.9000
-0.9000
-0.9000
-0.9000
-0.9000
-0.9000
-0.9000
-0.9000
-0.9000
-0.9000
-0.9000
-0.9000
-0.9000
-0.9000
-0.9000
-0.9000
-0.9000
-0.9000
-0.9000
-0.9000
-0.9000
-0.9000
-0.9000
-0.9000
-0.9000
-0.9000
-0.9000
-0.9000
-0.9000
-0.9000
-0.9000
-0.9000
-0.9000
-0.9000
-0.9000
-0.9000
-0.9000
-0.9000
-0.9000
-0.9000
-0.9000
-0.9000
-0.9000
-0.9000
-0.9000
-0.9000
-0.9000
-0.9000
-0.9000
-0.9000
-0.9000
-0.9000
-0.9000
-0.9000
-0.9000
-0.9000
-0.9000
-0.9000
-0.9000
-0.9000
-0.9000
-0.9000
-0.9000
-0.9000
-0.9000
-0.9000
-0.9000
-0.9000
-0.9000
-0.9000
-0.9000
-0.9000
-0.9000
-0.9000
-0.9000
-0.9000
-0.9000
-0.9000
-0.9000
-0.9000
-0.9000
-0.9000
-0.9000
-0.9000
-0.9000
-0.9000
-0.9000
-0.9000
-0.9000
-0.9000
-0.9000
-0.9000
-0.9000
-0.9000
-0.9000
-0.9000
-0.9000
-0.9000
-0.9000
-0.9000
-0.9000
-0.9000
-0.9000
-0.9000
-0.9000
-0.9000
-0.9000
-0.9000
-0.9000
-0.9000
-0.9000
-0.9000
-0.9000
-0.9000
-0.9000
-0.9000
-0.9000
-0.9000
-0.9000
-0.9000
-0.9000
-0.9000
-0.9000
-0.9000
-0.9000
-0.9000
-0.9000
-0.9000
-0.9000
-0.9000
-0.9000
-0.9000
-0.9000
-0.9000
-0.9000
-0.9000
-0.9000
-0.9000
-0.9000
-0.9000
-0.9000
-0.9000
-0.9000
-0.9000
-0.9000
-0.9000
-0.9000
-0.9000
-0.9000
-0.9000
-0.9000
-0.9000
-0.9000
-0.9000
-0.9000
-0.9000
-0.9000
-0.9000
-0.9000
-0.9000
-0.9000
-0.9000
-0.9000
-0.9000
-0.9000
-0.9000
-0.9000
-0.9000
-0.9000
-0.9000
-0.9000
-0.9000
-0.9000
-0.9000
-0.9000
-0.9000
-0.9000
-0.9000
-0.9000
-0.9000
-0.9000
-0.9000
-0.9000
-0.9000
-0.9000
-0.9000
-0.9000
-0.9000
-0.9000
-0.9000
-0.9000
-0.9000
-0.9000
-0.9000
-0.9000
-0.9000
-0.9000
-0.9000
-0.9000
-0.9000
-0.9000
-0.9000
-0.9000
-0.9000
-0.9000
-0.9000
-0.9000
-0.9000
-0.9000
-0.9000
-0.9000
-0.9000
-0.9000
-0.9000
-0.9000
-0.9000
-0.9000
-0.9000
-0.9000
-0.9000
-0.9000
-0.9000
-0.9000
-0.9000
-0.9000
-0.9000
-0.9000
-0.9000
-0.9000
-0.9000
-0.9000
-0.9000
-0.9000
-0.9000
-0.9000
-0.9000
-0.9000
-0.9000
-0.9000
-0.9000
-0.9000
-0.9000
-0.9000
-0.9000
-0.9000
-0.9000
-0.9000
-0.9000
-0.9000
-0.9000
-0.9000
-0.9000
-0.9000
-0.9000
-0.9000
-0.9000
-0.9000
-0.9000
-0.9000
-0.9000
-0.9000
-0.9000
-0.9000
-0.9000
-0.9000
-0.9000
-0.9000
-0.9000
-0.9000
-0.9000
-0.9000
-0.9000
-0.9000
-0.9000
-0.9000
-0.9000
-0.9000
-0.9000
-0.9000
-0.9000
-0.9000
-0.9000
-0.9000
-0.9000
-0.9000
-0.9000
-0.9000
-0.9000
-0.9000
-0.9000
-0.9000
-0.9000
-0.9000
-0.9000
-0.9000
-0.9000
-0.9000
-0.9000
-0.9000
-0.9000
-0.9000
-0.9000
-0.9000
-0.9000
-0.9000
-0.9000
-0.9000
-0.9000
-0.9000
-0.9000
-0.9000
-0.9000
-0.9000
-0.9000
-0.9000
-0.9000
-0.9000
-0.9000
-0.9000
-0.9000
-0.9000
-0.9000
-0.9000
-0.9000
-0.9000
-0.9000
-0.9000
-0.9000
-0.9000
-0.9000
-0.9000
-0.9000
-0.9000
-0.9000
-0.9000
-0.9000
-0.9000
-0.9000
-0.9000
-0.9000
-0.9000
-0.9000
-0.9000
-0.9000
-0.9000
-0.9000
-0.9000
-0.9000
-0.9000
-0.9000
-0.9000
-0.9000
-0.9000
-0.9000
-0.9000
-0.9000
-0.9000
-0.9000
-0.9000
-0.9000
-0.9000
-0.9000
-0.9000
-0.9000
-0.9000
-0.9000
-0.9000
-0.9000
-0.9000
-0.9000
-0.9000
-0.9000
-0.9000
-0.9000
-0.9000
-0.9000
-0.9000
-0.9000
-0.9000
-0.9000
-0.9000
-0.9000
-0.9000
-0.9000
-0.9000
-0.9000
-0.9000
-0.9000
-0.9000
-0.9000
-0.9000
-0.9000
-0.9000
-0.9000
-0.9000
-0.9000
-0.9000
-0.9000
-0.9000
-0.9000
-0.9000
-0.9000
-0.9000
-0.9000
-0.9000
-0.9000
-0.9000
-0.9000
-0.9000
-0.9000
-0.9000
-0.9000
-0.9000
-0.9000
-0.9000
-0.9000
-0.9000
-0.9000
-0.9000
-0.9000
-0.9000
-0.9000
-0.9000
-0.9000
-0.9000
-0.9000
-0.9000
-0.9000
-0.9000
-0.9000
-0.9000
-0.9000
-0.9000
-0.9000
-0.9000
-0.9000
-0.9000
-0.9000
-0.9000
-0.9000
-0.9000
-0.9000
-0.9000
-0.9000
-0.9000
-0.9000
-0.9000
-0.9000
-0.9000
-0.9000
-0.9000
-0.9000
-0.9000
-0.9000
-0.9000
-0.9000
-0.9000
-0.9000
-0.9000
-0.9000
-0.9000
-0.9000
-0.9000
-0.9000
-0.9000
-0.9000
-0.9000
-0.9000
-0.9000
-0.9000
-0.9000
-0.9000
-0.9000
-0.9000
-0.9000
-0.9000
-0.9000
-0.9000
-0.9000
-0.9000
-0.9000
-0.9000
-0.9000
-0.9000
-0.9000
-0.9000
-0.9000
-0.9000
-0.9000
-0.9000
-0.9000
-0.9000
-0.9000
-0.9000
-0.9000
-0.9000
-0.9000
-0.9000
-0.9000
-0.9000
-0.9000
-0.9000
-0.9000
-0.9000
-0.9000
-0.9000
-0.9000
-0.9000
-0.9000
-0.9000
-0.9000
-0.9000
-0.9000
-0.9000
-0.9000
-0.9000
-0.9000
-0.9000
-0.9000
-0.9000
-0.9000
-0.9000
-0.9000
-0.9000
-0.9000
-0.9000
-0.9000
-0.9000
-0.9000
-0.9000
-0.9000
-0.9000
-0.9000
-0.9000
-0.9000
-0.9000
-0.9000
-0.9000
-0.9000
-0.9000
-0.9000
-0.9000
-0.9000
-0.9000
-0.9000
-0.9000
-0.9000
-0.9000
-0.9000
-0.9000
-0.9000
-0.9000
-0.9000
-0.9000
-0.9000
-0.9000
-0.9000
-0.9000
-0.9000
-0.9000
-0.9000
-0.9000
-0.9000
-0.9000
-0.9000
-0.9000
-0.9000
-0.9000
-0.9000
-0.9000
-0.9000
-0.9000
-0.9000
-0.9000
-0.9000
-0.9000
-0.9000
-0.9000
-0.9000
-0.9000
-0.9000
-0.9000
-0.9000
-0.9000
-0.9000
-0.9000
-0.9000
-0.9000
-0.9000
-0.9000
-0.9000
-0.9000
-0.9000
-0.9000
-0.9000
-0.9000
-0.9000
-0.9000
-0.9000
-0.9000
-0.9000
-0.9000
-0.9000
-0.9000
-0.9000
-0.9000
-0.9000
-0.9000
-0.9000
-0.9000
-0.9000
-0.9000
-0.9000