1.7437
1.7437
1.7436
1.7435
1.7433
1.7430
1.7427
1.7423
1.7419
1.7414
1.7408
1.7402
1.7396
1.7389
1.7381
1.7372
1.7363
1.7354
1.7344
1.7333
1.7322
1.7310
1.7298
1.7285
1.7271
1.7257
1.7242
1.7227
1.7211
1.7195
1.7178
1.7160
1.7142
1.7123
1.7104
1.7084
1.7063
1.7042
1.7021
1.6998
1.6976
1.6952
1.6928
1.6904
1.6879
1.6853
1.6827
1.6800
1.6772
1.6744
1.6716
1.6687
1.6657
1.6627
1.6596
1.6564
1.6532
1.6500
1.6466
1.6433
1.6398
1.6363
1.6328
1.6292
1.6255
1.6218
1.6180
1.6141
1.6102
1.6063
1.6023
1.5982
1.5941
1.5899
1.5856
1.5813
1.5769
1.5725
1.5680
1.5635
1.5589
1.5543
1.5495
1.5448
1.5399
1.5351
1.5301
1.5251
1.5201
1.5149
1.5098
1.5045
1.4992
1.4939
1.4885
1.4830
1.4775
1.4719
1.4662
1.4605
1.4548
1.4490
1.4431
1.4372
1.4312
1.4251
1.4190
1.4128
1.4066
1.4003
1.3940
1.3876
1.3811
1.3746
1.3680
1.3614
1.3547
1.3480
1.3412
1.3343
1.3274
1.3204
1.3134
1.3063
1.2991
1.2919
1.2846
1.2773
1.2699
1.2624
1.2549
1.2474
1.2397
1.2320
1.2243
1.2165
1.2086
1.2007
1.1927
1.1847
1.1766
1.1685
1.1602
1.1520
1.1437
1.1353
1.1268
1.1183
1.1098
1.1011
1.0924
1.0837
1.0749
1.0661
1.0571
1.0482
1.0391
1.0300
1.0209
1.0117
1.0024
0.9931
0.9837
0.9743
0.9648
0.9552
0.9456
0.9359
0.9262
0.9164
0.9065
0.8966
0.8866
0.8766
0.8665
0.8564
0.8462
0.8359
0.8256
0.8152
0.8047
0.7942
0.7837
0.7731
0.7624
0.7516
0.7408
0.7300
0.7191
0.7081
0.6971
0.6860
0.6748
0.6636
0.6524
0.6410
0.6297
0.6182
0.6067
0.5952
0.5835
0.5719
0.5601
0.5483
0.5365
0.5245
0.5126
0.5005
0.4885
0.4763
0.4641
0.4518
0.4395
0.4271
0.4147
0.4022
0.3896
0.3770
0.3643
0.3516
0.3388
0.3259
0.3130
0.3000
0.2870
0.2739
0.2608
0.2476
0.2343
0.2210
0.2076
0.1941
0.1806
0.1671
0.1535
0.1398
0.1260
0.1122
0.0984
0.0845
0.0705
0.0565
0.0424
0.0282
0.0140
-0.0002
-0.0146
-0.0289
-0.0434
-0.0579
-0.0724
-0.0870
-0.1017
-0.1165
-0.1312
-0.1461
-0.1610
-0.1760
-0.1910
-0.2061
-0.2212
-0.2364
-0.2517
-0.2670
-0.2824
-0.2978
-0.3133
-0.3288
-0.3444
-0.3601
-0.3758
-0.3916
-0.4074
-0.4233
-0.4393
-0.4553
-0.4714
-0.4875
-0.5037
-0.5199
-0.5362
-0.5526
-0.5690
-0.5855
-0.6020
-0.6186
-0.6352
-0.6519
-0.6687
-0.6855
-0.7024
-0.7193
-0.7363
-0.7534
-0.7705
-0.7876
-0.8049
-0.8221
-0.8395
-0.8569
-0.8743
-0.8918
-0.9000
-0.8849
-0.8700
-0.8550
-0.8401
-0.8253
-0.8106
-0.7958
-0.7812
-0.7666
-0.7521
-0.7376
-0.7232
-0.7088
-0.6945
-0.6802
-0.6660
-0.6519
-0.6378
-0.6238
-0.6098
-0.5959
-0.5821
-0.5683
-0.5546
-0.5409
-0.5273
-0.5137
-0.5002
-0.4868
-0.4734
-0.4601
-0.4468
-0.4336
-0.4204
-0.4073
-0.3943
-0.3813
-0.3684
-0.3555
-0.3427
-0.3300
-0.3173
-0.3046
-0.2921
-0.2795
-0.2671
-0.2547
-0.2423
-0.2301
-0.2178
-0.2057
-0.1936
-0.1815
-0.1695
-0.1576
-0.1457
-0.1339
-0.1221
-0.1104
-0.0988
-0.0872
-0.0757
-0.0642
-0.0528
-0.0415
-0.0302
-0.0189
-0.0078
0.0033
0.0144
0.0254
0.0363
0.0472
0.0580
0.0688
0.0795
0.0902
0.1007
0.1113
0.1217
0.1322
0.1425
0.1528
0.1630
0.1732
0.1833
0.1934
0.2034
0.2133
0.2232
0.2331
0.2428
0.2525
0.2622
0.2718
0.2813
0.2908
0.3002
0.3095
0.3188
0.3281
0.3372
0.3464
0.3554
0.3644
0.3734
0.3823
0.3911
0.3999
0.4086
0.4172
0.4258
0.4343
0.4428
0.4512
0.4596
0.4679
0.4761
0.4843
0.4924
0.5005
0.5085
0.5164
0.5243
0.5321
0.5399
0.5476
0.5552
0.5628
0.5704
0.5778
0.5852
0.5926
0.5999
0.6071
0.6143
0.6214
0.6285
0.6355
0.6424
0.6493
0.6561
0.6629
0.6696
0.6763
0.6828
0.6894
0.6958
0.7023
0.7086
0.7149
0.7211
0.7273
0.7334
0.7395
0.7455
0.7514
0.7573
0.7631
0.7689
0.7746
0.7803
0.7859
0.7914
0.7969
0.8023
0.8076
0.8129
0.8181
0.8233
0.8284
0.8335
0.8385
0.8434
0.8483
0.8531
0.8579
0.8626
0.8673
0.8719
0.8764
0.8809
0.8853
0.8896
0.8939
0.8981
0.9023
0.9064
0.9105
0.9145
0.9184
0.9223
0.9262
0.9299
0.9336
0.9373
0.9409
0.9444
0.9479
0.9513
0.9546
0.9579
0.9612
0.9643
0.9675
0.9705
0.9735
0.9765
0.9793
0.9822
0.9849
0.9876
0.9903
0.9929
0.9954
0.9979
1.0003
1.0027
1.0050
1.0072
1.0094
1.0115
1.0136
1.0156
1.0175
1.0194
1.0212
1.0230
1.0247
1.0263
1.0279
1.0295
1.0309
1.0324
1.0337
1.0350
1.0363
1.0374
1.0386
1.0396
1.0406
1.0416
1.0425
1.0433
1.0441
1.0448
1.0454
1.0460
1.0466
1.0470
1.0475
1.0478
1.0481
1.0484
1.0485
1.0487
1.0487
1.0487
1.0487
1.0486
1.0484
1.0482
1.0479
1.0476
1.0472
1.0467
1.0462
1.0456
1.0450
1.0443
1.0435
1.0427
1.0418
1.0409
1.0399
1.0388
1.0377
1.0366
1.0353
1.0341
1.0327
1.0313
1.0299
1.0283
1.0268
1.0251
1.0234
1.0217
1.0199
1.0180
1.0161
1.0141
1.0120
1.0099
1.0078
1.0055
1.0033
1.0009
0.9985
0.9961
0.9935
0.9910
0.9883
0.9856
0.9829
0.9801
0.9772
0.9743
0.9713
0.9683
0.9651
0.9620
0.9588
0.9555
0.9521
0.9487
0.9453
0.9418
0.9382
0.9346
0.9309
0.9271
0.9233
0.9194
0.9155
0.9115
0.9075
0.9034
0.8992
0.8950
0.8907
0.8864
0.8820
0.8775
0.8730
0.8684
0.8638
0.8591
0.8544
0.8496
0.8447
0.8398
0.8348
0.8297
0.8246
0.8195
0.8143
0.8090
0.8036
0.7982
0.7928
0.7873
0.7817
0.7761
0.7704
0.7646
0.7588
0.7530
0.7470
0.7410
0.7350
0.7289
0.7227
0.7165
0.7102
0.7039
0.6975
0.6910
0.6845
0.6780
0.6713
0.6646
0.6579
0.6511
0.6442
0.6373
0.6303
0.6232
0.6161
0.6090
0.6018
0.5945
0.5871
0.5797
0.5723
0.5648
0.5572
0.5496
0.5419
0.5341
0.5263
0.5184
0.5105
0.5025
0.4945
0.4864
0.4782
0.4700
0.4617
0.4534
0.4450
0.4365
0.4280
0.4194
0.4108
0.4021
0.3933
0.3845
0.3757
0.3667
0.3577
0.3487
0.3396
0.3304
0.3212
0.3119
0.3026
0.2932
0.2837
0.2742
0.2646
0.2550
0.2453
0.2356
0.2258
0.2159
0.2060
0.1960
0.1859
0.1758
0.1657
0.1554
0.1452
0.1348
0.1244
0.1140
0.1035
0.0929
0.0823
0.0716
0.0608
0.0500
0.0391
0.0282
0.0172
0.0062
-0.0049
-0.0161
-0.0273
-0.0386
-0.0499
-0.0613
-0.0727
-0.0842
-0.0958
-0.1074
-0.1191
-0.1309
-0.1427
-0.1545
-0.1665
-0.1784
-0.1905
-0.2026
-0.2147
-0.2269
-0.2392
-0.2515
-0.2639
-0.2763
-0.2888
-0.3014
-0.3140
-0.3267
-0.3394
-0.3522
-0.3651
-0.3780
-0.3909
-0.4040
-0.4171
-0.4302
-0.4434
-0.4566
-0.4700
-0.4833
-0.4968
-0.5102
-0.5238
-0.5374
-0.5511
-0.5648
-0.5785
-0.5924
-0.6063
-0.6202
-0.6342
-0.6483
-0.6624
-0.6766
-0.6908
-0.7051
-0.7195
-0.7339
-0.7483
-0.7629
-0.7774
-0.7921
-0.8068
-0.8215
-0.8363
-0.8512
-0.8661
-0.8811
-0.8961
-0.9000
-0.8871
-0.8742
-0.8614
-0.8486
-0.8359
-0.8233
-0.8107
-0.7982
-0.7857
-0.7733
-0.7609
-0.7486
-0.7364
-0.7242
-0.7121
-0.7000
-0.6880
-0.6761
-0.6642
-0.6523
-0.6405
-0.6288
-0.6171
-0.6055
-0.5940
-0.5825
-0.5710
-0.5597
-0.5483
-0.5371
-0.5259
-0.5147
-0.5036
-0.4926
-0.4816
-0.4707
-0.4598
-0.4490
-0.4383
-0.4276
-0.4170
-0.4064
-0.3959
-0.3854
-0.3750
-0.3647
-0.3544
-0.3442
-0.3340
-0.3239
-0.3139
-0.3039
-0.2940
-0.2841
-0.2743
-0.2645
-0.2548
-0.2452
-0.2356
-0.2261
-0.2166
-0.2072
-0.1978
-0.1885
-0.1793
-0.1701
-0.1610
-0.1520
-0.1430
-0.1340
-0.1251
-0.1163
-0.1075
-0.0988
-0.0902
-0.0816
-0.0731
-0.0646
-0.0562
-0.0478
-0.0395
-0.0313
-0.0231
-0.0150
-0.0069
0.0011
0.0090
0.0169
0.0248
0.0325
0.0403
0.0479
0.0555
0.0630
0.0705
0.0779
0.0853
0.0926
0.0999
0.1070
0.1142
0.1212
0.1282
0.1352
0.1421
0.1489
0.1557
0.1624
0.1691
0.1757
0.1822
0.1887
0.1951
0.2015
0.2078
0.2140
0.2202
0.2263
0.2324
0.2384
0.2444
0.2503
0.2561
0.2619
0.2676
0.2733
0.2789
0.2844
0.2899
0.2953
0.3007
0.3060
0.3112
0.3164
0.3216
0.3266
0.3316
0.3366
0.3415
0.3463
0.3511
0.3558
0.3605
0.3651
0.3696
0.3741
0.3785
0.3829
0.3872
0.3915
0.3956
0.3998
0.4038
0.4079
0.4118
0.4157
0.4195
0.4233
0.4270
0.4307
0.4343
0.4378
0.4413
0.4447
0.4481
0.4514
0.4547
0.4579
0.4610
0.4641
0.4671
0.4700
0.4729
0.4758
0.4785
0.4812
0.4839
0.4865
0.4890
0.4915
0.4940
0.4963
0.4986
0.5009
0.5031
0.5052
0.5073
0.5093
0.5112
0.5131
0.5150
0.5167
0.5184
0.5201
0.5217
0.5232
0.5247
0.5262
0.5275
0.5288
0.5301
0.5313
0.5324
0.5335
0.5345
0.5354
0.5363
0.5371
0.5379
0.5386
0.5393
0.5399
0.5404
0.5409
0.5413
0.5417
0.5420
0.5423
0.5424
0.5426
0.5426
0.5426
0.5426
0.5425
0.5423
0.5421
0.5418
0.5415
0.5411
0.5406
0.5401
0.5395
0.5389
0.5382
0.5374
0.5366
0.5357
0.5348
0.5338
0.5328
0.5317
0.5305
0.5293
0.5280
0.5266
0.5252
0.5238
0.5223
0.5207
0.5190
0.5173
0.5156
0.5138
0.5119
0.5100
0.5080
0.5059
0.5038
0.5017
0.4994
0.4971
0.4948
0.4924
0.4899
0.4874
0.4848
0.4822
0.4795
0.4767
0.4739
0.4710
0.4681
0.4651
0.4621
0.4590
0.4558
0.4526
0.4493
0.4459
0.4425
0.4391
0.4356
0.4320
0.4283
0.4246
0.4209
0.4171
0.4132
0.4093
0.4053
0.4012
0.3971
0.3929
0.3887
0.3844
0.3801
0.3757
0.3712
0.3667
0.3621
0.3575
0.3528
0.3480
0.3432
0.3383
0.3334
0.3284
0.3233
0.3182
0.3131
0.3078
0.3026
0.2972
0.2918
0.2863
0.2808
0.2752
0.2696
0.2639
0.2582
0.2523
0.2465
0.2405
0.2345
0.2285
0.2224
0.2162
0.2100
0.2037
0.1974
0.1910
0.1845
0.1780
0.1714
0.1648
0.1581
0.1513
0.1445
0.1376
0.1307
0.1237
0.1167
0.1096
0.1024
0.0952
0.0879
0.0805
0.0731
0.0657
0.0582
0.0506
0.0430
0.0353
0.0275
0.0197
0.0118
0.0039
-0.0041
-0.0121
-0.0202
-0.0284
-0.0366
-0.0449
-0.0532
-0.0616
-0.0701
-0.0786
-0.0872
-0.0958
-0.1045
-0.1132
-0.1220
-0.1309
-0.1398
-0.1488
-0.1578
-0.1669
-0.1761
-0.1853
-0.1946
-0.2039
-0.2133
-0.2227
-0.2322
-0.2418
-0.2514
-0.2611
-0.2708
-0.2806
-0.2905
-0.3004
-0.3104
-0.3204
-0.3305
-0.3406
-0.3508
-0.3611
-0.3714
-0.3818
-0.3922
-0.4027
-0.4132
-0.4239
-0.4345
-0.4452
-0.4560
-0.4669
-0.4778
-0.4887
-0.4997
-0.5108
-0.5219
-0.5331
-0.5444
-0.5557
-0.5670
-0.5784
-0.5899
-0.6014
-0.6130
-0.6247
-0.6364
-0.6482
-0.6600
-0.6719
-0.6838
-0.6958
-0.7078
-0.7199
-0.7321
-0.7443
-0.7566
-0.7689
-0.7813
-0.7938
-0.8063
-0.8189
-0.8315
-0.8442
-0.8569
-0.8697
-0.8825
-0.8954
-0.9000
-0.8889
-0.8779
-0.8669
-0.8560
-0.8451
-0.8343
-0.8235
-0.8128
-0.8022
-0.7916
-0.7811
-0.7706
-0.7602
-0.7498
-0.7395
-0.7293
-0.7191
-0.7090
-0.6989
-0.6889
-0.6790
-0.6691
-0.6592
-0.6495
-0.6397
-0.6301
-0.6205
-0.6109
-0.6014
-0.5920
-0.5826
-0.5733
-0.5640
-0.5548
-0.5457
-0.5366
-0.5275
-0.5186
-0.5097
-0.5008
-0.4920
-0.4833
-0.4746
-0.4659
-0.4574
-0.4489
-0.4404
-0.4320
-0.4237
-0.4154
-0.4072
-0.3990
-0.3909
-0.3829
-0.3749
-0.3669
-0.3591
-0.3512
-0.3435
-0.3358
-0.3281
-0.3206
-0.3130
-0.3056
-0.2982
-0.2908
-0.2835
-0.2763
-0.2691
-0.2620
-0.2549
-0.2479
-0.2410
-0.2341
-0.2273
-0.2205
-0.2138
-0.2071
-0.2005
-0.1940
-0.1875
-0.1811
-0.1747
-0.1684
-0.1622
-0.1560
-0.1499
-0.1438
-0.1378
-0.1318
-0.1259
-0.1201
-0.1143
-0.1086
-0.1029
-0.0973
-0.0918
-0.0863
-0.0809
-0.0755
-0.0702
-0.0650
-0.0598
-0.0546
-0.0496
-0.0445
-0.0396
-0.0347
-0.0298
-0.0251
-0.0203
-0.0157
-0.0111
-0.0065
-0.0020
0.0024
0.0068
0.0111
0.0154
0.0196
0.0237
0.0278
0.0318
0.0358
0.0397
0.0435
0.0473
0.0510
0.0547
0.0583
0.0619
0.0654
0.0688
0.0722
0.0755
0.0788
0.0820
0.0851
0.0882
0.0912
0.0942
0.0971
0.1000
0.1027
0.1055
0.1082
0.1108
0.1133
0.1158
0.1183
0.1206
0.1230
0.1252
0.1274
0.1296
0.1317
0.1337
0.1357
0.1376
0.1394
0.1412
0.1430
0.1446
0.1463
0.1478
0.1493
0.1508
0.1522
0.1535
0.1547
0.1560
0.1571
0.1582
0.1592
0.1602
0.1611
0.1620
0.1628
0.1635
0.1642
0.1648
0.1654
0.1659
0.1663
0.1667
0.1670
0.1673
0.1675
0.1677
0.1677
0.1678
0.1678
0.1677
0.1675
0.1673
0.1671
0.1667
0.1664
0.1659
0.1654
0.1649
0.1643
0.1636
0.1629
0.1621
0.1612
0.1603
0.1594
0.1583
0.1573
0.1561
0.1549
0.1537
0.1524
0.1510
0.1495
0.1481
0.1465
0.1449
0.1432
0.1415
0.1397
0.1379
0.1360
0.1340
0.1320
0.1299
0.1278
0.1256
0.1233
0.1210
0.1186
0.1162
0.1137
0.1112
0.1085
0.1059
0.1032
0.1004
0.0975
0.0946
0.0917
0.0887
0.0856
0.0824
0.0793
0.0760
0.0727
0.0693
0.0659
0.0624
0.0589
0.0553
0.0516
0.0479
0.0441
0.0403
0.0364
0.0324
0.0284
0.0243
0.0202
0.0160
0.0117
0.0074
0.0031
-0.0013
-0.0058
-0.0104
-0.0150
-0.0196
-0.0243
-0.0291
-0.0340
-0.0388
-0.0438
-0.0488
-0.0539
-0.0590
-0.0642
-0.0694
-0.0747
-0.0801
-0.0855
-0.0910
-0.0965
-0.1021
-0.1078
-0.1135
-0.1192
-0.1251
-0.1310
-0.1369
-0.1429
-0.1490
-0.1551
-0.1613
-0.1675
-0.1738
-0.1801
-0.1866
-0.1930
-0.1996
-0.2061
-0.2128
-0.2195
-0.2262
-0.2331
-0.2399
-0.2469
-0.2539
-0.2609
-0.2680
-0.2752
-0.2824
-0.2897
-0.2971
-0.3045
-0.3119
-0.3194
-0.3270
-0.3346
-0.3423
-0.3501
-0.3579
-0.3658
-0.3737
-0.3817
-0.3897
-0.3978
-0.4060
-0.4142
-0.4224
-0.4308
-0.4392
-0.4476
-0.4561
-0.4647
-0.4733
-0.4820
-0.4907
-0.4995
-0.5083
-0.5172
-0.5262
-0.5352
-0.5443
-0.5535
-0.5627
-0.5719
-0.5812
-0.5906
-0.6000
-0.6095
-0.6190
-0.6286
-0.6383
-0.6480
-0.6578
-0.6676
-0.6775
-0.6874
-0.6974
-0.7075
-0.7176
-0.7278
-0.7380
-0.7483
-0.7587
-0.7691
-0.7795
-0.7900
-0.8006
-0.8112
-0.8219
-0.8327
-0.8435
-0.8543
-0.8653
-0.8762
-0.8873
-0.8984
-0.9000
-0.8905
-0.8810
-0.8716
-0.8622
-0.8529
-0.8437
-0.8345
-0.8253
-0.8163
-0.8073
-0.7983
-0.7894
-0.7805
-0.7717
-0.7630
-0.7543
-0.7457
-0.7372
-0.7287
-0.7202
-0.7118
-0.7035
-0.6952
-0.6870
-0.6788
-0.6707
-0.6627
-0.6547
-0.6468
-0.6389
-0.6311
-0.6233
-0.6156
-0.6080
-0.6004
-0.5929
-0.5854
-0.5780
-0.5706
-0.5633
-0.5561
-0.5489
-0.5418
-0.5347
-0.5277
-0.5208
-0.5139
-0.5070
-0.5003
-0.4935
-0.4869
-0.4803
-0.4737
-0.4672
-0.4608
-0.4544
-0.4481
-0.4419
-0.4357
-0.4295
-0.4235
-0.4174
-0.4115
-0.4055
-0.3997
-0.3939
-0.3882
-0.3825
-0.3769
-0.3713
-0.3658
-0.3604
-0.3550
-0.3496
-0.3444
-0.3392
-0.3340
-0.3289
-0.3239
-0.3189
-0.3140
-0.3091
-0.3043
-0.2995
-0.2949
-0.2902
-0.2857
-0.2811
-0.2767
-0.2723
-0.2679
-0.2637
-0.2594
-0.2553
-0.2512
-0.2471
-0.2431
-0.2392
-0.2353
-0.2315
-0.2277
-0.2240
-0.2204
-0.2168
-0.2133
-0.2098
-0.2064
-0.2030
-0.1998
-0.1965
-0.1933
-0.1902
-0.1872
-0.1842
-0.1812
-0.1783
-0.1755
-0.1727
-0.1700
-0.1674
-0.1648
-0.1623
-0.1598
-0.1574
-0.1550
-0.1527
-0.1505
-0.1483
-0.1461
-0.1441
-0.1421
-0.1401
-0.1382
-0.1364
-0.1346
-0.1329
-0.1312
-0.1296
-0.1281
-0.1266
-0.1252
-0.1238
-0.1225
-0.1213
-0.1201
-0.1189
-0.1179
-0.1168
-0.1159
-0.1150
-0.1141
-0.1134
-0.1126
-0.1120
-0.1114
-0.1108
-0.1103
-0.1099
-0.1095
-0.1092
-0.1089
-0.1087
-0.1086
-0.1085
-0.1085
-0.1085
-0.1086
-0.1088
-0.1090
-0.1093
-0.1096
-0.1100
-0.1104
-0.1109
-0.1115
-0.1121
-0.1128
-0.1135
-0.1143
-0.1151
-0.1161
-0.1170
-0.1181
-0.1191
-0.1203
-0.1215
-0.1227
-0.1241
-0.1254
-0.1269
-0.1284
-0.1299
-0.1315
-0.1332
-0.1349
-0.1367
-0.1386
-0.1405
-0.1424
-0.1445
-0.1465
-0.1487
-0.1509
-0.1531
-0.1554
-0.1578
-0.1602
-0.1627
-0.1653
-0.1679
-0.1705
-0.1733
-0.1760
-0.1789
-0.1818
-0.1847
-0.1877
-0.1908
-0.1939
-0.1971
-0.2004
-0.2037
-0.2070
-0.2105
-0.2139
-0.2175
-0.2211
-0.2247
-0.2284
-0.2322
-0.2360
-0.2399
-0.2439
-0.2479
-0.2519
-0.2560
-0.2602
-0.2645
-0.2687
-0.2731
-0.2775
-0.2820
-0.2865
-0.2911
-0.2957
-0.3004
-0.3052
-0.3100
-0.3149
-0.3198
-0.3248
-0.3299
-0.3350
-0.3401
-0.3454
-0.3506
-0.3560
-0.3614
-0.3668
-0.3723
-0.3779
-0.3836
-0.3892
-0.3950
-0.4008
-0.4067
-0.4126
-0.4186
-0.4246
-0.4307
-0.4368
-0.4430
-0.4493
-0.4556
-0.4620
-0.4685
-0.4750
-0.4815
-0.4881
-0.4948
-0.5015
-0.5083
-0.5152
-0.5221
-0.5290
-0.5361
-0.5431
-0.5503
-0.5575
-0.5647
-0.5720
-0.5794
-0.5868
-0.5943
-0.6018
-0.6094
-0.6171
-0.6248
-0.6325
-0.6404
-0.6483
-0.6562
-0.6642
-0.6723
-0.6804
-0.6885
-0.6968
-0.7050
-0.7134
-0.7218
-0.7302
-0.7388
-0.7473
-0.7560
-0.7646
-0.7734
-0.7822
-0.7911
-0.8000
-0.8089
-0.8180
-0.8271
-0.8362
-0.8454
-0.8547
-0.8640
-0.8733
-0.8828
-0.8923
-0.9000
-0.8918
-0.8838
-0.8757
-0.8677
-0.8598
-0.8519
-0.8441
-0.8364
-0.8287
-0.8210
-0.8134
-0.8059
-0.7985
-0.7910
-0.7837
-0.7764
-0.7691
-0.7620
-0.7548
-0.7478
-0.7408
-0.7338
-0.7269
-0.7201
-0.7133
-0.7066
-0.6999
-0.6933
-0.6867
-0.6802
-0.6738
-0.6674
-0.6611
-0.6548
-0.6486
-0.6425
-0.6364
-0.6303
-0.6244
-0.6184
-0.6126
-0.6068
-0.6010
-0.5953
-0.5897
-0.5841
-0.5786
-0.5731
-0.5677
-0.5624
-0.5571
-0.5519
-0.5467
-0.5416
-0.5365
-0.5315
-0.5266
-0.5217
-0.5169
-0.5121
-0.5074
-0.5027
-0.4981
-0.4936
-0.4891
-0.4847
-0.4803
-0.4760
-0.4718
-0.4676
-0.4635
-0.4594
-0.4554
-0.4514
-0.4475
-0.4437
-0.4399
-0.4362
-0.4325
-0.4289
-0.4253
-0.4218
-0.4184
-0.4150
-0.4117
-0.4084
-0.4052
-0.4021
-0.3990
-0.3960
-0.3930
-0.3901
-0.3872
-0.3844
-0.3817
-0.3790
-0.3764
-0.3738
-0.3713
-0.3688
-0.3664
-0.3641
-0.3618
-0.3596
-0.3574
-0.3553
-0.3533
-0.3513
-0.3494
-0.3475
-0.3457
-0.3439
-0.3422
-0.3406
-0.3390
-0.3375
-0.3360
-0.3346
-0.3333
-0.3320
-0.3307
-0.3296
-0.3285
-0.3274
-0.3264
-0.3255
-0.3246
-0.3237
-0.3230
-0.3223
-0.3216
-0.3210
-0.3205
-0.3200
-0.3196
-0.3192
-0.3189
-0.3187
-0.3185
-0.3184
-0.3183
-0.3183
-0.3183
-0.3184
-0.3186
-0.3188
-0.3191
-0.3194
-0.3198
-0.3203
-0.3208
-0.3213
-0.3220
-0.3227
-0.3234
-0.3242
-0.3251
-0.3260
-0.3270
-0.3280
-0.3291
-0.3302
-0.3314
-0.3327
-0.3340
-0.3354
-0.3369
-0.3383
-0.3399
-0.3415
-0.3432
-0.3449
-0.3467
-0.3486
-0.3505
-0.3524
-0.3544
-0.3565
-0.3587
-0.3609
-0.3631
-0.3654
-0.3678
-0.3702
-0.3727
-0.3752
-0.3778
-0.3805
-0.3832
-0.3860
-0.3888
-0.3917
-0.3947
-0.3977
-0.4007
-0.4039
-0.4070
-0.4103
-0.4136
-0.4169
-0.4203
-0.4238
-0.4273
-0.4309
-0.4346
-0.4383
-0.4420
-0.4459
-0.4497
-0.4537
-0.4577
-0.4617
-0.4658
-0.4700
-0.4742
-0.4785
-0.4828
-0.4872
-0.4917
-0.4962
-0.5008
-0.5054
-0.5101
-0.5148
-0.5196
-0.5245
-0.5294
-0.5344
-0.5394
-0.5445
-0.5496
-0.5548
-0.5601
-0.5654
-0.5708
-0.5762
-0.5817
-0.5873
-0.5929
-0.5986
-0.6043
-0.6101
-0.6159
-0.6218
-0.6277
-0.6338
-0.6398
-0.6460
-0.6521
-0.6584
-0.6647
-0.6710
-0.6774
-0.6839
-0.6904
-0.6970
-0.7037
-0.7104
-0.7171
-0.7240
-0.7308
-0.7378
-0.7447
-0.7518
-0.7589
-0.7660
-0.7733
-0.7805
-0.7879
-0.7953
-0.8027
-0.8102
-0.8178
-0.8254
-0.8330
-0.8408
-0.8486
-0.8564
-0.8643
-0.8723
-0.8803
-0.8884
-0.8965
-0.9000
-0.8930
-0.8861
-0.8792
-0.8724
-0.8656
-0.8589
-0.8523
-0.8457
-0.8392
-0.8327
-0.8263
-0.8199
-0.8136
-0.8074
-0.8012
-0.7951
-0.7890
-0.7830
-0.7770
-0.7711
-0.7652
-0.7595
-0.7537
-0.7481
-0.7424
-0.7369
-0.7314
-0.7259
-0.7205
-0.7152
-0.7099
-0.7047
-0.6996
-0.6945
-0.6894
-0.6844
-0.6795
-0.6746
-0.6698
-0.6651
-0.6604
-0.6557
-0.6511
-0.6466
-0.6421
-0.6377
-0.6334
-0.6291
-0.6248
-0.6207
-0.6165
-0.6125
-0.6085
-0.6045
-0.6006
-0.5968
-0.5930
-0.5893
-0.5856
-0.5820
-0.5784
-0.5750
-0.5715
-0.5681
-0.5648
-0.5616
-0.5584
-0.5552
-0.5521
-0.5491
-0.5461
-0.5432
-0.5404
-0.5376
-0.5348
-0.5321
-0.5295
-0.5269
-0.5244
-0.5220
-0.5196
-0.5172
-0.5150
-0.5127
-0.5106
-0.5085
-0.5064
-0.5044
-0.5025
-0.5006
-0.4988
-0.4971
-0.4954
-0.4937
-0.4921
-0.4906
-0.4891
-0.4877
-0.4864
-0.4851
-0.4838
-0.4826
-0.4815
-0.4804
-0.4794
-0.4785
-0.4776
-0.4768
-0.4760
-0.4753
-0.4746
-0.4740
-0.4735
-0.4730
-0.4725
-0.4722
-0.4718
-0.4716
-0.4714
-0.4713
-0.4712
-0.4711
-0.4712
-0.4713
-0.4714
-0.4716
-0.4719
-0.4722
-0.4726
-0.4730
-0.4735
-0.4741
-0.4747
-0.4754
-0.4761
-0.4769
-0.4777
-0.4786
-0.4796
-0.4806
-0.4817
-0.4828
-0.4840
-0.4852
-0.4865
-0.4879
-0.4893
-0.4908
-0.4923
-0.4939
-0.4956
-0.4973
-0.4991
-0.5009
-0.5028
-0.5047
-0.5067
-0.5088
-0.5109
-0.5130
-0.5153
-0.5176
-0.5199
-0.5223
-0.5248
-0.5273
-0.5299
-0.5325
-0.5352
-0.5379
-0.5407
-0.5436
-0.5465
-0.5495
-0.5526
-0.5556
-0.5588
-0.5620
-0.5653
-0.5686
-0.5720
-0.5754
-0.5789
-0.5825
-0.5861
-0.5898
-0.5935
-0.5973
-0.6011
-0.6050
-0.6090
-0.6130
-0.6171
-0.6212
-0.6254
-0.6297
-0.6340
-0.6383
-0.6427
-0.6472
-0.6518
-0.6563
-0.6610
-0.6657
-0.6705
-0.6753
-0.6802
-0.6851
-0.6901
-0.6952
-0.7003
-0.7054
-0.7107
-0.7159
-0.7213
-0.7267
-0.7321
-0.7376
-0.7432
-0.7488
-0.7545
-0.7602
-0.7660
-0.7719
-0.7778
-0.7838
-0.7898
-0.7959
-0.8020
-0.8082
-0.8145
-0.8208
-0.8272
-0.8336
-0.8401
-0.8466
-0.8532
-0.8598
-0.8666
-0.8733
-0.8801
-0.8870
-0.8940
-0.9000
-0.8940
-0.8881
-0.8823
-0.8765
-0.8708
-0.8651
-0.8595
-0.8539
-0.8484
-0.8429
-0.8375
-0.8322
-0.8269
-0.8217
-0.8165
-0.8114
-0.8064
-0.8014
-0.7965
-0.7916
-0.7868
-0.7820
-0.7773
-0.7726
-0.7680
-0.7635
-0.7590
-0.7546
-0.7502
-0.7459
-0.7417
-0.7375
-0.7334
-0.7293
-0.7253
-0.7213
-0.7174
-0.7135
-0.7097
-0.7060
-0.7023
-0.6987
-0.6951
-0.6916
-0.6882
-0.6848
-0.6815
-0.6782
-0.6750
-0.6718
-0.6687
-0.6657
-0.6627
-0.6597
-0.6569
-0.6541
-0.6513
-0.6486
-0.6460
-0.6434
-0.6408
-0.6384
-0.6360
-0.6336
-0.6313
-0.6291
-0.6269
-0.6248
-0.6227
-0.6207
-0.6187
-0.6168
-0.6150
-0.6132
-0.6115
-0.6098
-0.6082
-0.6067
-0.6052
-0.6037
-0.6023
-0.6010
-0.5998
-0.5986
-0.5974
-0.5963
-0.5953
-0.5943
-0.5934
-0.5925
-0.5917
-0.5910
-0.5903
-0.5897
-0.5891
-0.5886
-0.5881
-0.5877
-0.5874
-0.5871
-0.5869
-0.5867
-0.5866
-0.5865
-0.5865
-0.5866
-0.5867
-0.5869
-0.5871
-0.5874
-0.5878
-0.5882
-0.5887
-0.5892
-0.5898
-0.5904
-0.5911
-0.5918
-0.5927
-0.5935
-0.5945
-0.5954
-0.5965
-0.5976
-0.5987
-0.5999
-0.6012
-0.6025
-0.6039
-0.6054
-0.6069
-0.6084
-0.6101
-0.6117
-0.6135
-0.6152
-0.6171
-0.6190
-0.6210
-0.6230
-0.6251
-0.6272
-0.6294
-0.6316
-0.6339
-0.6363
-0.6387
-0.6412
-0.6437
-0.6463
-0.6490
-0.6517
-0.6545
-0.6573
-0.6602
-0.6631
-0.6661
-0.6692
-0.6723
-0.6754
-0.6787
-0.6820
-0.6853
-0.6887
-0.6921
-0.6957
-0.6992
-0.7029
-0.7065
-0.7103
-0.7141
-0.7179
-0.7219
-0.7258
-0.7299
-0.7340
-0.7381
-0.7423
-0.7466
-0.7509
-0.7552
-0.7597
-0.7642
-0.7687
-0.7733
-0.7780
-0.7827
-0.7875
-0.7923
-0.7972
-0.8021
-0.8071
-0.8122
-0.8173
-0.8225
-0.8277
-0.8330
-0.8383
-0.8437
-0.8492
-0.8547
-0.8603
-0.8659
-0.8716
-0.8773
-0.8831
-0.8890
-0.8949
-0.9000
-0.8949
-0.8899
-0.8849
-0.8800
-0.8752
-0.8704
-0.8656
-0.8609
-0.8563
-0.8517
-0.8472
-0.8428
-0.8384
-0.8340
-0.8298
-0.8255
-0.8214
-0.8172
-0.8132
-0.8092
-0.8052
-0.8014
-0.7975
-0.7938
-0.7900
-0.7864
-0.7828
-0.7792
-0.7758
-0.7723
-0.7690
-0.7657
-0.7624
-0.7592
-0.7561
-0.7530
-0.7499
-0.7470
-0.7441
-0.7412
-0.7384
-0.7357
-0.7330
-0.7304
-0.7278
-0.7253
-0.7228
-0.7204
-0.7181
-0.7158
-0.7136
-0.7114
-0.7093
-0.7072
-0.7052
-0.7033
-0.7014
-0.6996
-0.6978
-0.6961
-0.6945
-0.6929
-0.6913
-0.6899
-0.6884
-0.6871
-0.6858
-0.6845
-0.6833
-0.6822
-0.6811
-0.6801
-0.6791
-0.6782
-0.6774
-0.6766
-0.6758
-0.6752
-0.6745
-0.6740
-0.6735
-0.6730
-0.6726
-0.6723
-0.6720
-0.6718
-0.6717
-0.6716
-0.6715
-0.6715
-0.6716
-0.6717
-0.6719
-0.6722
-0.6724
-0.6728
-0.6732
-0.6737
-0.6742
-0.6748
-0.6755
-0.6762
-0.6769
-0.6777
-0.6786
-0.6795
-0.6805
-0.6816
-0.6827
-0.6838
-0.6851
-0.6863
-0.6877
-0.6891
-0.6905
-0.6920
-0.6936
-0.6952
-0.6969
-0.6986
-0.7004
-0.7022
-0.7041
-0.7061
-0.7081
-0.7102
-0.7123
-0.7145
-0.7168
-0.7191
-0.7215
-0.7239
-0.7264
-0.7289
-0.7315
-0.7341
-0.7369
-0.7396
-0.7424
-0.7453
-0.7483
-0.7513
-0.7543
-0.7574
-0.7606
-0.7638
-0.7671
-0.7704
-0.7738
-0.7773
-0.7808
-0.7844
-0.7880
-0.7917
-0.7954
-0.7992
-0.8031
-0.8070
-0.8109
-0.8150
-0.8190
-0.8232
-0.8274
-0.8316
-0.8359
-0.8403
-0.8447
-0.8492
-0.8537
-0.8583
-0.8630
-0.8677
-0.8725
-0.8773
-0.8822
-0.8871
-0.8921
-0.8971
-0.9000
-0.8957
-0.8914
-0.8872
-0.8830
-0.8789
-0.8748
-0.8708
-0.8669
-0.8630
-0.8592
-0.8554
-0.8517
-0.8480
-0.8444
-0.8409
-0.8374
-0.8340
-0.8306
-0.8273
-0.8240
-0.8208
-0.8177
-0.8146
-0.8116
-0.8086
-0.8057
-0.8028
-0.8000
-0.7973
-0.7946
-0.7920
-0.7894
-0.7869
-0.7844
-0.7820
-0.7797
-0.7774
-0.7752
-0.7730
-0.7709
-0.7688
-0.7668
-0.7649
-0.7630
-0.7612
-0.7594
-0.7577
-0.7560
-0.7544
-0.7529
-0.7514
-0.7500
-0.7486
-0.7473
-0.7460
-0.7449
-0.7437
-0.7426
-0.7416
-0.7406
-0.7397
-0.7389
-0.7381
-0.7373
-0.7366
-0.7360
-0.7354
-0.7349
-0.7345
-0.7341
-0.7337
-0.7335
-0.7332
-0.7331
-0.7330
-0.7329
-0.7329
-0.7330
-0.7331
-0.7333
-0.7335
-0.7338
-0.7341
-0.7345
-0.7350
-0.7355
-0.7361
-0.7367
-0.7374
-0.7382
-0.7390
-0.7398
-0.7408
-0.7417
-0.7428
-0.7439
-0.7450
-0.7462
-0.7475
-0.7488
-0.7502
-0.7516
-0.7531
-0.7547
-0.7563
-0.7579
-0.7597
-0.7614
-0.7633
-0.7652
-0.7671
-0.7691
-0.7712
-0.7733
-0.7755
-0.7777
-0.7800
-0.7824
-0.7848
-0.7872
-0.7898
-0.7923
-0.7950
-0.7977
-0.8004
-0.8032
-0.8061
-0.8090
-0.8120
-0.8150
-0.8181
-0.8213
-0.8245
-0.8277
-0.8311
-0.8344
-0.8379
-0.8414
-0.8449
-0.8485
-0.8522
-0.8559
-0.8597
-0.8635
-0.8674
-0.8714
-0.8754
-0.8794
-0.8835
-0.8877
-0.8920
-0.8962
-0.9000
-0.8963
-0.8927
-0.8891
-0.8856
-0.8821
-0.8787
-0.8754
-0.8721
-0.8689
-0.8657
-0.8626
-0.8595
-0.8565
-0.8536
-0.8507
-0.8479
-0.8451
-0.8424
-0.8397
-0.8371
-0.8346
-0.8321
-0.8296
-0.8273
-0.8250
-0.8227
-0.8205
-0.8183
-0.8162
-0.8142
-0.8122
-0.8103
-0.8085
-0.8067
-0.8049
-0.8032
-0.8016
-0.8000
-0.7985
-0.7970
-0.7956
-0.7943
-0.7930
-0.7918
-0.7906
-0.7895
-0.7884
-0.7874
-0.7864
-0.7856
-0.7847
-0.7839
-0.7832
-0.7826
-0.7820
-0.7814
-0.7809
-0.7805
-0.7801
-0.7798
-0.7795
-0.7793
-0.7792
-0.7791
-0.7791
-0.7791
-0.7792
-0.7793
-0.7795
-0.7797
-0.7801
-0.7804
-0.7808
-0.7813
-0.7819
-0.7825
-0.7831
-0.7838
-0.7846
-0.7854
-0.7863
-0.7872
-0.7882
-0.7893
-0.7904
-0.7916
-0.7928
-0.7941
-0.7954
-0.7968
-0.7983
-0.7998
-0.8013
-0.8030
-0.8046
-0.8064
-0.8082
-0.8100
-0.8119
-0.8139
-0.8159
-0.8180
-0.8201
-0.8223
-0.8246
-0.8269
-0.8293
-0.8317
-0.8342
-0.8367
-0.8393
-0.8420
-0.8447
-0.8474
-0.8503
-0.8531
-0.8561
-0.8591
-0.8621
-0.8652
-0.8684
-0.8716
-0.8749
-0.8782
-0.8816
-0.8851
-0.8886
-0.8921
-0.8957
-0.8994
-0.9000
-0.8968
-0.8937
-0.8907
-0.8877
-0.8848
-0.8819
-0.8791
-0.8763
-0.8736
-0.8710
-0.8684
-0.8659
-0.8634
-0.8610
-0.8586
-0.8563
-0.8541
-0.8519
-0.8497
-0.8477
-0.8456
-0.8437
-0.8418
-0.8399
-0.8381
-0.8364
-0.8347
-0.8331
-0.8315
-0.8300
-0.8286
-0.8272
-0.8259
-0.8246
-0.8234
-0.8222
-0.8211
-0.8200
-0.8191
-0.8181
-0.8172
-0.8164
-0.8157
-0.8149
-0.8143
-0.8137
-0.8132
-0.8127
-0.8123
-0.8119
-0.8116
-0.8113
-0.8112
-0.8110
-0.8109
-0.8109
-0.8109
-0.8110
-0.8112
-0.8114
-0.8117
-0.8120
-0.8124
-0.8128
-0.8133
-0.8138
-0.8144
-0.8151
-0.8158
-0.8166
-0.8174
-0.8183
-0.8193
-0.8203
-0.8213
-0.8225
-0.8236
-0.8249
-0.8262
-0.8275
-0.8289
-0.8304
-0.8319
-0.8335
-0.8351
-0.8368
-0.8385
-0.8403
-0.8422
-0.8441
-0.8461
-0.8481
-0.8502
-0.8524
-0.8546
-0.8568
-0.8591
-0.8615
-0.8639
-0.8664
-0.8690
-0.8716
-0.8742
-0.8770
-0.8797
-0.8826
-0.8854
-0.8884
-0.8914
-0.8944
-0.8976
-0.9000
-0.8973
-0.8947
-0.8921
-0.8896
-0.8872
-0.8848
-0.8825
-0.8802
-0.8780
-0.8758
-0.8737
-0.8717
-0.8697
-0.8677
-0.8659
-0.8640
-0.8623
-0.8606
-0.8589
-0.8573
-0.8558
-0.8543
-0.8529
-0.8515
-0.8502
-0.8490
-0.8478
-0.8466
-0.8456
-0.8445
-0.8436
-0.8427
-0.8418
-0.8410
-0.8403
-0.8396
-0.8390
-0.8384
-0.8379
-0.8375
-0.8371
-0.8367
-0.8364
-0.8362
-0.8360
-0.8359
-0.8359
-0.8359
-0.8359
-0.8361
-0.8362
-0.8365
-0.8368
-0.8371
-0.8375
-0.8380
-0.8385
-0.8391
-0.8397
-0.8404
-0.8411
-0.8419
-0.8428
-0.8437
-0.8447
-0.8457
-0.8468
-0.8479
-0.8491
-0.8504
-0.8517
-0.8531
-0.8545
-0.8560
-0.8575
-0.8591
-0.8608
-0.8625
-0.8643
-0.8661
-0.8680
-0.8699
-0.8719
-0.8740
-0.8761
-0.8783
-0.8805
-0.8828
-0.8851
-0.8875
-0.8900
-0.8925
-0.8950
-0.8977
-0.9000
-0.8977
-0.8956
-0.8934
-0.8913
-0.8893
-0.8873
-0.8854
-0.8836
-0.8818
-0.8800
-0.8783
-0.8767
-0.8751
-0.8736
-0.8722
-0.8708
-0.8694
-0.8682
-0.8669
-0.8658
-0.8646
-0.8636
-0.8626
-0.8616
-0.8607
-0.8599
-0.8591
-0.8584
-0.8578
-0.8572
-0.8566
-0.8561
-0.8557
-0.8553
-0.8550
-0.8547
-0.8545
-0.8544
-0.8543
-0.8543
-0.8543
-0.8544
-0.8545
-0.8547
-0.8550
-0.8553
-0.8556
-0.8561
-0.8566
-0.8571
-0.8577
-0.8583
-0.8590
-0.8598
-0.8606
-0.8615
-0.8624
-0.8634
-0.8645
-0.8656
-0.8668
-0.8680
-0.8693
-0.8706
-0.8720
-0.8734
-0.8749
-0.8765
-0.8781
-0.8798
-0.8815
-0.8833
-0.8852
-0.8871
-0.8890
-0.8910
-0.8931
-0.8953
-0.8974
-0.8997
-0.9000
-0.8981
-0.8962
-0.8944
-0.8926
-0.8909
-0.8893
-0.8877
-0.8862
-0.8847
-0.8833
-0.8819
-0.8806
-0.8794
-0.8782
-0.8771
-0.8760
-0.8750
-0.8740
-0.8731
-0.8723
-0.8715
-0.8708
-0.8701
-0.8695
-0.8689
-0.8684
-0.8679
-0.8676
-0.8672
-0.8669
-0.8667
-0.8666
-0.8665
-0.8664
-0.8664
-0.8665
-0.8666
-0.8668
-0.8670
-0.8673
-0.8677
-0.8681
-0.8685
-0.8691
-0.8696
-0.8703
-0.8710
-0.8717
-0.8725
-0.8734
-0.8743
-0.8753
-0.8763
-0.8774
-0.8785
-0.8797
-0.8810
-0.8823
-0.8837
-0.8851
-0.8866
-0.8882
-0.8898
-0.8914
-0.8931
-0.8949
-0.8967
-0.8986
-0.9000
-0.8984
-0.8968
-0.8953
-0.8939
-0.8925
-0.8911
-0.8899
-0.8886
-0.8875
-0.8864
-0.8853
-0.8843
-0.8834
-0.8825
-0.8817
-0.8809
-0.8802
-0.8796
-0.8790
-0.8784
-0.8780
-0.8775
-0.8772
-0.8769
-0.8766
-0.8764
-0.8763
-0.8762
-0.8762
-0.8762
-0.8763
-0.8764
-0.8766
-0.8769
-0.8772
-0.8776
-0.8780
-0.8785
-0.8790
-0.8796
-0.8803
-0.8810
-0.8818
-0.8826
-0.8835
-0.8844
-0.8854
-0.8865
-0.8876
-0.8888
-0.8900
-0.8913
-0.8926
-0.8940
-0.8955
-0.8970
-0.8986
-0.9000
-0.8987
-0.8974
-0.8961
-0.8950
-0.8938
-0.8928
-0.8918
-0.8908
-0.8899
-0.8891
-0.8883
-0.8876
-0.8870
-0.8864
-0.8858
-0.8853
-0.8849
-0.8845
-0.8842
-0.8839
-0.8837
-0.8836
-0.8835
-0.8834
-0.8835
-0.8835
-0.8837
-0.8839
-0.8841
-0.8844
-0.8848
-0.8852
-0.8857
-0.8862
-0.8868
-0.8874
-0.8881
-0.8889
-0.8897
-0.8906
-0.8915
-0.8925
-0.8936
-0.8947
-0.8958
-0.8970
-0.8983
-0.8996
-0.9000
-0.8989
-0.8978
-0.8968
-0.8958
-0.8949
-0.8940
-0.8932
-0.8925
-0.8918
-0.8912
-0.8906
-0.8901
-0.8896
-0.8892
-0.8889
-0.8886
-0.8884
-0.8882
-0.8881
-0.8880
-0.8880
-0.8881
-0.8882
-0.8884
-0.8886
-0.8889
-0.8892
-0.8896
-0.8901
-0.8906
-0.8911
-0.8918
-0.8924
-0.8932
-0.8940
-0.8948
-0.8957
-0.8967
-0.8977
-0.8988
-0.8999
-0.9000
-0.8990
-0.8981
-0.8973
-0.8964
-0.8957
-0.8950
-0.8944
-0.8938
-0.8933
-0.8928
-0.8924
-0.8921
-0.8918
-0.8916
-0.8914
-0.8913
-0.8912
-0.8912
-0.8912
-0.8913
-0.8915
-0.8917
-0.8920
-0.8923
-0.8927
-0.8932
-0.8937
-0.8943
-0.8949
-0.8956
-0.8963
-0.8971
-0.8979
-0.8988
-0.8998
-0.9000
-0.8992
-0.8984
-0.8977
-0.8971
-0.8965
-0.8959
-0.8954
-0.8950
-0.8946
-0.8943
-0.8941
-0.8939
-0.8937
-0.8937
-0.8936
-0.8937
-0.8938
-0.8939
-0.8941
-0.8944
-0.8947
-0.8950
-0.8955
-0.8960
-0.8965
-0.8971
-0.8978
-0.8985
-0.8992
-0.9000
-0.8993
-0.8987
-0.8982
-0.8977
-0.8973
-0.8969
-0.8966
-0.8963
-0.8961
-0.8960
-0.8959
-0.8959
-0.8959
-0.8960
-0.8961
-0.8963
-0.8965
-0.8969
-0.8972
-0.8976
-0.8981
-0.8987
-0.8992
-0.8999
-0.9000
-0.8994
-0.8989
-0.8985
-0.8981
-0.8978
-0.8975
-0.8973
-0.8972
-0.8971
-0.8970
-0.8970
-0.8971
-0.8972
-0.8974
-0.8977
-0.8979
-0.8983
-0.8987
-0.8992
-0.8997
-0.9000
-0.8996
-0.8992
-0.8988
-0.8985
-0.8983
-0.8982
-0.8981
-0.8980
-0.8980
-0.8981
-0.8982
-0.8984
-0.8986
-0.8989
-0.8992
-0.8997
-0.9000
-0.8997
-0.8994
-0.8991
-0.8990
-0.8988
-0.8988
-0.8988
-0.8988
-0.8989
-0.8991
-0.8993
-0.8996
-0.9000
-0.9000
-0.8997
-0.8995
-0.8993
-0.8992
-0.8991
-0.8991
-0.8992
-0.8993
-0.8995
-0.8997
-0.9000
-0.9000
-0.8998
-0.8996
-0.8995
-0.8994
-0.8994
-0.8994
-0.8995
-0.8997
-0.8999
-0.9000
-0.8998
-0.8997
-0.8996
-0.8996
-0.8997
-0.8998
-0.8999
-0.9000
-0.8999
-0.8998
-0.8998
-0.8998
-0.8999
-0.9000
-0.8999
-0.8999
-0.8999
-0.9000
-0.9000
-0.9000
-0.9000
-0.9000
-0.9000
-0.9000
-0.9000
-0.9000
-0.9000
-0.9000
-0.9000
-0.9000
-0.9000
-0.9000
-0.9000
-0.9000
-0.9000
-0.9000
-0.9000
-0.9000
-0.9000
-0.9000
-0.9000
-0.9000
-0.9000
-0.9000
-0.9000
-0.9000
-0.9000
-0.9000
-0.9000
-0.9000
-0.9000
-0.9000
-0.9000
-0.9000
-0.9000
-0.9000
-0.9000
-0.9000
-0.9000
-0.9000
-0.9000
-0.9000
-0.9000
-0.9000
-0.9000
-0.9000
-0.9000
-0.9000
-0.9000
-0.9000
-0.9000
-0.9000
-0.9000
-0.9000
-0.9000
-0.9000
-0.9000
-0.9000
-0.9000
-0.9000
-0.9000
-0.9000
-0.9000
-0.9000
-0.9000
-0.9000
-0.9000
-0.9000
-0.9000
-0.9000
-0.9000
-0.9000
-0.9000
-0.9000
-0.9000
-0.9000
-0.9000
-0.9000
-0.9000
-0.9000
-0.9000
-0.9000
-0.9000
-0.9000
-0.9000
-0.9000
-0.9000
-0.9000
-0.9000
-0.9000
-0.9000
-0.9000
-0.9000
-0.9000
-0.9000
-0.9000
-0.9000
-0.9000
-0.9000
-0.9000
-0.9000
-0.9000
-0.9000
-0.9000
-0.9000
-0.9000
-0.9000
-0.9000
-0.9000
-0.9000
-0.9000
-0.9000
-0.9000
-0.9000
-0.9000
-0.9000
-0.9000
-0.9000
-0.9000
-0.9000
-0.9000
-0.9000
-0.9000
-0.9000
-0.9000
-0.9000
-0.9000
-0.9000
-0.9000
-0.9000
-0.9000
-0.9000
-0.9000
-0.9000
-0.9000
-0.9000
-0.9000
-0.9000
-0.9000
-0.9000
-0.9000
-0.9000
-0.9000
-0.9000
-0.9000
-0.9000
-0.9000
-0.9000
-0.9000
-0.9000
-0.9000
-0.9000
-0.9000
-0.9000
-0.9000
-0.9000
-0.9000
-0.9000
-0.9000
-0.9000
-0.9000
-0.9000
-0.9000
-0.9000
-0.9000
-0.9000
-0.9000
-0.9000
-0.9000
-0.9000
-0.9000
-0.9000
-0.9000
-0.9000
-0.9000
-0.9000
-0.9000
-0.9000
-0.9000
-0.9000
-0.9000
-0.9000
-0.9000
-0.9000
-0.9000
-0.9000
-0.9000
-0.9000
-0.9000
-0.9000
-0.9000
-0.9000
-0.9000
-0.9000
-0.9000
-0.9000
-0.9000
-0.9000
-0.9000
-0.9000
-0.9000
-0.9000
-0.9000
-0.9000
-0.9000
-0.9000
-0.9000
-0.9000
-0.9000
-0.9000
-0.9000
-0.9000
-0.9000
-0.9000
-0.9000
-0.9000
-0.9000
-0.9000
-0.9000
-0.9000
-0.9000
-0.9000
-0.9000
-0.9000
-0.9000
-0.9000
-0.9000
-0.9000
-0.9000
-0.9000
-0.9000
-0.9000
-0.9000
-0.9000
-0.9000
-0.9000
-0.9000
-0.9000
-0.9000
-0.9000
-0.9000
-0.9000
-0.9000
-0.9000
-0.9000
-0.9000
-0.9000
-0.9000
-0.9000
-0.9000
-0.9000
-0.9000
-0.9000
-0.9000
-0.9000
-0.9000
-0.9000
-0.9000
-0.9000
-0.9000
-0.9000
-0.9000
-0.9000
-0.9000
-0.9000
-0.9000
-0.9000
-0.9000
-0.9000
-0.9000
-0.9000
-0.9000
-0.9000
-0.9000
-0.9000
-0.9000
-0.9000
-0.9000
-0.9000
-0.9000
-0.9000
-0.9000
-0.9000
-0.9000
-0.9000
-0.9000
-0.9000
-0.9000
-0.9000
-0.9000
-0.9000
-0.9000
-0.9000
-0.9000
-0.9000
-0.9000
-0.9000
-0.9000
-0.9000
-0.9000
-0.9000
-0.9000
-0.9000
-0.9000
-0.9000
-0.9000
-0.9000
-0.9000
-0.9000
-0.9000
-0.9000
-0.9000
-0.9000
-0.9000
-0.9000
-0.9000
-0.9000
-0.9000
-0.9000
-0.9000
-0.9000
-0.9000
-0.9000
-0.9000
-0.9000
-0.9000
-0.9000
-0.9000
-0.9000
-0.9000
-0.9000
-0.9000
-0.9000
-0.9000
-0.9000
-0.9000
-0.9000
-0.9000
-0.9000
-0.9000
-0.9000
-0.9000
-0.9000
-0.9000
-0.9000
-0.9000
-0.9000
-0.9000
-0.9000
-0.9000
-0.9000
-0.9000
-0.9000
-0.9000
-0.9000
-0.9000
-0.9000
-0.9000
-0.9000
-0.9000
-0.9000
-0.9000
-0.9000
-0.9000
-0.9000
-0.9000
-0.9000
-0.9000
-0.9000
-0.9000
-0.9000
-0.9000
-0.9000
-0.9000
-0.9000
-0.9000
-0.9000
-0.9000
-0.9000
-0.9000
-0.9000
-0.9000
-0.9000
-0.9000
-0.9000
-0.9000
-0.9000
-0.9000
-0.9000
-0.9000
-0.9000
-0.9000
-0.9000
-0.9000
-0.9000
-0.9000
-0.9000
-0.9000
-0.9000
-0.9000
-0.9000
-0.9000
-0.9000
-0.9000
-0.9000
-0.9000
-0.9000
-0.9000
-0.9000
-0.9000
-0.9000
-0.9000
-0.9000
-0.9000
-0.9000
-0.9000
-0.9000
-0.9000
-0.9000
-0.9000
-0.9000
-0.9000
-0.9000
-0.9000
-0.9000
-0.9000
-0.9000
-0.9000
-0.9000
-0.9000
-0.9000
-0.9000
-0.9000
-0.9000
-0.9000
-0.9000
-0.9000
-0.9000
-0.9000
-0.9000
-0.9000
-0.9000
-0.9000
-0.9000
-0.9000
-0.9000
-0.9000
-0.9000
-0.9000
-0.9000
-0.9000
-0.9000
-0.9000
-0.9000
-0.9000
-0.9000
-0.9000
-0.9000
-0.9000
-0.9000
-0.9000
-0.9000
-0.9000
-0.9000
-0.9000
-0.9000
-0.9000
-0.9000
-0.9000
-0.9000
-0.9000
-0.9000
-0.9000
-0.9000
-0.9000
-0.9000
-0.9000
-0.9000
-0.9000
-0.9000
-0.9000
-0.9000
-0.9000
-0.9000
-0.9000
-0.9000
-0.9000
-0.9000
-0.9000
-0.9000
-0.9000
-0.9000
-0.9000
-0.9000
-0.9000
-0.9000
-0.9000
-0.9000
-0.9000
-0.9000
-0.9000
-0.9000
-0.9000
-0.9000
-0.9000
-0.9000
-0.9000
-0.9000
-0.9000
-0.9000
-0.9000
-0.9000
-0.9000
-0.9000
-0.9000
-0.9000
-0.9000
-0.9000
-0.9000
-0.9000
-0.9000
-0.9000
-0.9000
-0.9000
-0.9000
-0.9000
-0.9000
-0.9000
-0.9000
-0.9000
-0.9000
-0.9000
-0.9000
-0.9000
-0.9000
-0.9000
-0.9000
-0.9000
-0.9000
-0.9000
-0.9000
-0.9000
-0.9000
-0.9000
-0.9000
-0.9000
-0.9000
-0.9000
-0.9000
-0.9000
-0.9000
-0.9000
-0.9000
-0.9000
-0.9000
-0.9000
-0.9000
-0.9000
-0.9000
-0.9000
-0.9000
-0.9000
-0.9000
-0.9000
-0.9000
-0.9000
-0.9000
-0.9000
-0.9000
-0.9000
-0.9000
-0.9000
-0.9000
-0.9000
-0.9000
-0.9000
-0.9000
-0.9000
-0.9000
-0.9000
-0.9000
-0.9000
-0.9000
-0.9000
-0.9000
-0.9000
-0.9000
-0.9000
-0.9000
-0.9000
-0.9000
-0.9000
-0.9000
-0.9000
-0.9000
-0.9000
-0.9000
-0.9000
-0.9000
-0.9000
-0.9000
-0.9000
-0.9000
-0.9000
-0.9000
-0.9000
-0.9000
-0.9000
-0.9000
-0.9000
-0.9000
-0.9000
-0.9000
-0.9000
-0.9000
-0.9000
-0.9000
-0.9000
-0.9000
-0.9000
-0.9000
-0.9000
-0.9000
-0.9000
-0.9000
-0.9000
-0.9000
-0.9000
-0.9000
-0.9000
-0.9000
-0.9000
-0.9000
-0.9000
-0.9000
-0.9000
-0.9000
-0.9000
-0.9000
-0.9000
-0.9000
-0.9000
-0.9000
-0.9000
-0.9000
-0.9000
-0.9000
-0.9000
-0.9000
-0.9000
-0.9000
-0.9000
-0.9000
-0.9000
-0.9000
-0.9000
-0.9000
-0.9000
-0.9000
-0.9000
-0.9000
-0.9000
-0.9000
-0.9000
-0.9000
-0.9000
-0.9000
-0.9000
-0.9000
-0.9000
-0.9000
-0.9000
-0.9000
-0.9000
-0.9000
-0.9000
-0.9000
-0.9000
-0.9000
-0.9000
-0.9000
-0.9000
-0.9000
-0.9000
-0.9000
-0.9000
-0.9000
-0.9000
-0.9000
-0.9000
-0.9000
-0.9000
-0.9000
-0.9000
-0.9000
-0.9000
-0.9000
-0.9000
-0.9000
-0.9000
-0.9000
-0.9000
-0.9000
-0.9000
-0.9000
-0.9000
-0.9000
-0.9000
-0.9000
-0.9000
-0.9000
-0.9000
-0.9000
-0.9000
-0.9000
-0.9000
-0.9000
-0.9000
-0.9000
-0.9000
-0.9000
-0.9000
-0.9000
-0.9000
-0.9000
-0.9000
-0.9000
-0.9000
-0.9000
-0.9000
-0.9000
-0.9000
-0.9000
-0.9000
-0.9000
-0.9000
-0.9000
-0.9000
-0.9000
-0.9000
-0.9000
-0.9000
-0.9000
-0.9000
-0.9000
-0.9000
-0.9000
-0.9000
-0.9000
-0.9000
-0.9000
-0.9000
-0.9000
-0.9000
-0.9000
-0.9000
-0.9000
-0.9000
-0.9000
-0.9000
-0.9000
-0.9000
-0.9000
-0.9000
-0.9000
-0.9000
-0.9000
-0.9000
-0.9000
-0.9000
-0.9000
-0.9000
-0.9000
-0.9000
-0.9000
-0.9000
-0.9000
-0.9000
-0.9000
-0.9000
-0.9000
-0.9000
-0.9000
-0.9000
-0.9000
-0.9000
-0.9000
-0.9000
-0.9000
-0.9000
-0.9000
-0.9000
-0.9000
-0.9000
-0.9000
-0.9000
-0.9000
-0.9000
-0.9000
-0.9000
-0.9000
-0.9000
-0.9000
-0.9000
-0.9000
-0.9000
-0.9000
-0.9000
-0.9000
-0.9000
-0.9000
-0.9000
-0.9000
-0.9000
-0.9000
-0.9000
-0.9000
-0.9000
-0.9000
-0.9000
-0.9000
-0.9000
-0.9000
-0.9000
-0.9000
-0.9000
-0.9000
-0.9000
-0.9000
-0.9000
-0.9000
-0.9000
-0.9000
-0.9000
-0.9000
-0.9000
-0.9000
-0.9000
-0.9000
-0.9000
-0.9000
-0.9000
-0.9000
-0.9000
-0.9000
-0.9000
-0.9000
-0.9000
-0.9000
-0.9000
-0.9000
-0.9000
-0.9000
-0.9000
-0.9000
-0.9000
-0.9000
-0.9000
-0.9000
-0.9000
-0.9000
-0.9000
-0.9000
-0.9000
-0.9000
-0.9000
-0.9000
-0.9000
-0.9000
-0.9000
-0.9000
-0.9000
-0.9000
-0.9000
-0.9000
-0.9000
-0.9000
-0.9000
-0.9000
-0.9000
-0.9000
-0.9000
-0.9000
-0.9000
-0.9000
-0.9000
-0.9000
-0.9000
-0.9000
-0.9000
-0.9000
-0.9000
-0.9000
-0.9000
-0.9000
-0.9000
-0.9000
-0.9000
-0.9000
-0.9000
-0.9000
-0.9000
-0.9000
-0.9000
-0.9000
-0.9000
-0.9000
-0.9000
-0.9000
-0.9000
-0.9000
-0.9000
-0.9000
-0.9000
-0.9000
-0.9000
-0.9000
-0.9000
-0.9000
-0.9000
-0.9000
-0.9000
-0.9000
-0.9000
-0.9000
-0.9000
-0.9000
-0.9000
-0.9000
-0.9000
-0.9000
-0.9000
-0.9000
-0.9000
-0.9000
-0.9000
-0.9000
-0.9000
-0.9000
-0.9000
-0.9000
-0.9000
-0.9000
-0.9000
-0.9000
-0.9000
-0.9000
-0.9000
-0.9000
-0.9000
-0.9000
-0.9000
-0.9000
-0.9000
-0.9000
-0.9000
-0.9000
-0.9000
-0.9000
-0.9000
-0.9000
-0.9000
-0.9000
-0.9000
-0.9000
-0.9000
-0.9000
-0.9000
-0.9000
-0.9000
-0.9000
-0.9000
-0.9000
-0.9000
-0.9000
-0.9000
-0.9000
-0.9000
-0.9000
-0.9000
-0.9000
-0.9000
-0.9000
-0.9000
-0.9000
-0.9000
-0.9000
-0.9000
-0.9000
-0.9000
-0.9000
-0.9000
-0.9000
-0.9000
-0.9000
-0.9000
-0.9000
-0.9000
-0.9000
-0.9000
-0.9000
-0.9000
-0.9000
-0.9000
-0.9000
-0.9000
-0.9000
-0.9000
-0.9000
-0.9000
-0.9000
-0.9000
-0.9000
-0.9000
-0.9000
-0.9000
-0.9000
-0.9000
-0.9000
-0.9000
-0.9000
-0.9000
-0.9000
-0.9000
-0.9000
-0.9000
-0.9000
-0.9000
-0.9000
-0.9000
-0.9000
-0.9000
-0.9000
-0.9000
-0.9000
-0.9000
-0.9000
-0.9000
-0.9000
-0.9000
-0.9000
-0.9000
-0.9000
-0.9000
-0.9000
-0.9000
-0.9000
-0.9000
-0.9000
-0.9000
-0.9000
-0.9000
-0.9000
-0.9000
-0.9000
-0.9000
-0.9000
-0.9000
-0.9000
-0.9000
-0.9000
-0.9000
-0.9000
-0.9000
-0.9000
-0.9000
-0.9000
-0.9000
-0.9000
-0.9000
-0.9000
-0.9000
-0.9000
-0.9000
-0.9000
-0.9000
-0.9000
-0.9000
-0.9000
-0.9000
-0.9000
-0.9000
-0.9000
-0.9000
-0.9000
-0.9000
-0.9000
-0.9000
-0.9000
-0.9000
-0.9000
-0.9000
-0.9000
-0.9000
-0.9000
-0.9000
-0.9000
-0.9000
-0.9000
-0.9000
-0.9000
-0.9000
-0.9000
-0.9000
-0.9000
-0.9000
-0.9000
-0.9000
-0.9000
-0.9000
-0.9000
-0.9000
-0.9000
-0.9000
-0.9000
-0.9000
-0.9000
-0.9000
-0.9000
-0.9000
-0.9000
-0.9000
-0.9000
-0.9000
-0.9000
-0.9000
-0.9000
-0.9000
-0.9000
-0.9000
-0.9000
-0.9000
-0.9000