0.6000
0.6000
0.5999
0.5997
0.5995
0.5992
0.5989
0.5985
0.5981
0.5975
0.5970
0.5963
0.5956
0.5948
0.5940
0.5931
0.5921
0.5911
0.5900
0.5889
0.5876
0.5864
0.5850
0.5836
0.5821
0.5805
0.5789
0.5772
0.5754
0.5736
0.5717
0.5697
0.5677
0.5656
0.5634
0.5612
0.5589
0.5565
0.5540
0.5515
0.5489
0.5462
0.5434
0.5406
0.5377
0.5347
0.5317
0.5286
0.5254
0.5221
0.5188
0.5154
0.5119
0.5083
0.5046
0.5009
0.4971
0.4932
0.4893
0.4852
0.4811
0.4769
0.4727
0.4683
0.4639
0.4594
0.4548
0.4501
0.4453
0.4405
0.4356
0.4306
0.4255
0.4203
0.4151
0.4098
0.4044
0.3989
0.3933
0.3876
0.3819
0.3760
0.3701
0.3641
0.3580
0.3518
0.3456
0.3392
0.3328
0.3262
0.3196
0.3129
0.3061
0.2993
0.2923
0.2852
0.2781
0.2708
0.2635
0.2561
0.2486
0.2410
0.2333
0.2255
0.2176
0.2096
0.2016
0.1934
0.1852
0.1768
0.1684
0.1598
0.1512
0.1425
0.1337
0.1248
0.1157
0.1066
0.0974
0.0881
0.0787
0.0692
0.0596
0.0500
0.0402
0.0303
0.0203
0.0102
0.0000
-0.0103
-0.0207
-0.0311
-0.0417
-0.0524
-0.0632
-0.0741
-0.0851
-0.0962
-0.1074
-0.1187
-0.1301
-0.1416
-0.1532
-0.1649
-0.1768
-0.1887
-0.2007
-0.2129
-0.2251
-0.2374
-0.2499
-0.2625
-0.2751
-0.2879
-0.3008
-0.3138
-0.3269
-0.3401
-0.3534
-0.3668
-0.3803
-0.3940
-0.4077
-0.4216
-0.4355
-0.4496
-0.4638
-0.4781
-0.4925
-0.5070
-0.5216
-0.5364
-0.5512
-0.5662
-0.5813
-0.5965
-0.6118
-0.6272
-0.6427
-0.6584
-0.6741
-0.6900
-0.7060
-0.7221
-0.7383
-0.7546
-0.7711
-0.7876
-0.8043
-0.8211
-0.8380
-0.8551
-0.8722
-0.8895
-0.9000
-0.8859
-0.8718
-0.8579
-0.8441
-0.8305
-0.8169
-0.8035
-0.7902
-0.7770
-0.7639
-0.7510
-0.7381
-0.7254
-0.7129
-0.7004
-0.6881
-0.6758
-0.6638
-0.6518
-0.6399
-0.6282
-0.6166
-0.6052
-0.5938
-0.5826
-0.5715
-0.5606
-0.5497
-0.5390
-0.5285
-0.5180
-0.5077
-0.4975
-0.4875
-0.4775
-0.4677
-0.4581
-0.4485
-0.4391
-0.4298
-0.4207
-0.4117
-0.4028
-0.3941
-0.3855
-0.3770
-0.3686
-0.3604
-0.3524
-0.3444
-0.3366
-0.3289
-0.3214
-0.3140
-0.3068
-0.2996
-0.2927
-0.2858
-0.2791
-0.2726
-0.2661
-0.2598
-0.2537
-0.2477
-0.2418
-0.2361
-0.2305
-0.2251
-0.2198
-0.2146
-0.2096
-0.2047
-0.2000
-0.1954
-0.1909
-0.1866
-0.1825
-0.1785
-0.1746
-0.1709
-0.1673
-0.1639
-0.1606
-0.1574
-0.1544
-0.1516
-0.1489
-0.1464
-0.1440
-0.1417
-0.1396
-0.1376
-0.1358
-0.1342
-0.1327
-0.1313
-0.1301
-0.1291
-0.1282
-0.1274
-0.1268
-0.1264
-0.1261
-0.1260
-0.1260
-0.1262
-0.1265
-0.1270
-0.1276
-0.1284
-0.1293
-0.1304
-0.1317
-0.1331
-0.1347
-0.1364
-0.1383
-0.1403
-0.1425
-0.1449
-0.1474
-0.1501
-0.1529
-0.1559
-0.1590
-0.1623
-0.1658
-0.1694
-0.1732
-0.1772
-0.1813
-0.1856
-0.1900
-0.1946
-0.1994
-0.2043
-0.2094
-0.2147
-0.2201
-0.2256
-0.2314
-0.2373
-0.2434
-0.2496
-0.2560
-0.2626
-0.2693
-0.2762
-0.2833
-0.2906
-0.2980
-0.3055
-0.3133
-0.3212
-0.3293
-0.3375
-0.3459
-0.3545
-0.3633
-0.3722
-0.3813
-0.3905
-0.4000
-0.4096
-0.4194
-0.4293
-0.4394
-0.4497
-0.4602
-0.4708
-0.4816
-0.4926
-0.5038
-0.5151
-0.5266
-0.5383
-0.5501
-0.5621
-0.5743
-0.5867
-0.5993
-0.6120
-0.6249
-0.6380
-0.6512
-0.6646
-0.6782
-0.6920
-0.7060
-0.7201
-0.7344
-0.7489
-0.7636
-0.7784
-0.7934
-0.8086
-0.8240
-0.8396
-0.8553
-0.8712
-0.8873
-0.9000
-0.8868
-0.8738
-0.8610
-0.8484
-0.8359
-0.8236
-0.8115
-0.7996
-0.7879
-0.7763
-0.7650
-0.7538
-0.7428
-0.7320
-0.7214
-0.7109
-0.7007
-0.6906
-0.6807
-0.6710
-0.6615
-0.6522
-0.6431
-0.6341
-0.6254
-0.6168
-0.6085
-0.6003
-0.5923
-0.5845
-0.5769
-0.5695
-0.5622
-0.5552
-0.5484
-0.5417
-0.5353
-0.5290
-0.5229
-0.5171
-0.5114
-0.5059
-0.5006
-0.4955
-0.4906
-0.4860
-0.4815
-0.4772
-0.4730
-0.4691
-0.4654
-0.4619
-0.4586
-0.4555
-0.4526
-0.4499
-0.4474
-0.4451
-0.4429
-0.4410
-0.4393
-0.4378
-0.4365
-0.4354
-0.4345
-0.4338
-0.4333
-0.4331
-0.4330
-0.4331
-0.4334
-0.4340
-0.4347
-0.4356
-0.4368
-0.4381
-0.4397
-0.4415
-0.4435
-0.4456
-0.4480
-0.4506
-0.4534
-0.4565
-0.4597
-0.4631
-0.4668
-0.4706
-0.4747
-0.4790
-0.4835
-0.4882
-0.4931
-0.4982
-0.5035
-0.5091
-0.5148
-0.5208
-0.5270
-0.5334
-0.5400
-0.5468
-0.5539
-0.5611
-0.5686
-0.5763
-0.5841
-0.5922
-0.6005
-0.6089
-0.6176
-0.6264
-0.6354
-0.6446
-0.6539
-0.6634
-0.6730
-0.6828
-0.6927
-0.7027
-0.7129
-0.7232
-0.7336
-0.7442
-0.7548
-0.7656
-0.7764
-0.7874
-0.7984
-0.8095
-0.8207
-0.8320
-0.8433
-0.8547
-0.8662
-0.8777
-0.8893
-0.9000
-0.8905
-0.8811
-0.8717
-0.8624
-0.8532
-0.8440
-0.8348
-0.8257
-0.8167
-0.8078
-0.7988
-0.7900
-0.7812
-0.7725
-0.7638
-0.7551
-0.7466
-0.7381
-0.7296
-0.7212
-0.7129
-0.7046
-0.6964
-0.6882
-0.6801
-0.6720
-0.6640
-0.6561
-0.6482
-0.6404
-0.6326
-0.6249
-0.6173
-0.6097
-0.6022
-0.5947
-0.5873
-0.5799
-0.5726
-0.5653
-0.5582
-0.5510
-0.5439
-0.5369
-0.5300
-0.5231
-0.5162
-0.5094
-0.5027
-0.4960
-0.4894
-0.4829
-0.4764
-0.4699
-0.4636
-0.4572
-0.4510
-0.4448
-0.4386
-0.4325
-0.4265
-0.4205
-0.4146
-0.4087
-0.4029
-0.3972
-0.3915
-0.3859
-0.3803
-0.3748
-0.3694
-0.3640
-0.3586
-0.3533
-0.3481
-0.3430
-0.3379
-0.3328
-0.3278
-0.3229
-0.3180
-0.3132
-0.3084
-0.3037
-0.2991
-0.2945
-0.2900
-0.2855
-0.2811
-0.2768
-0.2725
-0.2682
-0.2641
-0.2600
-0.2559
-0.2519
-0.2480
-0.2441
-0.2402
-0.2365
-0.2328
-0.2291
-0.2255
-0.2220
-0.2185
-0.2151
-0.2117
-0.2084
-0.2052
-0.2020
-0.1989
-0.1958
-0.1928
-0.1898
-0.1870
-0.1841
-0.1813
-0.1786
-0.1760
-0.1734
-0.1708
-0.1683
-0.1659
-0.1635
-0.1612
-0.1590
-0.1568
-0.1546
-0.1526
-0.1505
-0.1486
-0.1467
-0.1448
-0.1431
-0.1413
-0.1397
-0.1381
-0.1365
-0.1350
-0.1336
-0.1322
-0.1309
-0.1296
-0.1284
-0.1273
-0.1262
-0.1252
-0.1242
-0.1233
-0.1224
-0.1216
-0.1209
-0.1202
-0.1196
-0.1191
-0.1186
-0.1181
-0.1177
-0.1174
-0.1171
-0.1169
-0.1168
-0.1167
-0.1167
-0.1167
-0.1168
-0.1169
-0.1171
-0.1174
-0.1177
-0.1181
-0.1185
-0.1190
-0.1195
-0.1202
-0.1208
-0.1215
-0.1223
-0.1232
-0.1241
-0.1250
-0.1261
-0.1271
-0.1283
-0.1295
-0.1307
-0.1320
-0.1334
-0.1348
-0.1363
-0.1378
-0.1394
-0.1411
-0.1428
-0.1446
-0.1464
-0.1483
-0.1503
-0.1523
-0.1544
-0.1565
-0.1587
-0.1609
-0.1632
-0.1656
-0.1680
-0.1705
-0.1730
-0.1756
-0.1783
-0.1810
-0.1837
-0.1866
-0.1895
-0.1924
-0.1954
-0.1985
-0.2016
-0.2048
-0.2080
-0.2113
-0.2146
-0.2180
-0.2215
-0.2250
-0.2286
-0.2323
-0.2360
-0.2397
-0.2436
-0.2474
-0.2514
-0.2554
-0.2594
-0.2635
-0.2677
-0.2719
-0.2762
-0.2805
-0.2849
-0.2894
-0.2939
-0.2985
-0.3031
-0.3078
-0.3126
-0.3174
-0.3222
-0.3271
-0.3321
-0.3372
-0.3423
-0.3474
-0.3526
-0.3579
-0.3632
-0.3686
-0.3741
-0.3796
-0.3851
-0.3908
-0.3964
-0.4022
-0.4080
-0.4138
-0.4197
-0.4257
-0.4317
-0.4378
-0.4439
-0.4501
-0.4564
-0.4627
-0.4691
-0.4755
-0.4820
-0.4886
-0.4952
-0.5018
-0.5085
-0.5153
-0.5222
-0.5290
-0.5360
-0.5430
-0.5501
-0.5572
-0.5644
-0.5716
-0.5789
-0.5863
-0.5937
-0.6011
-0.6087
-0.6163
-0.6239
-0.6316
-0.6394
-0.6472
-0.6550
-0.6630
-0.6710
-0.6790
-0.6871
-0.6953
-0.7035
-0.7118
-0.7201
-0.7285
-0.7369
-0.7454
-0.7540
-0.7626
-0.7713
-0.7800
-0.7888
-0.7976
-0.8066
-0.8155
-0.8245
-0.8336
-0.8427
-0.8519
-0.8612
-0.8705
-0.8798
-0.8893
-0.8987
-0.9000
-0.8922
-0.8845
-0.8769
-0.8693
-0.8618
-0.8543
-0.8469
-0.8395
-0.8322
-0.8249
-0.8177
-0.8106
-0.8035
-0.7965
-0.7895
-0.7826
-0.7758
-0.7690
-0.7622
-0.7556
-0.7489
-0.7424
-0.7359
-0.7294
-0.7230
-0.7167
-0.7104
-0.7042
-0.6980
-0.6919
-0.6859
-0.6799
-0.6739
-0.6681
-0.6623
-0.6565
-0.6508
-0.6451
-0.6396
-0.6340
-0.6285
-0.6231
-0.6178
-0.6125
-0.6072
-0.6020
-0.5969
-0.5918
-0.5868
-0.5819
-0.5770
-0.5721
-0.5673
-0.5626
-0.5579
-0.5533
-0.5488
-0.5443
-0.5399
-0.5355
-0.5311
-0.5269
-0.5227
-0.5185
-0.5144
-0.5104
-0.5064
-0.5025
-0.4987
-0.4948
-0.4911
-0.4874
-0.4838
-0.4802
-0.4767
-0.4732
-0.4699
-0.4665
-0.4632
-0.4600
-0.4568
-0.4537
-0.4507
-0.4477
-0.4448
-0.4419
-0.4391
-0.4363
-0.4336
-0.4309
-0.4284
-0.4258
-0.4234
-0.4209
-0.4186
-0.4163
-0.4141
-0.4119
-0.4097
-0.4077
-0.4057
-0.4037
-0.4018
-0.4000
-0.3982
-0.3965
-0.3948
-0.3932
-0.3917
-0.3902
-0.3888
-0.3874
-0.3861
-0.3848
-0.3837
-0.3825
-0.3814
-0.3804
-0.3794
-0.3785
-0.3777
-0.3769
-0.3762
-0.3755
-0.3749
-0.3743
-0.3738
-0.3734
-0.3730
-0.3727
-0.3724
-0.3722
-0.3720
-0.3719
-0.3719
-0.3719
-0.3720
-0.3721
-0.3723
-0.3726
-0.3729
-0.3733
-0.3737
-0.3742
-0.3747
-0.3753
-0.3760
-0.3767
-0.3775
-0.3783
-0.3792
-0.3802
-0.3812
-0.3822
-0.3834
-0.3846
-0.3858
-0.3871
-0.3885
-0.3899
-0.3913
-0.3929
-0.3945
-0.3961
-0.3978
-0.3996
-0.4014
-0.4033
-0.4052
-0.4072
-0.4092
-0.4114
-0.4135
-0.4158
-0.4180
-0.4204
-0.4228
-0.4252
-0.4278
-0.4303
-0.4330
-0.4356
-0.4384
-0.4412
-0.4441
-0.4470
-0.4500
-0.4530
-0.4561
-0.4592
-0.4625
-0.4657
-0.4690
-0.4724
-0.4759
-0.4794
-0.4829
-0.4865
-0.4902
-0.4939
-0.4977
-0.5016
-0.5055
-0.5095
-0.5135
-0.5175
-0.5217
-0.5259
-0.5301
-0.5344
-0.5388
-0.5432
-0.5477
-0.5522
-0.5568
-0.5615
-0.5662
-0.5710
-0.5758
-0.5807
-0.5856
-0.5906
-0.5957
-0.6008
-0.6060
-0.6112
-0.6165
-0.6218
-0.6272
-0.6327
-0.6382
-0.6438
-0.6494
-0.6551
-0.6609
-0.6667
-0.6725
-0.6785
-0.6844
-0.6905
-0.6966
-0.7027
-0.7089
-0.7152
-0.7215
-0.7279
-0.7343
-0.7408
-0.7474
-0.7540
-0.7606
-0.7674
-0.7741
-0.7810
-0.7879
-0.7948
-0.8018
-0.8089
-0.8160
-0.8232
-0.8304
-0.8377
-0.8451
-0.8525
-0.8600
-0.8675
-0.8751
-0.8827
-0.8904
-0.8981
-0.9000
-0.8937
-0.8874
-0.8811
-0.8749
-0.8688
-0.8628
-0.8567
-0.8508
-0.8449
-0.8391
-0.8333
-0.8276
-0.8219
-0.8163
-0.8107
-0.8052
-0.7998
-0.7944
-0.7891
-0.7838
-0.7786
-0.7735
-0.7684
-0.7633
-0.7584
-0.7534
-0.7486
-0.7438
-0.7390
-0.7343
-0.7297
-0.7251
-0.7206
-0.7161
-0.7117
-0.7074
-0.7031
-0.6988
-0.6946
-0.6905
-0.6865
-0.6825
-0.6785
-0.6746
-0.6708
-0.6670
-0.6634
-0.6601
-0.6571
-0.6543
-0.6519
-0.6498
-0.6479
-0.6464
-0.6451
-0.6441
-0.6434
-0.6431
-0.6430
-0.6431
-0.6436
-0.6444
-0.6455
-0.6468
-0.6485
-0.6504
-0.6527
-0.6552
-0.6580
-0.6612
-0.6646
-0.6683
-0.6723
-0.6765
-0.6811
-0.6860
-0.6911
-0.6966
-0.7023
-0.7084
-0.7147
-0.7213
-0.7282
-0.7354
-0.7429
-0.7507
-0.7586
-0.7666
-0.7747
-0.7828
-0.7910
-0.7992
-0.8075
-0.8159
-0.8243
-0.8328
-0.8413
-0.8499
-0.8585
-0.8672
-0.8759
-0.8848
-0.8936
-0.9000
-0.8927
-0.8855
-0.8784
-0.8713
-0.8642
-0.8573
-0.8503
-0.8435
-0.8367
-0.8299
-0.8232
-0.8166
-0.8100
-0.8035
-0.7970
-0.7906
-0.7842
-0.7780
-0.7717
-0.7655
-0.7594
-0.7533
-0.7473
-0.7414
-0.7355
-0.7296
-0.7239
-0.7181
-0.7125
-0.7069
-0.7013
-0.6958
-0.6904
-0.6850
-0.6797
-0.6744
-0.6692
-0.6641
-0.6590
-0.6539
-0.6490
-0.6440
-0.6392
-0.6344
-0.6296
-0.6249
-0.6203
-0.6157
-0.6112
-0.6068
-0.6024
-0.5980
-0.5937
-0.5895
-0.5853
-0.5812
-0.5772
-0.5732
-0.5692
-0.5653
-0.5615
-0.5577
-0.5540
-0.5504
-0.5468
-0.5432
-0.5398
-0.5363
-0.5330
-0.5297
-0.5264
-0.5232
-0.5201
-0.5170
-0.5140
-0.5110
-0.5081
-0.5053
-0.5025
-0.4998
-0.4971
-0.4945
-0.4919
-0.4894
-0.4870
-0.4846
-0.4823
-0.4800
-0.4778
-0.4757
-0.4736
-0.4715
-0.4696
-0.4676
-0.4658
-0.4640
-0.4622
-0.4605
-0.4589
-0.4573
-0.4558
-0.4544
-0.4530
-0.4516
-0.4503
-0.4491
-0.4480
-0.4468
-0.4458
-0.4448
-0.4439
-0.4430
-0.4422
-0.4414
-0.4407
-0.4401
-0.4395
-0.4389
-0.4385
-0.4380
-0.4377
-0.4374
-0.4372
-0.4370
-0.4368
-0.4368
-0.4368
-0.4368
-0.4369
-0.4371
-0.4373
-0.4376
-0.4379
-0.4383
-0.4388
-0.4393
-0.4399
-0.4405
-0.4412
-0.4419
-0.4427
-0.4436
-0.4445
-0.4455
-0.4465
-0.4476
-0.4487
-0.4499
-0.4512
-0.4525
-0.4539
-0.4553
-0.4568
-0.4584
-0.4600
-0.4617
-0.4634
-0.4652
-0.4670
-0.4689
-0.4709
-0.4729
-0.4750
-0.4771
-0.4793
-0.4816
-0.4839
-0.4862
-0.4886
-0.4911
-0.4937
-0.4963
-0.4989
-0.5016
-0.5044
-0.5072
-0.5101
-0.5130
-0.5160
-0.5191
-0.5222
-0.5254
-0.5286
-0.5319
-0.5352
-0.5386
-0.5421
-0.5456
-0.5492
-0.5528
-0.5565
-0.5603
-0.5641
-0.5679
-0.5719
-0.5758
-0.5799
-0.5840
-0.5881
-0.5923
-0.5966
-0.6009
-0.6053
-0.6098
-0.6143
-0.6188
-0.6234
-0.6281
-0.6328
-0.6376
-0.6425
-0.6474
-0.6523
-0.6573
-0.6624
-0.6675
-0.6727
-0.6780
-0.6833
-0.6886
-0.6940
-0.6995
-0.7051
-0.7106
-0.7163
-0.7220
-0.7278
-0.7336
-0.7394
-0.7454
-0.7514
-0.7574
-0.7635
-0.7697
-0.7759
-0.7822
-0.7885
-0.7949
-0.8014
-0.8079
-0.8144
-0.8210
-0.8277
-0.8345
-0.8412
-0.8481
-0.8550
-0.8620
-0.8690
-0.8761
-0.8832
-0.8904
-0.8976
-0.9000
-0.8941
-0.8882
-0.8824
-0.8766
-0.8709
-0.8652
-0.8596
-0.8541
-0.8486
-0.8432
-0.8378
-0.8325
-0.8273
-0.8221
-0.8169
-0.8118
-0.8068
-0.8019
-0.7969
-0.7921
-0.7873
-0.7826
-0.7779
-0.7732
-0.7687
-0.7642
-0.7597
-0.7553
-0.7510
-0.7467
-0.7425
-0.7383
-0.7342
-0.7301
-0.7261
-0.7222
-0.7183
-0.7145
-0.7107
-0.7070
-0.7034
-0.6998
-0.6962
-0.6928
-0.6893
-0.6860
-0.6827
-0.6794
-0.6762
-0.6731
-0.6700
-0.6670
-0.6640
-0.6611
-0.6583
-0.6555
-0.6528
-0.6501
-0.6475
-0.6449
-0.6424
-0.6399
-0.6376
-0.6352
-0.6330
-0.6307
-0.6286
-0.6265
-0.6244
-0.6225
-0.6205
-0.6187
-0.6168
-0.6151
-0.6134
-0.6117
-0.6102
-0.6086
-0.6072
-0.6058
-0.6044
-0.6031
-0.6019
-0.6007
-0.5996
-0.5985
-0.5975
-0.5966
-0.5957
-0.5948
-0.5940
-0.5933
-0.5927
-0.5921
-0.5915
-0.5910
-0.5906
-0.5902
-0.5899
-0.5896
-0.5894
-0.5893
-0.5892
-0.5892
-0.5892
-0.5893
-0.5894
-0.5897
-0.5899
-0.5902
-0.5906
-0.5910
-0.5915
-0.5921
-0.5927
-0.5934
-0.5942
-0.5950
-0.5959
-0.5969
-0.5979
-0.5990
-0.6002
-0.6014
-0.6027
-0.6041
-0.6056
-0.6071
-0.6088
-0.6105
-0.6123
-0.6141
-0.6161
-0.6181
-0.6202
-0.6224
-0.6247
-0.6271
-0.6295
-0.6321
-0.6347
-0.6375
-0.6403
-0.6432
-0.6462
-0.6493
-0.6525
-0.6558
-0.6592
-0.6627
-0.6663
-0.6700
-0.6738
-0.6777
-0.6817
-0.6858
-0.6900
-0.6944
-0.6988
-0.7033
-0.7080
-0.7127
-0.7176
-0.7226
-0.7277
-0.7329
-0.7383
-0.7437
-0.7493
-0.7550
-0.7608
-0.7667
-0.7727
-0.7789
-0.7852
-0.7916
-0.7982
-0.8049
-0.8117
-0.8186
-0.8256
-0.8328
-0.8402
-0.8476
-0.8552
-0.8629
-0.8708
-0.8788
-0.8869
-0.8952
-0.9000
-0.8932
-0.8866
-0.8801
-0.8738
-0.8676
-0.8615
-0.8556
-0.8499
-0.8443
-0.8388
-0.8335
-0.8283
-0.8233
-0.8185
-0.8138
-0.8092
-0.8049
-0.8006
-0.7966
-0.7927
-0.7889
-0.7853
-0.7819
-0.7787
-0.7756
-0.7727
-0.7699
-0.7673
-0.7649
-0.7627
-0.7606
-0.7587
-0.7570
-0.7554
-0.7540
-0.7528
-0.7518
-0.7510
-0.7503
-0.7498
-0.7495
-0.7494
-0.7495
-0.7497
-0.7501
-0.7508
-0.7516
-0.7526
-0.7538
-0.7551
-0.7567
-0.7585
-0.7604
-0.7626
-0.7649
-0.7675
-0.7702
-0.7732
-0.7763
-0.7796
-0.7832
-0.7869
-0.7909
-0.7950
-0.7994
-0.8040
-0.8087
-0.8137
-0.8189
-0.8243
-0.8299
-0.8358
-0.8418
-0.8481
-0.8545
-0.8612
-0.8681
-0.8752
-0.8826
-0.8901
-0.8979
-0.9000
-0.8936
-0.8875
-0.8816
-0.8759
-0.8705
-0.8652
-0.8602
-0.8554
-0.8509
-0.8466
-0.8425
-0.8387
-0.8351
-0.8317
-0.8286
-0.8257
-0.8230
-0.8206
-0.8185
-0.8165
-0.8149
-0.8134
-0.8122
-0.8113
-0.8106
-0.8101
-0.8099
-0.8100
-0.8103
-0.8109
-0.8117
-0.8127
-0.8141
-0.8156
-0.8175
-0.8196
-0.8219
-0.8246
-0.8274
-0.8306
-0.8340
-0.8376
-0.8415
-0.8457
-0.8501
-0.8548
-0.8597
-0.8649
-0.8704
-0.8761
-0.8821
-0.8883
-0.8948
-0.9000
-0.8947
-0.8897
-0.8849
-0.8804
-0.8761
-0.8721
-0.8683
-0.8648
-0.8616
-0.8586
-0.8559
-0.8534
-0.8512
-0.8493
-0.8476
-0.8462
-0.8450
-0.8441
-0.8434
-0.8430
-0.8429
-0.8430
-0.8433
-0.8440
-0.8449
-0.8460
-0.8474
-0.8491
-0.8510
-0.8532
-0.8556
-0.8583
-0.8612
-0.8644
-0.8679
-0.8716
-0.8756
-0.8798
-0.8843
-0.8890
-0.8940
-0.8993
-0.9000
-0.8957
-0.8917
-0.8879
-0.8844
-0.8811
-0.8781
-0.8754
-0.8729
-0.8706
-0.8687
-0.8669
-0.8655
-0.8643
-0.8633
-0.8626
-0.8622
-0.8620
-0.8621
-0.8624
-0.8630
-0.8638
-0.8649
-0.8663
-0.8679
-0.8698
-0.8719
-0.8743
-0.8769
-0.8798
-0.8829
-0.8863
-0.8900
-0.8939
-0.8981
-0.9000
-0.8966
-0.8935
-0.8906
-0.8879
-0.8856
-0.8835
-0.8816
-0.8800
-0.8786
-0.8775
-0.8767
-0.8761
-0.8758
-0.8757
-0.8759
-0.8763
-0.8770
-0.8780
-0.8792
-0.8806
-0.8823
-0.8843
-0.8865
-0.8890
-0.8917
-0.8947
-0.8980
-0.9000
-0.8974
-0.8950
-0.8929
-0.8910
-0.8894
-0.8880
-0.8869
-0.8860
-0.8854
-0.8851
-0.8850
-0.8852
-0.8856
-0.8863
-0.8872
-0.8884
-0.8898
-0.8915
-0.8935
-0.8957
-0.8981
-0.9000
-0.8980
-0.8963
-0.8948
-0.8936
-0.8926
-0.8919
-0.8914
-0.8912
-0.8912
-0.8915
-0.8921
-0.8929
-0.8939
-0.8952
-0.8968
-0.8986
-0.9000
-0.8985
-0.8973
-0.8964
-0.8956
-0.8952
-0.8950
-0.8950
-0.8953
-0.8959
-0.8967
-0.8978
-0.8991
-0.9000
-0.8989
-0.8981
-0.8976
-0.8973
-0.8972
-0.8974
-0.8979
-0.8986
-0.8996
-0.9000
-0.8992
-0.8987
-0.8984
-0.8984
-0.8987
-0.8992
-0.8999
-0.9000
-0.8994
-0.8991
-0.8990
-0.8992
-0.8996
-0.9000
-0.8997
-0.8996
-0.8998
-0.9000
-0.8999
-0.9000
-0.9000
-0.8999
-0.9000
-0.9000
-0.9000
-0.9000
-0.9000
-0.9000
-0.9000
-0.9000
-0.9000
-0.9000
-0.9000
-0.9000
-0.9000
-0.9000
-0.9000
-0.9000
-0.9000
-0.9000
-0.9000
-0.9000
-0.9000
-0.9000
-0.9000
-0.9000
-0.9000
-0.9000
-0.9000
-0.9000
-0.9000
-0.9000
-0.9000
-0.9000
-0.9000
-0.9000
-0.9000
-0.9000
-0.9000
-0.9000
-0.9000
-0.9000
-0.9000
-0.9000
-0.9000
-0.9000
-0.9000
-0.9000
-0.9000
-0.9000
-0.9000
-0.9000
-0.9000
-0.9000
-0.9000
-0.9000
-0.9000
-0.9000
-0.9000
-0.9000
-0.9000
-0.9000
-0.9000
-0.9000
-0.9000
-0.9000
-0.9000
-0.9000
-0.9000
-0.9000
-0.9000
-0.9000
-0.9000
-0.9000
-0.9000
-0.9000
-0.9000
-0.9000
-0.9000
-0.9000
-0.9000
-0.9000
-0.9000
-0.9000
-0.9000
-0.9000
-0.9000
-0.9000
-0.9000
-0.9000
-0.9000
-0.9000
-0.9000
-0.9000
-0.9000
-0.9000
-0.9000
-0.9000
-0.9000
-0.9000
-0.9000
-0.9000
-0.9000
-0.9000
-0.9000
-0.9000
-0.9000
-0.9000
-0.9000
-0.9000
-0.9000
-0.9000
-0.9000
-0.9000
-0.9000
-0.9000
-0.9000
-0.9000
-0.9000
-0.9000
-0.9000
-0.9000
-0.9000
-0.9000
-0.9000
-0.9000
-0.9000
-0.9000
-0.9000
-0.9000
-0.9000
-0.9000
-0.9000
-0.9000
-0.9000
-0.9000
-0.9000
-0.9000
-0.9000
-0.9000
-0.9000
-0.9000
-0.9000
-0.9000
-0.9000
-0.9000
-0.9000
-0.9000
-0.9000
-0.9000
-0.9000
-0.9000
-0.9000
-0.9000
-0.9000
-0.9000
-0.9000
-0.9000
-0.9000
-0.9000
-0.9000
-0.9000
-0.9000
-0.9000
-0.9000
-0.9000
-0.9000
-0.9000
-0.9000
-0.9000
-0.9000
-0.9000
-0.9000
-0.9000
-0.9000
-0.9000
-0.9000
-0.9000
-0.9000
-0.9000
-0.9000
-0.9000
-0.9000
-0.9000
-0.9000
-0.9000
-0.9000
-0.9000
-0.9000
-0.9000
-0.9000
-0.9000
-0.9000
-0.9000
-0.9000
-0.9000
-0.9000
-0.9000
-0.9000
-0.9000
-0.9000
-0.9000
-0.9000
-0.9000
-0.9000
-0.9000
-0.9000
-0.9000
-0.9000
-0.9000
-0.9000
-0.9000
-0.9000
-0.9000
-0.9000
-0.9000
-0.9000
-0.9000
-0.9000
-0.9000
-0.9000
-0.9000
-0.9000
-0.9000
-0.9000
-0.9000
-0.9000
-0.9000
-0.9000
-0.9000
-0.9000
-0.9000
-0.9000
-0.9000
-0.9000
-0.9000
-0.9000
-0.9000
-0.9000
-0.9000
-0.9000
-0.9000
-0.9000
-0.9000
-0.9000
-0.9000
-0.9000
-0.9000
-0.9000
-0.9000
-0.9000
-0.9000
-0.9000
-0.9000
-0.9000
-0.9000
-0.9000
-0.9000
-0.9000
-0.9000
-0.9000
-0.9000
-0.9000
-0.9000
-0.9000
-0.9000
-0.9000
-0.9000
-0.9000
-0.9000
-0.9000
-0.9000
-0.9000
-0.9000
-0.9000
-0.9000
-0.9000
-0.9000
-0.9000
-0.9000
-0.9000
-0.9000
-0.9000
-0.9000
-0.9000
-0.9000
-0.9000
-0.9000
-0.9000
-0.9000
-0.9000
-0.9000
-0.9000
-0.9000
-0.9000
-0.9000
-0.9000
-0.9000
-0.9000
-0.9000
-0.9000
-0.9000
-0.9000
-0.9000
-0.9000
-0.9000
-0.9000
-0.9000
-0.9000
-0.9000
-0.9000
-0.9000
-0.9000
-0.9000
-0.9000
-0.9000
-0.9000
-0.9000
-0.9000
-0.9000
-0.9000
-0.9000
-0.9000
-0.9000
-0.9000
-0.9000
-0.9000
-0.9000
-0.9000
-0.9000
-0.9000
-0.9000
-0.9000
-0.9000
-0.9000
-0.9000
-0.9000
-0.9000
-0.9000
-0.9000
-0.9000
-0.9000
-0.9000
-0.9000
-0.9000
-0.9000
-0.9000
-0.9000
-0.9000
-0.9000
-0.9000
-0.9000
-0.9000
-0.9000
-0.9000
-0.9000
-0.9000
-0.9000
-0.9000
-0.9000
-0.9000
-0.9000
-0.9000
-0.9000
-0.9000
-0.9000
-0.9000
-0.9000
-0.9000
-0.9000
-0.9000
-0.9000
-0.9000
-0.9000
-0.9000
-0.9000
-0.9000
-0.9000
-0.9000
-0.9000
-0.9000
-0.9000
-0.9000
-0.9000
-0.9000
-0.9000
-0.9000
-0.9000
-0.9000
-0.9000
-0.9000
-0.9000
-0.9000
-0.9000
-0.9000
-0.9000
-0.9000
-0.9000
-0.9000
-0.9000
-0.9000
-0.9000
-0.9000
-0.9000
-0.9000
-0.9000
-0.9000
-0.9000
-0.9000
-0.9000
-0.9000
-0.9000
-0.9000
-0.9000
-0.9000
-0.9000
-0.9000
-0.9000
-0.9000
-0.9000
-0.9000
-0.9000
-0.9000
-0.9000
-0.9000
-0.9000
-0.9000
-0.9000
-0.9000
-0.9000
-0.9000
-0.9000
-0.9000
-0.9000
-0.9000
-0.9000
-0.9000
-0.9000
-0.9000
-0.9000
-0.9000
-0.9000
-0.9000
-0.9000
-0.9000
-0.9000
-0.9000
-0.9000
-0.9000
-0.9000
-0.9000
-0.9000
-0.9000
-0.9000
-0.9000
-0.9000
-0.9000
-0.9000
-0.9000
-0.9000
-0.9000
-0.9000
-0.9000
-0.9000
-0.9000
-0.9000
-0.9000
-0.9000
-0.9000
-0.9000
-0.9000
-0.9000
-0.9000
-0.9000
-0.9000
-0.9000
-0.9000
-0.9000
-0.9000
-0.9000
-0.9000
-0.9000
-0.9000
-0.9000
-0.9000
-0.9000
-0.9000
-0.9000
-0.9000
-0.9000
-0.9000
-0.9000
-0.9000
-0.9000
-0.9000
-0.9000
-0.9000
-0.9000
-0.9000
-0.9000
-0.9000
-0.9000
-0.9000
-0.9000
-0.9000
-0.9000
-0.9000
-0.9000
-0.9000
-0.9000
-0.9000
-0.9000
-0.9000
-0.9000
-0.9000
-0.9000
-0.9000
-0.9000
-0.9000
-0.9000
-0.9000
-0.9000
-0.9000
-0.9000
-0.9000
-0.9000
-0.9000
-0.9000
-0.9000
-0.9000
-0.9000
-0.9000
-0.9000
-0.9000
-0.9000
-0.9000
-0.9000
-0.9000
-0.9000
-0.9000
-0.9000
-0.9000
-0.9000
-0.9000
-0.9000
-0.9000
-0.9000
-0.9000
-0.9000
-0.9000
-0.9000
-0.9000
-0.9000
-0.9000
-0.9000
-0.9000
-0.9000
-0.9000
-0.9000
-0.9000
-0.9000
-0.9000
-0.9000
-0.9000
-0.9000
-0.9000
-0.9000
-0.9000
-0.9000
-0.9000
-0.9000
-0.9000
-0.9000
-0.9000
-0.9000
-0.9000
-0.9000
-0.9000
-0.9000
-0.9000
-0.9000
-0.9000
-0.9000
-0.9000
-0.9000
-0.9000
-0.9000
-0.9000
-0.9000
-0.9000
-0.9000
-0.9000
-0.9000
-0.9000
-0.9000
-0.9000
-0.9000
-0.9000
-0.9000
-0.9000
-0.9000
-0.9000
-0.9000
-0.9000
-0.9000
-0.9000
-0.9000
-0.9000
-0.9000
-0.9000
-0.9000
-0.9000
-0.9000
-0.9000
-0.9000
-0.9000
-0.9000
-0.9000
-0.9000
-0.9000
-0.9000
-0.9000
-0.9000
-0.9000
-0.9000
-0.9000
-0.9000
-0.9000
-0.9000
-0.9000
-0.9000
-0.9000
-0.9000
-0.9000
-0.9000
-0.9000
-0.9000
-0.9000
-0.9000
-0.9000
-0.9000
-0.9000
-0.9000
-0.9000
-0.9000
-0.9000
-0.9000
-0.9000
-0.9000
-0.9000
-0.9000
-0.9000
-0.9000
-0.9000
-0.9000
-0.9000
-0.9000
-0.9000
-0.9000
-0.9000
-0.9000
-0.9000
-0.9000
-0.9000
-0.9000
-0.9000
-0.9000
-0.9000
-0.9000
-0.9000
-0.9000
-0.9000
-0.9000
-0.9000
-0.9000
-0.9000
-0.9000
-0.9000
-0.9000
-0.9000
-0.9000
-0.9000
-0.9000
-0.9000
-0.9000
-0.9000
-0.9000
-0.9000
-0.9000
-0.9000
-0.9000
-0.9000
-0.9000
-0.9000
-0.9000
-0.9000
-0.9000
-0.9000
-0.9000
-0.9000
-0.9000
-0.9000
-0.9000
-0.9000
-0.9000
-0.9000
-0.9000
-0.9000
-0.9000
-0.9000
-0.9000
-0.9000
-0.9000
-0.9000
-0.9000
-0.9000
-0.9000
-0.9000
-0.9000
-0.9000
-0.9000
-0.9000
-0.9000
-0.9000
-0.9000
-0.9000
-0.9000
-0.9000
-0.9000
-0.9000
-0.9000
-0.9000
-0.9000
-0.9000
-0.9000
-0.9000
-0.9000
-0.9000
-0.9000
-0.9000
-0.9000
-0.9000
-0.9000
-0.9000
-0.9000
-0.9000
-0.9000
-0.9000
-0.9000
-0.9000
-0.9000
-0.9000
-0.9000
-0.9000
-0.9000
-0.9000
-0.9000
-0.9000
-0.9000
-0.9000
-0.9000
-0.9000
-0.9000
-0.9000
-0.9000
-0.9000
-0.9000
-0.9000
-0.9000
-0.9000
-0.9000
-0.9000
-0.9000
-0.9000
-0.9000
-0.9000
-0.9000
-0.9000
-0.9000
-0.9000
-0.9000
-0.9000
-0.9000
-0.9000
-0.9000
-0.9000
-0.9000
-0.9000
-0.9000
-0.9000
-0.9000
-0.9000
-0.9000
-0.9000
-0.9000
-0.9000
-0.9000
-0.9000
-0.9000
-0.9000
-0.9000
-0.9000
-0.9000
-0.9000
-0.9000
-0.9000
-0.9000
-0.9000
-0.9000
-0.9000
-0.9000
-0.9000
-0.9000
-0.9000
-0.9000
-0.9000
-0.9000
-0.9000
-0.9000
-0.9000
-0.9000
-0.9000
-0.9000
-0.9000
-0.9000
-0.9000
-0.9000
-0.9000
-0.9000
-0.9000
-0.9000
-0.9000
-0.9000
-0.9000
-0.9000
-0.9000
-0.9000
-0.9000
-0.9000
-0.9000
-0.9000
-0.9000
-0.9000
-0.9000
-0.9000
-0.9000
-0.9000
-0.9000
-0.9000
-0.9000
-0.9000
-0.9000
-0.9000
-0.9000
-0.9000
-0.9000
-0.9000
-0.9000
-0.9000
-0.9000
-0.9000
-0.9000
-0.9000
-0.9000
-0.9000
-0.9000
-0.9000
-0.9000
-0.9000
-0.9000
-0.9000
-0.9000
-0.9000
-0.9000
-0.9000
-0.9000
-0.9000
-0.9000
-0.9000
-0.9000
-0.9000
-0.9000
-0.9000
-0.9000
-0.9000
-0.9000
-0.9000
-0.9000
-0.9000
-0.9000
-0.9000
-0.9000
-0.9000
-0.9000
-0.9000
-0.9000
-0.9000
-0.9000
-0.9000
-0.9000
-0.9000
-0.9000
-0.9000
-0.9000
-0.9000
-0.9000
-0.9000
-0.9000
-0.9000
-0.9000
-0.9000
-0.9000
-0.9000
-0.9000
-0.9000
-0.9000
-0.9000
-0.9000
-0.9000
-0.9000
-0.9000
-0.9000
-0.9000
-0.9000
-0.9000
-0.9000
-0.9000
-0.9000
-0.9000
-0.9000
-0.9000
-0.9000
-0.9000
-0.9000
-0.9000
-0.9000
-0.9000
-0.9000
-0.9000
-0.9000
-0.9000
-0.9000
-0.9000
-0.9000
-0.9000
-0.9000
-0.9000
-0.9000
-0.9000
-0.9000
-0.9000
-0.9000
-0.9000
-0.9000
-0.9000
-0.9000
-0.9000
-0.9000
-0.9000
-0.9000
-0.9000
-0.9000
-0.9000
-0.9000
-0.9000
-0.9000
-0.9000
-0.9000
-0.9000
-0.9000
-0.9000
-0.9000
-0.9000
-0.9000
-0.9000
-0.9000
-0.9000
-0.9000
-0.9000
-0.9000
-0.9000
-0.9000
-0.9000
-0.9000
-0.9000
-0.9000
-0.9000
-0.9000
-0.9000
-0.9000
-0.9000
-0.9000