0.6000
0.6000
0.5999
0.5997
0.5995
0.5993
0.5989
0.5986
0.5981
0.5976
0.5971
0.5964
0.5958
0.5950
0.5942
0.5934
0.5925
0.5915
0.5905
0.5894
0.5882
0.5870
0.5858
0.5844
0.5830
0.5816
0.5801
0.5785
0.5769
0.5752
0.5735
0.5717
0.5699
0.5679
0.5660
0.5639
0.5619
0.5597
0.5575
0.5552
0.5529
0.5505
0.5481
0.5456
0.5430
0.5404
0.5377
0.5350
0.5322
0.5293
0.5264
0.5234
0.5204
0.5173
0.5142
0.5110
0.5077
0.5044
0.5010
0.4975
0.4940
0.4905
0.4869
0.4832
0.4794
0.4756
0.4718
0.4679
0.4639
0.4599
0.4558
0.4516
0.4474
0.4431
0.4388
0.4344
0.4300
0.4255
0.4209
0.4163
0.4116
0.4069
0.4021
0.3972
0.3923
0.3873
0.3823
0.3772
0.3721
0.3669
0.3616
0.3563
0.3509
0.3454
0.3399
0.3344
0.3288
0.3231
0.3173
0.3115
0.3057
0.2998
0.2938
0.2878
0.2817
0.2755
0.2693
0.2630
0.2567
0.2503
0.2439
0.2374
0.2308
0.2242
0.2175
0.2108
0.2040
0.1971
0.1902
0.1833
0.1762
0.1691
0.1620
0.1548
0.1475
0.1402
0.1328
0.1254
0.1179
0.1103
0.1027
0.0950
0.0873
0.0795
0.0716
0.0637
0.0557
0.0477
0.0396
0.0315
0.0233
0.0150
0.0067
-0.0017
-0.0101
-0.0186
-0.0272
-0.0358
-0.0445
-0.0532
-0.0620
-0.0708
-0.0797
-0.0887
-0.0977
-0.1068
-0.1159
-0.1251
-0.1344
-0.1437
-0.1531
-0.1625
-0.1720
-0.1815
-0.1912
-0.2008
-0.2105
-0.2203
-0.2302
-0.2401
-0.2500
-0.2600
-0.2701
-0.2802
-0.2904
-0.3007
-0.3110
-0.3213
-0.3318
-0.3422
-0.3528
-0.3634
-0.3740
-0.3847
-0.3955
-0.4063
-0.4172
-0.4282
-0.4392
-0.4502
-0.4614
-0.4725
-0.4838
-0.4951
-0.5064
-0.5178
-0.5293
-0.5408
-0.5524
-0.5640
-0.5757
-0.5875
-0.5993
-0.6111
-0.6231
-0.6350
-0.6471
-0.6592
-0.6713
-0.6836
-0.6958
-0.7082
-0.7205
-0.7330
-0.7455
-0.7580
-0.7706
-0.7833
-0.7960
-0.8088
-0.8217
-0.8346
-0.8475
-0.8605
-0.8736
-0.8867
-0.8999
-0.9000
-0.8892
-0.8784
-0.8678
-0.8571
-0.8465
-0.8360
-0.8256
-0.8151
-0.8048
-0.7945
-0.7843
-0.7741
-0.7640
-0.7539
-0.7439
-0.7339
-0.7241
-0.7142
-0.7044
-0.6947
-0.6851
-0.6754
-0.6659
-0.6564
-0.6470
-0.6376
-0.6283
-0.6190
-0.6098
-0.6007
-0.5916
-0.5825
-0.5736
-0.5647
-0.5558
-0.5470
-0.5383
-0.5296
-0.5209
-0.5124
-0.5039
-0.4954
-0.4870
-0.4787
-0.4704
-0.4622
-0.4540
-0.4459
-0.4379
-0.4299
-0.4219
-0.4141
-0.4062
-0.3985
-0.3908
-0.3831
-0.3755
-0.3680
-0.3605
-0.3531
-0.3458
-0.3385
-0.3312
-0.3241
-0.3169
-0.3099
-0.3029
-0.2959
-0.2890
-0.2822
-0.2754
-0.2687
-0.2621
-0.2555
-0.2489
-0.2425
-0.2360
-0.2297
-0.2234
-0.2171
-0.2109
-0.2048
-0.1987
-0.1927
-0.1867
-0.1808
-0.1750
-0.1692
-0.1635
-0.1578
-0.1522
-0.1467
-0.1412
-0.1358
-0.1304
-0.1251
-0.1198
-0.1146
-0.1095
-0.1044
-0.0994
-0.0944
-0.0895
-0.0847
-0.0799
-0.0751
-0.0705
-0.0658
-0.0613
-0.0568
-0.0524
-0.0480
-0.0437
-0.0394
-0.0352
-0.0310
-0.0270
-0.0229
-0.0190
-0.0150
-0.0112
-0.0074
-0.0037
0.0000
0.0036
0.0072
0.0107
0.0141
0.0175
0.0209
0.0241
0.0273
0.0305
0.0336
0.0366
0.0396
0.0425
0.0454
0.0482
0.0509
0.0536
0.0562
0.0588
0.0613
0.0637
0.0661
0.0684
0.0707
0.0729
0.0751
0.0772
0.0792
0.0812
0.0831
0.0850
0.0868
0.0885
0.0902
0.0918
0.0934
0.0949
0.0964
0.0977
0.0991
0.1004
0.1016
0.1027
0.1038
0.1049
0.1059
0.1068
0.1076
0.1084
0.1092
0.1099
0.1105
0.1111
0.1116
0.1120
0.1124
0.1128
0.1131
0.1133
0.1134
0.1135
0.1136
0.1136
0.1135
0.1134
0.1132
0.1129
0.1126
0.1122
0.1118
0.1113
0.1108
0.1102
0.1095
0.1088
0.1080
0.1072
0.1063
0.1053
0.1043
0.1033
0.1021
0.1009
0.0997
0.0984
0.0970
0.0956
0.0941
0.0926
0.0910
0.0893
0.0876
0.0858
0.0840
0.0821
0.0802
0.0781
0.0761
0.0740
0.0718
0.0695
0.0672
0.0649
0.0624
0.0600
0.0574
0.0548
0.0522
0.0495
0.0467
0.0439
0.0410
0.0380
0.0350
0.0320
0.0288
0.0257
0.0224
0.0191
0.0158
0.0123
0.0089
0.0053
0.0017
-0.0019
-0.0056
-0.0094
-0.0132
-0.0171
-0.0210
-0.0250
-0.0291
-0.0332
-0.0374
-0.0416
-0.0459
-0.0503
-0.0547
-0.0592
-0.0637
-0.0683
-0.0729
-0.0776
-0.0824
-0.0872
-0.0921
-0.0970
-0.1020
-0.1071
-0.1122
-0.1173
-0.1226
-0.1279
-0.1332
-0.1386
-0.1441
-0.1496
-0.1552
-0.1608
-0.1665
-0.1723
-0.1781
-0.1839
-0.1899
-0.1959
-0.2019
-0.2080
-0.2142
-0.2204
-0.2267
-0.2330
-0.2394
-0.2459
-0.2524
-0.2589
-0.2656
-0.2722
-0.2790
-0.2858
-0.2927
-0.2996
-0.3066
-0.3136
-0.3207
-0.3278
-0.3350
-0.3423
-0.3496
-0.3570
-0.3645
-0.3720
-0.3795
-0.3871
-0.3948
-0.4025
-0.4103
-0.4182
-0.4261
-0.4340
-0.4421
-0.4501
-0.4583
-0.4665
-0.4747
-0.4830
-0.4914
-0.4998
-0.5083
-0.5169
-0.5255
-0.5341
-0.5428
-0.5516
-0.5604
-0.5693
-0.5783
-0.5873
-0.5963
-0.6055
-0.6146
-0.6239
-0.6332
-0.6425
-0.6519
-0.6614
-0.6709
-0.6805
-0.6901
-0.6998
-0.7096
-0.7194
-0.7292
-0.7392
-0.7491
-0.7592
-0.7693
-0.7794
-0.7896
-0.7999
-0.8102
-0.8206
-0.8310
-0.8415
-0.8521
-0.8627
-0.8734
-0.8841
-0.8949
-0.9000
-0.8912
-0.8824
-0.8737
-0.8650
-0.8564
-0.8479
-0.8394
-0.8309
-0.8225
-0.8142
-0.8060
-0.7978
-0.7896
-0.7815
-0.7735
-0.7655
-0.7576
-0.7497
-0.7419
-0.7342
-0.7265
-0.7189
-0.7113
-0.7038
-0.6963
-0.6889
-0.6816
-0.6743
-0.6671
-0.6599
-0.6528
-0.6457
-0.6387
-0.6318
-0.6249
-0.6181
-0.6113
-0.6046
-0.5980
-0.5914
-0.5849
-0.5784
-0.5720
-0.5656
-0.5593
-0.5531
-0.5469
-0.5408
-0.5347
-0.5287
-0.5228
-0.5169
-0.5110
-0.5053
-0.4996
-0.4939
-0.4883
-0.4828
-0.4773
-0.4719
-0.4665
-0.4612
-0.4560
-0.4508
-0.4457
-0.4406
-0.4356
-0.4307
-0.4258
-0.4209
-0.4162
-0.4115
-0.4068
-0.4022
-0.3977
-0.3932
-0.3888
-0.3844
-0.3801
-0.3759
-0.3717
-0.3676
-0.3635
-0.3595
-0.3556
-0.3517
-0.3479
-0.3441
-0.3404
-0.3368
-0.3332
-0.3297
-0.3262
-0.3228
-0.3194
-0.3162
-0.3129
-0.3098
-0.3067
-0.3036
-0.3006
-0.2977
-0.2948
-0.2920
-0.2893
-0.2866
-0.2839
-0.2814
-0.2789
-0.2764
-0.2740
-0.2717
-0.2694
-0.2672
-0.2651
-0.2630
-0.2609
-0.2590
-0.2571
-0.2552
-0.2534
-0.2517
-0.2500
-0.2484
-0.2469
-0.2454
-0.2439
-0.2426
-0.2413
-0.2400
-0.2388
-0.2377
-0.2366
-0.2356
-0.2347
-0.2338
-0.2330
-0.2322
-0.2315
-0.2308
-0.2303
-0.2297
-0.2293
-0.2289
-0.2285
-0.2282
-0.2280
-0.2279
-0.2278
-0.2277
-0.2278
-0.2278
-0.2280
-0.2282
-0.2284
-0.2288
-0.2292
-0.2296
-0.2301
-0.2307
-0.2313
-0.2320
-0.2327
-0.2336
-0.2344
-0.2354
-0.2364
-0.2374
-0.2385
-0.2397
-0.2409
-0.2422
-0.2436
-0.2450
-0.2465
-0.2480
-0.2496
-0.2513
-0.2530
-0.2548
-0.2567
-0.2586
-0.2605
-0.2626
-0.2647
-0.2668
-0.2690
-0.2713
-0.2736
-0.2760
-0.2785
-0.2810
-0.2836
-0.2862
-0.2889
-0.2917
-0.2945
-0.2974
-0.3004
-0.3034
-0.3065
-0.3096
-0.3128
-0.3160
-0.3194
-0.3227
-0.3262
-0.3297
-0.3332
-0.3369
-0.3405
-0.3443
-0.3481
-0.3520
-0.3559
-0.3599
-0.3639
-0.3681
-0.3722
-0.3765
-0.3808
-0.3851
-0.3895
-0.3940
-0.3986
-0.4032
-0.4079
-0.4126
-0.4174
-0.4222
-0.4271
-0.4321
-0.4372
-0.4423
-0.4474
-0.4526
-0.4579
-0.4633
-0.4687
-0.4741
-0.4797
-0.4853
-0.4909
-0.4966
-0.5024
-0.5082
-0.5141
-0.5201
-0.5261
-0.5322
-0.5384
-0.5446
-0.5508
-0.5572
-0.5636
-0.5700
-0.5765
-0.5831
-0.5898
-0.5965
-0.6032
-0.6100
-0.6169
-0.6239
-0.6309
-0.6380
-0.6451
-0.6523
-0.6595
-0.6669
-0.6742
-0.6817
-0.6892
-0.6968
-0.7044
-0.7121
-0.7198
-0.7276
-0.7355
-0.7434
-0.7514
-0.7595
-0.7676
-0.7758
-0.7840
-0.7923
-0.8007
-0.8091
-0.8176
-0.8262
-0.8348
-0.8435
-0.8522
-0.8610
-0.8698
-0.8788
-0.8877
-0.8968
-0.9000
-0.8926
-0.8852
-0.8780
-0.8707
-0.8636
-0.8565
-0.8494
-0.8425
-0.8355
-0.8287
-0.8219
-0.8152
-0.8085
-0.8019
-0.7953
-0.7889
-0.7824
-0.7761
-0.7698
-0.7635
-0.7574
-0.7513
-0.7452
-0.7392
-0.7333
-0.7274
-0.7216
-0.7159
-0.7102
-0.7046
-0.6991
-0.6936
-0.6882
-0.6828
-0.6775
-0.6723
-0.6671
-0.6620
-0.6569
-0.6520
-0.6470
-0.6422
-0.6374
-0.6326
-0.6280
-0.6234
-0.6188
-0.6143
-0.6099
-0.6056
-0.6013
-0.5970
-0.5929
-0.5888
-0.5847
-0.5807
-0.5768
-0.5730
-0.5692
-0.5655
-0.5618
-0.5582
-0.5547
-0.5512
-0.5478
-0.5444
-0.5412
-0.5379
-0.5348
-0.5317
-0.5287
-0.5257
-0.5228
-0.5200
-0.5172
-0.5145
-0.5118
-0.5093
-0.5067
-0.5043
-0.5019
-0.4996
-0.4973
-0.4951
-0.4930
-0.4909
-0.4889
-0.4869
-0.4851
-0.4832
-0.4815
-0.4798
-0.4782
-0.4766
-0.4751
-0.4737
-0.4723
-0.4710
-0.4698
-0.4686
-0.4675
-0.4664
-0.4655
-0.4645
-0.4637
-0.4629
-0.4622
-0.4615
-0.4609
-0.4604
-0.4599
-0.4595
-0.4591
-0.4589
-0.4587
-0.4585
-0.4584
-0.4584
-0.4584
-0.4586
-0.4587
-0.4590
-0.4593
-0.4596
-0.4601
-0.4606
-0.4611
-0.4618
-0.4624
-0.4632
-0.4640
-0.4649
-0.4658
-0.4669
-0.4679
-0.4691
-0.4703
-0.4716
-0.4729
-0.4743
-0.4758
-0.4773
-0.4789
-0.4806
-0.4823
-0.4841
-0.4859
-0.4878
-0.4898
-0.4919
-0.4940
-0.4962
-0.4984
-0.5007
-0.5031
-0.5055
-0.5080
-0.5106
-0.5132
-0.5159
-0.5187
-0.5215
-0.5244
-0.5274
-0.5304
-0.5335
-0.5366
-0.5399
-0.5431
-0.5465
-0.5499
-0.5534
-0.5569
-0.5605
-0.5642
-0.5679
-0.5718
-0.5756
-0.5796
-0.5836
-0.5876
-0.5917
-0.5959
-0.6002
-0.6045
-0.6089
-0.6134
-0.6179
-0.6225
-0.6271
-0.6318
-0.6366
-0.6415
-0.6464
-0.6514
-0.6564
-0.6615
-0.6667
-0.6719
-0.6772
-0.6826
-0.6880
-0.6935
-0.6991
-0.7047
-0.7104
-0.7162
-0.7220
-0.7279
-0.7339
-0.7399
-0.7460
-0.7522
-0.7584
-0.7647
-0.7711
-0.7775
-0.7840
-0.7906
-0.7973
-0.8040
-0.8108
-0.8177
-0.8246
-0.8316
-0.8387
-0.8458
-0.8531
-0.8604
-0.8677
-0.8752
-0.8827
-0.8903
-0.8979
-0.9000
-0.8937
-0.8875
-0.8814
-0.8753
-0.8694
-0.8635
-0.8576
-0.8519
-0.8462
-0.8406
-0.8351
-0.8297
-0.8243
-0.8190
-0.8138
-0.8087
-0.8037
-0.7987
-0.7938
-0.7890
-0.7843
-0.7796
-0.7751
-0.7706
-0.7662
-0.7619
-0.7576
-0.7535
-0.7494
-0.7454
-0.7415
-0.7377
-0.7340
-0.7303
-0.7268
-0.7233
-0.7199
-0.7166
-0.7133
-0.7102
-0.7072
-0.7042
-0.7013
-0.6985
-0.6958
-0.6932
-0.6907
-0.6883
-0.6859
-0.6836
-0.6815
-0.6794
-0.6774
-0.6755
-0.6737
-0.6720
-0.6704
-0.6688
-0.6674
-0.6660
-0.6648
-0.6636
-0.6625
-0.6616
-0.6607
-0.6599
-0.6592
-0.6586
-0.6581
-0.6577
-0.6574
-0.6572
-0.6570
-0.6570
-0.6571
-0.6572
-0.6575
-0.6579
-0.6583
-0.6589
-0.6595
-0.6603
-0.6611
-0.6621
-0.6631
-0.6643
-0.6655
-0.6669
-0.6684
-0.6699
-0.6716
-0.6733
-0.6752
-0.6771
-0.6792
-0.6814
-0.6836
-0.6860
-0.6885
-0.6911
-0.6937
-0.6965
-0.6994
-0.7024
-0.7055
-0.7087
-0.7120
-0.7154
-0.7190
-0.7226
-0.7263
-0.7302
-0.7341
-0.7382
-0.7424
-0.7466
-0.7510
-0.7555
-0.7601
-0.7648
-0.7697
-0.7746
-0.7796
-0.7848
-0.7900
-0.7954
-0.8009
-0.8065
-0.8122
-0.8180
-0.8239
-0.8300
-0.8361
-0.8424
-0.8488
-0.8553
-0.8619
-0.8686
-0.8755
-0.8824
-0.8895
-0.8966
-0.9000
-0.8941
-0.8884
-0.8827
-0.8772
-0.8718
-0.8665
-0.8613
-0.8562
-0.8513
-0.8465
-0.8418
-0.8372
-0.8327
-0.8284
-0.8241
-0.8200
-0.8160
-0.8122
-0.8084
-0.8048
-0.8013
-0.7979
-0.7947
-0.7915
-0.7885
-0.7856
-0.7829
-0.7802
-0.7777
-0.7753
-0.7730
-0.7709
-0.7689
-0.7670
-0.7652
-0.7636
-0.7621
-0.7607
-0.7594
-0.7583
-0.7573
-0.7564
-0.7557
-0.7550
-0.7546
-0.7542
-0.7540
-0.7539
-0.7539
-0.7540
-0.7543
-0.7548
-0.7553
-0.7560
-0.7568
-0.7577
-0.7588
-0.7600
-0.7614
-0.7629
-0.7645
-0.7662
-0.7681
-0.7701
-0.7723
-0.7745
-0.7770
-0.7795
-0.7822
-0.7850
-0.7880
-0.7911
-0.7943
-0.7977
-0.8012
-0.8049
-0.8086
-0.8126
-0.8166
-0.8208
-0.8252
-0.8296
-0.8343
-0.8390
-0.8439
-0.8490
-0.8541
-0.8594
-0.8649
-0.8705
-0.8763
-0.8821
-0.8882
-0.8943
-0.9000
-0.8950
-0.8901
-0.8853
-0.8807
-0.8762
-0.8719
-0.8677
-0.8637
-0.8598
-0.8560
-0.8524
-0.8490
-0.8457
-0.8425
-0.8395
-0.8366
-0.8339
-0.8313
-0.8289
-0.8266
-0.8245
-0.8225
-0.8207
-0.8190
-0.8175
-0.8161
-0.8149
-0.8138
-0.8129
-0.8122
-0.8115
-0.8111
-0.8108
-0.8106
-0.8106
-0.8107
-0.8110
-0.8115
-0.8121
-0.8129
-0.8138
-0.8148
-0.8161
-0.8175
-0.8190
-0.8207
-0.8225
-0.8246
-0.8267
-0.8290
-0.8315
-0.8342
-0.8370
-0.8399
-0.8430
-0.8463
-0.8497
-0.8533
-0.8571
-0.8610
-0.8651
-0.8693
-0.8737
-0.8783
-0.8830
-0.8878
-0.8929
-0.8981
-0.9000
-0.8957
-0.8917
-0.8877
-0.8840
-0.8804
-0.8769
-0.8737
-0.8706
-0.8676
-0.8649
-0.8623
-0.8598
-0.8575
-0.8554
-0.8535
-0.8517
-0.8501
-0.8487
-0.8474
-0.8463
-0.8454
-0.8446
-0.8440
-0.8436
-0.8433
-0.8432
-0.8433
-0.8436
-0.8440
-0.8446
-0.8454
-0.8463
-0.8474
-0.8487
-0.8502
-0.8518
-0.8536
-0.8556
-0.8577
-0.8601
-0.8626
-0.8653
-0.8681
-0.8711
-0.8743
-0.8777
-0.8813
-0.8850
-0.8889
-0.8930
-0.8972
-0.9000
-0.8965
-0.8932
-0.8901
-0.8872
-0.8844
-0.8818
-0.8794
-0.8772
-0.8751
-0.8733
-0.8716
-0.8701
-0.8688
-0.8676
-0.8667
-0.8659
-0.8653
-0.8649
-0.8646
-0.8646
-0.8647
-0.8651
-0.8656
-0.8663
-0.8671
-0.8682
-0.8694
-0.8709
-0.8725
-0.8743
-0.8763
-0.8785
-0.8808
-0.8834
-0.8861
-0.8890
-0.8921
-0.8954
-0.8989
-0.9000
-0.8972
-0.8945
-0.8920
-0.8898
-0.8877
-0.8858
-0.8841
-0.8826
-0.8812
-0.8801
-0.8792
-0.8784
-0.8779
-0.8775
-0.8774
-0.8774
-0.8776
-0.8780
-0.8786
-0.8794
-0.8804
-0.8816
-0.8830
-0.8846
-0.8864
-0.8884
-0.8905
-0.8929
-0.8955
-0.8982
-0.9000
-0.8977
-0.8957
-0.8938
-0.8922
-0.8907
-0.8895
-0.8884
-0.8876
-0.8869
-0.8865
-0.8862
-0.8861
-0.8863
-0.8866
-0.8872
-0.8880
-0.8889
-0.8901
-0.8914
-0.8930
-0.8948
-0.8967
-0.8989
-0.9000
-0.8982
-0.8967
-0.8953
-0.8942
-0.8932
-0.8925
-0.8919
-0.8916
-0.8915
-0.8916
-0.8919
-0.8924
-0.8931
-0.8940
-0.8952
-0.8965
-0.8980
-0.8998
-0.9000
-0.8986
-0.8974
-0.8964
-0.8956
-0.8950
-0.8946
-0.8945
-0.8945
-0.8948
-0.8953
-0.8960
-0.8969
-0.8980
-0.8993
-0.9000
-0.8989
-0.8981
-0.8974
-0.8970
-0.8968
-0.8968
-0.8970
-0.8974
-0.8981
-0.8989
-0.9000
-0.8993
-0.8988
-0.8986
-0.8985
-0.8987
-0.8991
-0.8997
-0.9000
-0.8995
-0.8992
-0.8992
-0.8994
-0.8998
-0.9000
-0.8997
-0.8996
-0.8998
-0.9000
-0.8999
-0.9000
-0.9000
-0.9000
-0.9000
-0.9000
-0.9000
-0.9000
-0.9000
-0.9000
-0.9000
-0.9000
-0.9000
-0.9000
-0.9000
-0.9000
-0.9000
-0.9000
-0.9000
-0.9000
-0.9000
-0.9000
-0.9000
-0.9000
-0.9000
-0.9000
-0.9000
-0.9000
-0.9000
-0.9000
-0.9000
-0.9000
-0.9000
-0.9000
-0.9000
-0.9000
-0.9000
-0.9000
-0.9000
-0.9000
-0.9000
-0.9000
-0.9000
-0.9000
-0.9000
-0.9000
-0.9000
-0.9000
-0.9000
-0.9000
-0.9000
-0.9000
-0.9000
-0.9000
-0.9000
-0.9000
-0.9000
-0.9000
-0.9000
-0.9000
-0.9000
-0.9000
-0.9000
-0.9000
-0.9000
-0.9000
-0.9000
-0.9000
-0.9000
-0.9000
-0.9000
-0.9000
-0.9000
-0.9000
-0.9000
-0.9000
-0.9000
-0.9000
-0.9000
-0.9000
-0.9000
-0.9000
-0.9000
-0.9000
-0.9000
-0.9000
-0.9000
-0.9000
-0.9000
-0.9000
-0.9000
-0.9000
-0.9000
-0.9000
-0.9000
-0.9000
-0.9000
-0.9000
-0.9000
-0.9000
-0.9000
-0.9000
-0.9000
-0.9000
-0.9000
-0.9000
-0.9000
-0.9000
-0.9000
-0.9000
-0.9000
-0.9000
-0.9000
-0.9000
-0.9000
-0.9000
-0.9000
-0.9000
-0.9000
-0.9000
-0.9000
-0.9000
-0.9000
-0.9000
-0.9000
-0.9000
-0.9000
-0.9000
-0.9000
-0.9000
-0.9000
-0.9000
-0.9000
-0.9000
-0.9000
-0.9000
-0.9000
-0.9000
-0.9000
-0.9000
-0.9000
-0.9000
-0.9000
-0.9000
-0.9000
-0.9000
-0.9000
-0.9000
-0.9000
-0.9000
-0.9000
-0.9000
-0.9000
-0.9000
-0.9000
-0.9000
-0.9000
-0.9000
-0.9000
-0.9000
-0.9000
-0.9000
-0.9000
-0.9000
-0.9000
-0.9000
-0.9000
-0.9000
-0.9000
-0.9000
-0.9000
-0.9000
-0.9000
-0.9000
-0.9000
-0.9000
-0.9000
-0.9000
-0.9000
-0.9000
-0.9000
-0.9000
-0.9000
-0.9000
-0.9000
-0.9000
-0.9000
-0.9000
-0.9000
-0.9000
-0.9000
-0.9000
-0.9000
-0.9000
-0.9000
-0.9000
-0.9000
-0.9000
-0.9000
-0.9000
-0.9000
-0.9000
-0.9000
-0.9000
-0.9000
-0.9000
-0.9000
-0.9000
-0.9000
-0.9000
-0.9000
-0.9000
-0.9000
-0.9000
-0.9000
-0.9000
-0.9000
-0.9000
-0.9000
-0.9000
-0.9000
-0.9000
-0.9000
-0.9000
-0.9000
-0.9000
-0.9000
-0.9000
-0.9000
-0.9000
-0.9000
-0.9000
-0.9000
-0.9000
-0.9000
-0.9000
-0.9000
-0.9000
-0.9000
-0.9000
-0.9000
-0.9000
-0.9000
-0.9000
-0.9000
-0.9000
-0.9000
-0.9000
-0.9000
-0.9000
-0.9000
-0.9000
-0.9000
-0.9000
-0.9000
-0.9000
-0.9000
-0.9000
-0.9000
-0.9000
-0.9000
-0.9000
-0.9000
-0.9000
-0.9000
-0.9000
-0.9000
-0.9000
-0.9000
-0.9000
-0.9000
-0.9000
-0.9000
-0.9000
-0.9000
-0.9000
-0.9000
-0.9000
-0.9000
-0.9000
-0.9000
-0.9000
-0.9000
-0.9000
-0.9000
-0.9000
-0.9000
-0.9000
-0.9000
-0.9000
-0.9000
-0.9000
-0.9000
-0.9000
-0.9000
-0.9000
-0.9000
-0.9000
-0.9000
-0.9000
-0.9000
-0.9000
-0.9000
-0.9000
-0.9000
-0.9000
-0.9000
-0.9000
-0.9000
-0.9000
-0.9000
-0.9000
-0.9000
-0.9000
-0.9000
-0.9000
-0.9000
-0.9000
-0.9000
-0.9000
-0.9000
-0.9000
-0.9000
-0.9000
-0.9000
-0.9000
-0.9000
-0.9000
-0.9000
-0.9000
-0.9000
-0.9000
-0.9000
-0.9000
-0.9000
-0.9000
-0.9000
-0.9000
-0.9000
-0.9000
-0.9000
-0.9000
-0.9000
-0.9000
-0.9000
-0.9000
-0.9000
-0.9000
-0.9000
-0.9000
-0.9000
-0.9000
-0.9000
-0.9000
-0.9000
-0.9000
-0.9000
-0.9000
-0.9000
-0.9000
-0.9000
-0.9000
-0.9000
-0.9000
-0.9000
-0.9000
-0.9000
-0.9000
-0.9000
-0.9000
-0.9000
-0.9000
-0.9000
-0.9000
-0.9000
-0.9000
-0.9000
-0.9000
-0.9000
-0.9000
-0.9000
-0.9000
-0.9000
-0.9000
-0.9000
-0.9000
-0.9000
-0.9000
-0.9000
-0.9000
-0.9000
-0.9000
-0.9000
-0.9000
-0.9000
-0.9000
-0.9000
-0.9000
-0.9000
-0.9000
-0.9000
-0.9000
-0.9000
-0.9000
-0.9000
-0.9000
-0.9000
-0.9000
-0.9000
-0.9000
-0.9000
-0.9000
-0.9000
-0.9000
-0.9000
-0.9000
-0.9000
-0.9000
-0.9000
-0.9000
-0.9000
-0.9000
-0.9000
-0.9000
-0.9000
-0.9000
-0.9000
-0.9000
-0.9000
-0.9000
-0.9000
-0.9000
-0.9000
-0.9000
-0.9000
-0.9000
-0.9000
-0.9000
-0.9000
-0.9000
-0.9000
-0.9000
-0.9000
-0.9000
-0.9000
-0.9000
-0.9000
-0.9000
-0.9000
-0.9000
-0.9000
-0.9000
-0.9000
-0.9000
-0.9000
-0.9000
-0.9000
-0.9000
-0.9000
-0.9000
-0.9000
-0.9000
-0.9000
-0.9000
-0.9000
-0.9000
-0.9000
-0.9000
-0.9000
-0.9000
-0.9000
-0.9000
-0.9000
-0.9000
-0.9000
-0.9000
-0.9000
-0.9000
-0.9000
-0.9000
-0.9000
-0.9000
-0.9000
-0.9000
-0.9000
-0.9000
-0.9000
-0.9000
-0.9000
-0.9000
-0.9000
-0.9000
-0.9000
-0.9000
-0.9000
-0.9000
-0.9000
-0.9000
-0.9000
-0.9000
-0.9000
-0.9000
-0.9000
-0.9000
-0.9000
-0.9000
-0.9000
-0.9000
-0.9000
-0.9000
-0.9000
-0.9000
-0.9000
-0.9000
-0.9000
-0.9000
-0.9000
-0.9000
-0.9000
-0.9000
-0.9000
-0.9000
-0.9000
-0.9000
-0.9000
-0.9000
-0.9000
-0.9000
-0.9000
-0.9000
-0.9000
-0.9000
-0.9000
-0.9000
-0.9000
-0.9000
-0.9000
-0.9000
-0.9000
-0.9000
-0.9000
-0.9000
-0.9000
-0.9000
-0.9000
-0.9000
-0.9000
-0.9000
-0.9000
-0.9000
-0.9000
-0.9000
-0.9000
-0.9000
-0.9000
-0.9000
-0.9000
-0.9000
-0.9000
-0.9000
-0.9000
-0.9000
-0.9000
-0.9000
-0.9000
-0.9000
-0.9000
-0.9000
-0.9000
-0.9000
-0.9000
-0.9000
-0.9000
-0.9000
-0.9000
-0.9000
-0.9000
-0.9000
-0.9000
-0.9000
-0.9000
-0.9000
-0.9000
-0.9000
-0.9000
-0.9000
-0.9000
-0.9000
-0.9000
-0.9000
-0.9000
-0.9000
-0.9000
-0.9000
-0.9000
-0.9000
-0.9000
-0.9000
-0.9000
-0.9000
-0.9000
-0.9000
-0.9000
-0.9000
-0.9000
-0.9000
-0.9000
-0.9000
-0.9000
-0.9000
-0.9000
-0.9000
-0.9000
-0.9000
-0.9000
-0.9000
-0.9000
-0.9000
-0.9000
-0.9000
-0.9000
-0.9000
-0.9000
-0.9000
-0.9000
-0.9000
-0.9000
-0.9000
-0.9000
-0.9000
-0.9000
-0.9000
-0.9000
-0.9000
-0.9000
-0.9000
-0.9000
-0.9000
-0.9000
-0.9000
-0.9000
-0.9000
-0.9000
-0.9000
-0.9000
-0.9000
-0.9000
-0.9000
-0.9000
-0.9000
-0.9000
-0.9000
-0.9000
-0.9000
-0.9000
-0.9000
-0.9000
-0.9000
-0.9000
-0.9000
-0.9000
-0.9000
-0.9000
-0.9000
-0.9000
-0.9000
-0.9000
-0.9000
-0.9000
-0.9000
-0.9000
-0.9000
-0.9000
-0.9000
-0.9000
-0.9000
-0.9000
-0.9000
-0.9000
-0.9000
-0.9000
-0.9000
-0.9000
-0.9000
-0.9000
-0.9000
-0.9000
-0.9000
-0.9000
-0.9000
-0.9000
-0.9000
-0.9000
-0.9000
-0.9000
-0.9000
-0.9000
-0.9000
-0.9000
-0.9000
-0.9000
-0.9000
-0.9000
-0.9000
-0.9000
-0.9000
-0.9000
-0.9000
-0.9000
-0.9000
-0.9000
-0.9000
-0.9000
-0.9000
-0.9000
-0.9000
-0.9000
-0.9000
-0.9000
-0.9000
-0.9000
-0.9000
-0.9000
-0.9000
-0.9000
-0.9000
-0.9000
-0.9000
-0.9000
-0.9000
-0.9000
-0.9000
-0.9000
-0.9000
-0.9000
-0.9000
-0.9000
-0.9000
-0.9000
-0.9000
-0.9000
-0.9000
-0.9000
-0.9000
-0.9000
-0.9000
-0.9000
-0.9000
-0.9000
-0.9000
-0.9000
-0.9000
-0.9000
-0.9000
-0.9000
-0.9000
-0.9000
-0.9000
-0.9000
-0.9000
-0.9000
-0.9000
-0.9000
-0.9000
-0.9000
-0.9000
-0.9000
-0.9000
-0.9000
-0.9000
-0.9000
-0.9000
-0.9000
-0.9000
-0.9000
-0.9000
-0.9000
-0.9000
-0.9000
-0.9000
-0.9000
-0.9000
-0.9000
-0.9000
-0.9000
-0.9000
-0.9000
-0.9000
-0.9000
-0.9000
-0.9000
-0.9000
-0.9000
-0.9000
-0.9000
-0.9000
-0.9000
-0.9000
-0.9000
-0.9000
-0.9000
-0.9000
-0.9000
-0.9000
-0.9000
-0.9000
-0.9000
-0.9000
-0.9000
-0.9000
-0.9000
-0.9000
-0.9000
-0.9000
-0.9000
-0.9000
-0.9000
-0.9000
-0.9000
-0.9000
-0.9000
-0.9000
-0.9000
-0.9000
-0.9000
-0.9000
-0.9000
-0.9000
-0.9000
-0.9000
-0.9000
-0.9000
-0.9000
-0.9000
-0.9000
-0.9000
-0.9000
-0.9000
-0.9000
-0.9000
-0.9000
-0.9000
-0.9000
-0.9000
-0.9000
-0.9000
-0.9000
-0.9000
-0.9000
-0.9000
-0.9000
-0.9000
-0.9000
-0.9000
-0.9000
-0.9000
-0.9000
-0.9000
-0.9000
-0.9000
-0.9000
-0.9000
-0.9000
-0.9000
-0.9000
-0.9000
-0.9000
-0.9000
-0.9000
-0.9000
-0.9000
-0.9000
-0.9000
-0.9000
-0.9000
-0.9000
-0.9000
-0.9000
-0.9000
-0.9000
-0.9000
-0.9000
-0.9000
-0.9000
-0.9000
-0.9000
-0.9000
-0.9000
-0.9000
-0.9000
-0.9000
-0.9000
-0.9000
-0.9000
-0.9000
-0.9000
-0.9000
-0.9000
-0.9000
-0.9000
-0.9000
-0.9000
-0.9000
-0.9000
-0.9000
-0.9000
-0.9000
-0.9000
-0.9000
-0.9000
-0.9000
-0.9000
-0.9000
-0.9000
-0.9000
-0.9000
-0.9000
-0.9000
-0.9000
-0.9000
-0.9000
-0.9000
-0.9000
-0.9000
-0.9000
-0.9000
-0.9000
-0.9000
-0.9000
-0.9000
-0.9000
-0.9000
-0.9000
-0.9000
-0.9000
-0.9000
-0.9000
-0.9000
-0.9000
-0.9000
-0.9000
-0.9000
-0.9000
-0.9000
-0.9000
-0.9000
-0.9000
-0.9000
-0.9000
-0.9000
-0.9000
-0.9000
-0.9000
-0.9000
-0.9000
-0.9000
-0.9000
-0.9000
-0.9000
-0.9000
-0.9000
-0.9000
-0.9000
-0.9000
-0.9000
-0.9000
-0.9000
-0.9000
-0.9000
-0.9000
-0.9000
-0.9000
-0.9000
-0.9000
-0.9000
-0.9000
-0.9000
-0.9000
-0.9000
-0.9000
-0.9000
-0.9000
-0.9000
-0.9000
-0.9000
-0.9000
-0.9000
-0.9000
-0.9000
-0.9000
-0.9000
-0.9000
-0.9000
-0.9000
-0.9000
-0.9000
-0.9000
-0.9000
-0.9000
-0.9000
-0.9000
-0.9000
-0.9000
-0.9000
-0.9000
-0.9000
-0.9000
-0.9000
-0.9000
-0.9000
-0.9000
-0.9000
-0.9000
-0.9000
-0.9000
-0.9000
-0.9000
-0.9000
-0.9000
-0.9000
-0.9000
-0.9000
-0.9000
-0.9000
-0.9000
-0.9000
-0.9000
-0.9000
-0.9000
-0.9000
-0.9000
-0.9000
-0.9000
-0.9000
-0.9000
-0.9000
-0.9000
-0.9000
-0.9000
-0.9000
-0.9000
-0.9000
-0.9000
-0.9000
-0.9000
-0.9000
-0.9000
-0.9000
-0.9000
-0.9000
-0.9000
-0.9000
-0.9000
-0.9000
-0.9000
-0.9000
-0.9000
-0.9000
-0.9000
-0.9000
-0.9000
-0.9000
-0.9000
-0.9000
-0.9000
-0.9000
-0.9000
-0.9000
-0.9000
-0.9000
-0.9000
-0.9000
-0.9000
-0.9000
-0.9000
-0.9000
-0.9000
-0.9000
-0.9000
-0.9000
-0.9000
-0.9000
-0.9000
-0.9000
-0.9000
-0.9000
-0.9000
-0.9000
-0.9000
-0.9000
-0.9000
-0.9000
-0.9000
-0.9000
-0.9000
-0.9000
-0.9000
-0.9000
-0.9000
-0.9000
-0.9000
-0.9000
-0.9000
-0.9000
-0.9000
-0.9000
-0.9000
-0.9000
-0.9000
-0.9000
-0.9000
-0.9000
-0.9000
-0.9000
-0.9000
-0.9000
-0.9000
-0.9000
-0.9000
-0.9000
-0.9000
-0.9000
-0.9000
-0.9000
-0.9000
-0.9000
-0.9000
-0.9000
-0.9000
-0.9000
-0.9000
-0.9000
-0.9000
-0.9000
-0.9000
-0.9000
-0.9000
-0.9000
-0.9000
-0.9000
-0.9000
-0.9000
-0.9000
-0.9000
-0.9000
-0.9000
-0.9000
-0.9000
-0.9000
-0.9000
-0.9000
-0.9000
-0.9000
-0.9000
-0.9000
-0.9000
-0.9000
-0.9000
-0.9000
-0.9000
-0.9000
-0.9000
-0.9000
-0.9000
-0.9000
-0.9000
-0.9000
-0.9000
-0.9000
-0.9000
-0.9000
-0.9000
-0.9000
-0.9000
-0.9000
-0.9000
-0.9000
-0.9000
-0.9000
-0.9000
-0.9000
-0.9000
-0.9000
-0.9000
-0.9000
-0.9000
-0.9000
-0.9000
-0.9000
-0.9000
-0.9000
-0.9000
-0.9000
-0.9000
-0.9000
-0.9000
-0.9000
-0.9000
-0.9000
-0.9000
-0.9000
-0.9000
-0.9000
-0.9000
-0.9000
-0.9000
-0.9000
-0.9000
-0.9000
-0.9000
-0.9000
-0.9000
-0.9000
-0.9000
-0.9000
-0.9000
-0.9000
-0.9000
-0.9000
-0.9000
-0.9000
-0.9000
-0.9000
-0.9000
-0.9000
-0.9000
-0.9000
-0.9000
-0.9000
-0.9000
-0.9000
-0.9000
-0.9000
-0.9000
-0.9000
-0.9000
-0.9000
-0.9000
-0.9000
-0.9000
-0.9000
-0.9000
-0.9000
-0.9000
-0.9000
-0.9000
-0.9000
-0.9000
-0.9000
-0.9000
-0.9000
-0.9000
-0.9000
-0.9000
-0.9000
-0.9000
-0.9000
-0.9000
-0.9000
-0.9000
-0.9000
-0.9000
-0.9000
-0.9000
-0.9000
-0.9000
-0.9000
-0.9000
-0.9000
-0.9000
-0.9000
-0.9000
-0.9000
-0.9000
-0.9000
-0.9000
-0.9000
-0.9000
-0.9000
-0.9000
-0.9000
-0.9000
-0.9000
-0.9000
-0.9000
-0.9000
-0.9000
-0.9000
-0.9000
-0.9000
-0.9000
-0.9000
-0.9000
-0.9000
-0.9000
-0.9000
-0.9000
-0.9000
-0.9000
-0.9000
-0.9000
-0.9000
-0.9000
-0.9000
-0.9000
-0.9000
-0.9000
-0.9000
-0.9000
-0.9000
-0.9000
-0.9000
-0.9000
-0.9000
-0.9000
-0.9000
-0.9000
-0.9000
-0.9000
-0.9000
-0.9000
-0.9000
-0.9000
-0.9000
-0.9000
-0.9000
-0.9000
-0.9000
-0.9000
-0.9000
-0.9000
-0.9000
-0.9000
-0.9000
-0.9000
-0.9000
-0.9000
-0.9000
-0.9000
-0.9000
-0.9000
-0.9000
-0.9000
-0.9000
-0.9000
-0.9000
-0.9000
-0.9000