0.6000
0.5999
0.5996
0.5990
0.5982
0.5973
0.5961
0.5946
0.5930
0.5911
0.5890
0.5867
0.5842
0.5814
0.5785
0.5753
0.5719
0.5682
0.5644
0.5603
0.5560
0.5515
0.5467
0.5417
0.5365
0.5311
0.5255
0.5196
0.5135
0.5072
0.5007
0.4940
0.4870
0.4798
0.4723
0.4647
0.4568
0.4487
0.4404
0.4318
0.4231
0.4141
0.4048
0.3954
0.3857
0.3758
0.3657
0.3553
0.3447
0.3339
0.3229
0.3116
0.3001
0.2884
0.2764
0.2643
0.2519
0.2393
0.2264
0.2133
0.2000
0.1865
0.1727
0.1587
0.1445
0.1300
0.1153
0.1004
0.0853
0.0699
0.0543
0.0385
0.0224
0.0062
-0.0104
-0.0271
-0.0441
-0.0613
-0.0787
-0.0964
-0.1143
-0.1324
-0.1507
-0.1693
-0.1881
-0.2072
-0.2265
-0.2460
-0.2657
-0.2857
-0.3059
-0.3263
-0.3470
-0.3678
-0.3890
-0.4103
-0.4319
-0.4537
-0.4757
-0.4980
-0.5205
-0.5432
-0.5662
-0.5894
-0.6128
-0.6365
-0.6604
-0.6845
-0.7088
-0.7334
-0.7582
-0.7833
-0.8085
-0.8340
-0.8597
-0.8857
-0.9000
-0.8787
-0.8577
-0.8369
-0.8163
-0.7960
-0.7759
-0.7560
-0.7364
-0.7169
-0.6978
-0.6788
-0.6601
-0.6416
-0.6234
-0.6054
-0.5876
-0.5700
-0.5527
-0.5357
-0.5188
-0.5022
-0.4859
-0.4697
-0.4539
-0.4382
-0.4228
-0.4076
-0.3927
-0.3780
-0.3635
-0.3493
-0.3353
-0.3216
-0.3081
-0.2948
-0.2818
-0.2690
-0.2565
-0.2442
-0.2321
-0.2203
-0.2087
-0.1974
-0.1863
-0.1754
-0.1648
-0.1545
-0.1443
-0.1345
-0.1248
-0.1154
-0.1063
-0.0974
-0.0887
-0.0803
-0.0722
-0.0642
-0.0566
-0.0491
-0.0419
-0.0350
-0.0283
-0.0218
-0.0156
-0.0097
-0.0040
0.0015
0.0067
0.0117
0.0164
0.0209
0.0251
0.0291
0.0328
0.0363
0.0395
0.0425
0.0453
0.0477
0.0500
0.0520
0.0537
0.0552
0.0564
0.0574
0.0582
0.0587
0.0589
0.0589
0.0586
0.0581
0.0574
0.0563
0.0551
0.0536
0.0518
0.0498
0.0475
0.0450
0.0422
0.0392
0.0359
0.0324
0.0286
0.0245
0.0202
0.0157
0.0109
0.0058
0.0005
-0.0050
-0.0109
-0.0169
-0.0233
-0.0298
-0.0367
-0.0438
-0.0511
-0.0587
-0.0666
-0.0747
-0.0830
-0.0916
-0.1005
-0.1096
-0.1190
-0.1287
-0.1386
-0.1487
-0.1591
-0.1698
-0.1807
-0.1919
-0.2033
-0.2150
-0.2270
-0.2392
-0.2516
-0.2643
-0.2773
-0.2906
-0.3040
-0.3178
-0.3318
-0.3461
-0.3606
-0.3753
-0.3904
-0.4057
-0.4212
-0.4370
-0.4531
-0.4694
-0.4860
-0.5028
-0.5199
-0.5373
-0.5549
-0.5727
-0.5909
-0.6092
-0.6279
-0.6468
-0.6659
-0.6853
-0.7050
-0.7249
-0.7451
-0.7655
-0.7862
-0.8072
-0.8284
-0.8499
-0.8716
-0.8936
-0.9000
-0.8820
-0.8643
-0.8468
-0.8295
-0.8126
-0.7959
-0.7794
-0.7632
-0.7473
-0.7316
-0.7162
-0.7010
-0.6861
-0.6715
-0.6571
-0.6430
-0.6292
-0.6156
-0.6023
-0.5892
-0.5764
-0.5639
-0.5516
-0.5396
-0.5279
-0.5164
-0.5052
-0.4942
-0.4835
-0.4731
-0.4630
-0.4531
-0.4435
-0.4341
-0.4251
-0.4162
-0.4077
-0.3994
-0.3914
-0.3836
-0.3762
-0.3690
-0.3620
-0.3554
-0.3489
-0.3428
-0.3370
-0.3314
-0.3260
-0.3210
-0.3162
-0.3117
-0.3074
-0.3035
-0.2998
-0.2963
-0.2932
-0.2903
-0.2877
-0.2853
-0.2833
-0.2815
-0.2800
-0.2787
-0.2777
-0.2770
-0.2766
-0.2764
-0.2765
-0.2769
-0.2776
-0.2785
-0.2797
-0.2812
-0.2830
-0.2850
-0.2873
-0.2899
-0.2927
-0.2959
-0.2993
-0.3030
-0.3069
-0.3112
-0.3157
-0.3204
-0.3255
-0.3308
-0.3365
-0.3423
-0.3485
-0.3550
-0.3617
-0.3687
-0.3759
-0.3835
-0.3913
-0.3994
-0.4078
-0.4165
-0.4254
-0.4346
-0.4441
-0.4539
-0.4639
-0.4742
-0.4848
-0.4957
-0.5069
-0.5183
-0.5300
-0.5420
-0.5543
-0.5668
-0.5797
-0.5928
-0.6062
-0.6198
-0.6338
-0.6480
-0.6625
-0.6772
-0.6923
-0.7076
-0.7232
-0.7391
-0.7553
-0.7717
-0.7885
-0.8055
-0.8227
-0.8403
-0.8581
-0.8762
-0.8946
-0.9000
-0.8849
-0.8702
-0.8557
-0.8415
-0.8275
-0.8139
-0.8005
-0.7874
-0.7746
-0.7620
-0.7498
-0.7378
-0.7261
-0.7147
-0.7035
-0.6927
-0.6821
-0.6718
-0.6618
-0.6521
-0.6427
-0.6335
-0.6247
-0.6161
-0.6078
-0.5998
-0.5921
-0.5846
-0.5775
-0.5706
-0.5640
-0.5578
-0.5517
-0.5460
-0.5406
-0.5355
-0.5306
-0.5260
-0.5217
-0.5178
-0.5140
-0.5106
-0.5075
-0.5047
-0.5021
-0.4999
-0.4979
-0.4962
-0.4948
-0.4937
-0.4929
-0.4924
-0.4922
-0.4922
-0.4926
-0.4932
-0.4942
-0.4954
-0.4969
-0.4987
-0.5008
-0.5032
-0.5059
-0.5089
-0.5121
-0.5157
-0.5195
-0.5237
-0.5281
-0.5329
-0.5379
-0.5432
-0.5487
-0.5543
-0.5599
-0.5655
-0.5713
-0.5770
-0.5829
-0.5888
-0.5947
-0.6007
-0.6068
-0.6129
-0.6191
-0.6254
-0.6317
-0.6380
-0.6444
-0.6509
-0.6575
-0.6640
-0.6707
-0.6774
-0.6841
-0.6910
-0.6978
-0.7048
-0.7118
-0.7188
-0.7259
-0.7331
-0.7403
-0.7476
-0.7549
-0.7623
-0.7697
-0.7772
-0.7848
-0.7924
-0.8001
-0.8078
-0.8156
-0.8235
-0.8314
-0.8393
-0.8474
-0.8554
-0.8636
-0.8718
-0.8800
-0.8883
-0.8967
-0.9000
-0.8931
-0.8864
-0.8796
-0.8729
-0.8663
-0.8598
-0.8532
-0.8468
-0.8404
-0.8341
-0.8278
-0.8216
-0.8154
-0.8093
-0.8032
-0.7972
-0.7913
-0.7854
-0.7796
-0.7738
-0.7681
-0.7625
-0.7569
-0.7513
-0.7458
-0.7404
-0.7350
-0.7297
-0.7245
-0.7193
-0.7142
-0.7091
-0.7041
-0.6991
-0.6942
-0.6893
-0.6845
-0.6798
-0.6751
-0.6705
-0.6659
-0.6614
-0.6570
-0.6526
-0.6483
-0.6440
-0.6398
-0.6356
-0.6316
-0.6278
-0.6242
-0.6208
-0.6176
-0.6147
-0.6119
-0.6094
-0.6071
-0.6050
-0.6031
-0.6014
-0.6000
-0.5987
-0.5977
-0.5969
-0.5963
-0.5959
-0.5957
-0.5958
-0.5960
-0.5962
-0.5965
-0.5968
-0.5972
-0.5977
-0.5982
-0.5988
-0.5995
-0.6002
-0.6009
-0.6017
-0.6026
-0.6035
-0.6045
-0.6056
-0.6067
-0.6078
-0.6090
-0.6103
-0.6116
-0.6130
-0.6145
-0.6160
-0.6175
-0.6192
-0.6208
-0.6226
-0.6244
-0.6262
-0.6281
-0.6301
-0.6321
-0.6342
-0.6363
-0.6385
-0.6408
-0.6431
-0.6454
-0.6479
-0.6503
-0.6529
-0.6555
-0.6581
-0.6608
-0.6636
-0.6664
-0.6693
-0.6723
-0.6753
-0.6783
-0.6814
-0.6846
-0.6878
-0.6911
-0.6945
-0.6979
-0.7013
-0.7048
-0.7084
-0.7120
-0.7157
-0.7195
-0.7233
-0.7271
-0.7310
-0.7350
-0.7390
-0.7431
-0.7473
-0.7515
-0.7557
-0.7601
-0.7644
-0.7689
-0.7734
-0.7779
-0.7825
-0.7872
-0.7919
-0.7967
-0.8015
-0.8064
-0.8113
-0.8163
-0.8214
-0.8265
-0.8317
-0.8369
-0.8422
-0.8475
-0.8529
-0.8584
-0.8639
-0.8695
-0.8751
-0.8808
-0.8865
-0.8923
-0.8982
-0.9000
-0.8952
-0.8905
-0.8858
-0.8811
-0.8766
-0.8721
-0.8676
-0.8632
-0.8589
-0.8546
-0.8504
-0.8462
-0.8421
-0.8380
-0.8340
-0.8301
-0.8262
-0.8223
-0.8186
-0.8149
-0.8112
-0.8076
-0.8041
-0.8006
-0.7971
-0.7938
-0.7904
-0.7872
-0.7840
-0.7808
-0.7778
-0.7747
-0.7718
-0.7688
-0.7660
-0.7632
-0.7604
-0.7577
-0.7551
-0.7525
-0.7500
-0.7476
-0.7452
-0.7428
-0.7405
-0.7383
-0.7361
-0.7340
-0.7320
-0.7300
-0.7280
-0.7261
-0.7243
-0.7225
-0.7208
-0.7192
-0.7176
-0.7160
-0.7146
-0.7131
-0.7118
-0.7104
-0.7092
-0.7080
-0.7069
-0.7058
-0.7047
-0.7038
-0.7029
-0.7020
-0.7012
-0.7005
-0.6998
-0.6992
-0.6986
-0.6981
-0.6976
-0.6972
-0.6969
-0.6966
-0.6964
-0.6962
-0.6961
-0.6961
-0.6961
-0.6962
-0.6963
-0.6965
-0.6967
-0.6970
-0.6973
-0.6977
-0.6982
-0.6987
-0.6993
-0.7000
-0.7006
-0.7014
-0.7022
-0.7031
-0.7040
-0.7050
-0.7060
-0.7071
-0.7083
-0.7095
-0.7108
-0.7121
-0.7135
-0.7149
-0.7164
-0.7180
-0.7196
-0.7212
-0.7230
-0.7248
-0.7266
-0.7285
-0.7304
-0.7325
-0.7345
-0.7367
-0.7388
-0.7411
-0.7434
-0.7457
-0.7482
-0.7506
-0.7532
-0.7557
-0.7584
-0.7611
-0.7638
-0.7667
-0.7695
-0.7725
-0.7755
-0.7785
-0.7816
-0.7848
-0.7880
-0.7912
-0.7946
-0.7980
-0.8014
-0.8049
-0.8085
-0.8121
-0.8157
-0.8195
-0.8233
-0.8271
-0.8310
-0.8350
-0.8390
-0.8431
-0.8472
-0.8514
-0.8556
-0.8599
-0.8643
-0.8687
-0.8731
-0.8777
-0.8823
-0.8869
-0.8916
-0.8964
-0.9000
-0.8961
-0.8923
-0.8885
-0.8848
-0.8811
-0.8775
-0.8739
-0.8704
-0.8670
-0.8636
-0.8603
-0.8570
-0.8538
-0.8507
-0.8476
-0.8445
-0.8415
-0.8386
-0.8358
-0.8329
-0.8302
-0.8275
-0.8248
-0.8223
-0.8197
-0.8173
-0.8149
-0.8125
-0.8102
-0.8080
-0.8058
-0.8036
-0.8016
-0.7996
-0.7976
-0.7957
-0.7939
-0.7921
-0.7904
-0.7887
-0.7871
-0.7855
-0.7840
-0.7826
-0.7812
-0.7799
-0.7786
-0.7774
-0.7762
-0.7751
-0.7741
-0.7731
-0.7722
-0.7713
-0.7705
-0.7697
-0.7690
-0.7684
-0.7678
-0.7673
-0.7668
-0.7664
-0.7661
-0.7658
-0.7655
-0.7653
-0.7652
-0.7651
-0.7651
-0.7652
-0.7653
-0.7654
-0.7657
-0.7659
-0.7663
-0.7666
-0.7671
-0.7676
-0.7682
-0.7688
-0.7694
-0.7702
-0.7710
-0.7718
-0.7727
-0.7737
-0.7747
-0.7758
-0.7769
-0.7781
-0.7793
-0.7806
-0.7820
-0.7834
-0.7849
-0.7864
-0.7880
-0.7897
-0.7914
-0.7931
-0.7949
-0.7968
-0.7987
-0.8007
-0.8028
-0.8049
-0.8070
-0.8093
-0.8115
-0.8139
-0.8163
-0.8187
-0.8212
-0.8238
-0.8264
-0.8291
-0.8318
-0.8346
-0.8374
-0.8403
-0.8433
-0.8463
-0.8494
-0.8525
-0.8557
-0.8589
-0.8622
-0.8656
-0.8690
-0.8725
-0.8760
-0.8796
-0.8832
-0.8869
-0.8907
-0.8945
-0.8984
-0.9000
-0.8968
-0.8937
-0.8907
-0.8877
-0.8847
-0.8818
-0.8790
-0.8762
-0.8735
-0.8709
-0.8683
-0.8657
-0.8632
-0.8608
-0.8584
-0.8561
-0.8539
-0.8517
-0.8495
-0.8474
-0.8454
-0.8434
-0.8415
-0.8397
-0.8379
-0.8361
-0.8344
-0.8328
-0.8312
-0.8297
-0.8282
-0.8268
-0.8255
-0.8242
-0.8230
-0.8218
-0.8207
-0.8196
-0.8186
-0.8177
-0.8168
-0.8160
-0.8152
-0.8145
-0.8138
-0.8132
-0.8127
-0.8122
-0.8117
-0.8114
-0.8110
-0.8108
-0.8106
-0.8104
-0.8103
-0.8103
-0.8103
-0.8104
-0.8105
-0.8107
-0.8110
-0.8113
-0.8117
-0.8121
-0.8126
-0.8131
-0.8137
-0.8144
-0.8151
-0.8158
-0.8167
-0.8175
-0.8185
-0.8195
-0.8205
-0.8216
-0.8228
-0.8240
-0.8253
-0.8266
-0.8280
-0.8295
-0.8310
-0.8326
-0.8342
-0.8359
-0.8376
-0.8394
-0.8412
-0.8431
-0.8451
-0.8471
-0.8492
-0.8513
-0.8535
-0.8558
-0.8581
-0.8605
-0.8629
-0.8654
-0.8679
-0.8705
-0.8731
-0.8758
-0.8786
-0.8814
-0.8843
-0.8872
-0.8902
-0.8933
-0.8964
-0.8995
-0.9000
-0.8974
-0.8949
-0.8924
-0.8900
-0.8876
-0.8853
-0.8831
-0.8809
-0.8788
-0.8767
-0.8747
-0.8727
-0.8708
-0.8690
-0.8672
-0.8655
-0.8638
-0.8622
-0.8606
-0.8591
-0.8576
-0.8563
-0.8549
-0.8536
-0.8524
-0.8513
-0.8502
-0.8491
-0.8481
-0.8472
-0.8463
-0.8455
-0.8447
-0.8440
-0.8434
-0.8428
-0.8422
-0.8418
-0.8413
-0.8410
-0.8407
-0.8404
-0.8402
-0.8401
-0.8400
-0.8400
-0.8400
-0.8401
-0.8402
-0.8405
-0.8407
-0.8410
-0.8414
-0.8418
-0.8423
-0.8429
-0.8435
-0.8441
-0.8449
-0.8456
-0.8465
-0.8474
-0.8483
-0.8493
-0.8504
-0.8515
-0.8527
-0.8539
-0.8552
-0.8565
-0.8579
-0.8594
-0.8609
-0.8625
-0.8641
-0.8658
-0.8675
-0.8693
-0.8712
-0.8731
-0.8751
-0.8771
-0.8792
-0.8813
-0.8835
-0.8858
-0.8881
-0.8905
-0.8929
-0.8954
-0.8979
-0.9000
-0.8979
-0.8959
-0.8939
-0.8920
-0.8902
-0.8884
-0.8866
-0.8850
-0.8833
-0.8818
-0.8803
-0.8788
-0.8774
-0.8761
-0.8748
-0.8736
-0.8724
-0.8713
-0.8702
-0.8692
-0.8683
-0.8674
-0.8666
-0.8658
-0.8651
-0.8645
-0.8639
-0.8633
-0.8628
-0.8624
-0.8620
-0.8617
-0.8615
-0.8613
-0.8611
-0.8610
-0.8610
-0.8610
-0.8611
-0.8613
-0.8615
-0.8617
-0.8620
-0.8624
-0.8628
-0.8633
-0.8639
-0.8644
-0.8651
-0.8658
-0.8666
-0.8674
-0.8683
-0.8692
-0.8702
-0.8713
-0.8724
-0.8736
-0.8748
-0.8761
-0.8774
-0.8788
-0.8802
-0.8818
-0.8833
-0.8849
-0.8866
-0.8884
-0.8901
-0.8920
-0.8939
-0.8959
-0.8979
-0.9000
-0.9000
-0.8983
-0.8967
-0.8951
-0.8935
-0.8921
-0.8907
-0.8893
-0.8880
-0.8868
-0.8856
-0.8844
-0.8834
-0.8824
-0.8814
-0.8805
-0.8797
-0.8789
-0.8781
-0.8775
-0.8768
-0.8763
-0.8758
-0.8753
-0.8749
-0.8746
-0.8743
-0.8741
-0.8740
-0.8738
-0.8738
-0.8738
-0.8739
-0.8740
-0.8742
-0.8744
-0.8747
-0.8751
-0.8755
-0.8759
-0.8764
-0.8770
-0.8777
-0.8784
-0.8791
-0.8799
-0.8808
-0.8817
-0.8827
-0.8837
-0.8848
-0.8859
-0.8871
-0.8884
-0.8897
-0.8911
-0.8925
-0.8940
-0.8956
-0.8972
-0.8988
-0.9000
-0.8986
-0.8973
-0.8961
-0.8949
-0.8938
-0.8927
-0.8917
-0.8908
-0.8898
-0.8890
-0.8882
-0.8875
-0.8868
-0.8862
-0.8856
-0.8851
-0.8847
-0.8843
-0.8840
-0.8837
-0.8835
-0.8833
-0.8832
-0.8832
-0.8832
-0.8832
-0.8834
-0.8836
-0.8838
-0.8841
-0.8844
-0.8848
-0.8853
-0.8858
-0.8864
-0.8870
-0.8877
-0.8885
-0.8893
-0.8902
-0.8911
-0.8921
-0.8931
-0.8942
-0.8953
-0.8965
-0.8978
-0.8991
-0.9000
-0.8989
-0.8979
-0.8969
-0.8960
-0.8952
-0.8944
-0.8937
-0.8930
-0.8924
-0.8918
-0.8913
-0.8908
-0.8904
-0.8901
-0.8898
-0.8896
-0.8894
-0.8893
-0.8893
-0.8893
-0.8893
-0.8895
-0.8896
-0.8899
-0.8902
-0.8905
-0.8909
-0.8914
-0.8919
-0.8925
-0.8931
-0.8938
-0.8945
-0.8953
-0.8962
-0.8971
-0.8981
-0.8991
-0.9000
-0.8992
-0.8984
-0.8977
-0.8970
-0.8964
-0.8958
-0.8953
-0.8949
-0.8945
-0.8942
-0.8939
-0.8937
-0.8935
-0.8934
-0.8934
-0.8934
-0.8935
-0.8936
-0.8938
-0.8940
-0.8943
-0.8947
-0.8951
-0.8956
-0.8961
-0.8967
-0.8973
-0.8980
-0.8988
-0.8996
-0.9000
-0.8993
-0.8987
-0.8982
-0.8977
-0.8973
-0.8969
-0.8966
-0.8963
-0.8961
-0.8960
-0.8959
-0.8958
-0.8959
-0.8959
-0.8961
-0.8963
-0.8965
-0.8968
-0.8972
-0.8976
-0.8981
-0.8986
-0.8992
-0.8999
-0.9000
-0.8995
-0.8990
-0.8986
-0.8982
-0.8979
-0.8977
-0.8975
-0.8974
-0.8973
-0.8973
-0.8973
-0.8974
-0.8976
-0.8978
-0.8981
-0.8984
-0.8988
-0.8992
-0.8997
-0.9000
-0.8996
-0.8993
-0.8990
-0.8987
-0.8986
-0.8984
-0.8984
-0.8984
-0.8984
-0.8985
-0.8987
-0.8989
-0.8992
-0.8995
-0.8999
-0.9000
-0.8997
-0.8994
-0.8992
-0.8991
-0.8990
-0.8989
-0.8990
-0.8991
-0.8992
-0.8994
-0.8996
-0.8999
-0.9000
-0.8998
-0.8996
-0.8994
-0.8994
-0.8993
-0.8994
-0.8995
-0.8996
-0.8998
-0.9000
-0.8998
-0.8997
-0.8997
-0.8997
-0.8997
-0.8999
-0.9000
-0.8999
-0.8999
-0.8999
-0.9000
-0.9000
-0.8999
-0.8999
-0.9000
-0.9000
-0.9000
-0.9000
-0.9000
-0.9000
-0.9000
-0.9000
-0.9000
-0.9000
-0.9000
-0.9000
-0.9000
-0.9000
-0.9000
-0.9000
-0.9000
-0.9000
-0.9000
-0.9000
-0.9000
-0.9000
-0.9000
-0.9000
-0.9000
-0.9000
-0.9000
-0.9000
-0.9000
-0.9000
-0.9000
-0.9000
-0.9000
-0.9000
-0.9000
-0.9000
-0.9000
-0.9000
-0.9000
-0.9000
-0.9000
-0.9000
-0.9000
-0.9000
-0.9000
-0.9000
-0.9000
-0.9000
-0.9000
-0.9000
-0.9000
-0.9000
-0.9000
-0.9000
-0.9000
-0.9000
-0.9000
-0.9000
-0.9000
-0.9000
-0.9000
-0.9000
-0.9000
-0.9000
-0.9000
-0.9000
-0.9000
-0.9000
-0.9000
-0.9000
-0.9000
-0.9000
-0.9000
-0.9000
-0.9000
-0.9000
-0.9000
-0.9000
-0.9000
-0.9000
-0.9000
-0.9000
-0.9000
-0.9000
-0.9000
-0.9000
-0.9000
-0.9000
-0.9000
-0.9000
-0.9000
-0.9000
-0.9000
-0.9000
-0.9000
-0.9000
-0.9000
-0.9000
-0.9000
-0.9000
-0.9000
-0.9000
-0.9000
-0.9000
-0.9000
-0.9000
-0.9000
-0.9000
-0.9000
-0.9000
-0.9000
-0.9000
-0.9000
-0.9000
-0.9000
-0.9000
-0.9000
-0.9000
-0.9000
-0.9000
-0.9000
-0.9000
-0.9000
-0.9000
-0.9000
-0.9000
-0.9000
-0.9000
-0.9000
-0.9000
-0.9000
-0.9000
-0.9000
-0.9000
-0.9000
-0.9000
-0.9000
-0.9000
-0.9000
-0.9000
-0.9000
-0.9000
-0.9000
-0.9000
-0.9000
-0.9000
-0.9000
-0.9000
-0.9000
-0.9000
-0.9000
-0.9000
-0.9000
-0.9000
-0.9000
-0.9000
-0.9000
-0.9000
-0.9000
-0.9000
-0.9000
-0.9000
-0.9000
-0.9000
-0.9000
-0.9000
-0.9000
-0.9000
-0.9000
-0.9000
-0.9000
-0.9000
-0.9000
-0.9000
-0.9000
-0.9000
-0.9000
-0.9000
-0.9000
-0.9000
-0.9000
-0.9000
-0.9000
-0.9000
-0.9000
-0.9000
-0.9000
-0.9000
-0.9000
-0.9000
-0.9000
-0.9000
-0.9000
-0.9000
-0.9000
-0.9000
-0.9000
-0.9000
-0.9000
-0.9000
-0.9000
-0.9000
-0.9000
-0.9000
-0.9000
-0.9000
-0.9000
-0.9000
-0.9000
-0.9000
-0.9000
-0.9000
-0.9000
-0.9000
-0.9000
-0.9000
-0.9000
-0.9000
-0.9000
-0.9000
-0.9000
-0.9000
-0.9000
-0.9000
-0.9000
-0.9000
-0.9000
-0.9000
-0.9000
-0.9000
-0.9000
-0.9000
-0.9000
-0.9000
-0.9000
-0.9000
-0.9000
-0.9000
-0.9000
-0.9000
-0.9000
-0.9000
-0.9000
-0.9000
-0.9000
-0.9000
-0.9000
-0.9000
-0.9000
-0.9000
-0.9000
-0.9000
-0.9000
-0.9000
-0.9000
-0.9000
-0.9000
-0.9000
-0.9000
-0.9000
-0.9000
-0.9000
-0.9000
-0.9000
-0.9000
-0.9000
-0.9000
-0.9000
-0.9000
-0.9000
-0.9000
-0.9000
-0.9000
-0.9000
-0.9000
-0.9000
-0.9000
-0.9000
-0.9000
-0.9000
-0.9000
-0.9000
-0.9000
-0.9000
-0.9000
-0.9000
-0.9000
-0.9000
-0.9000
-0.9000
-0.9000
-0.9000
-0.9000
-0.9000
-0.9000
-0.9000
-0.9000
-0.9000
-0.9000
-0.9000
-0.9000
-0.9000
-0.9000
-0.9000
-0.9000
-0.9000
-0.9000
-0.9000
-0.9000
-0.9000
-0.9000
-0.9000
-0.9000
-0.9000
-0.9000
-0.9000
-0.9000
-0.9000
-0.9000
-0.9000
-0.9000
-0.9000
-0.9000
-0.9000
-0.9000
-0.9000
-0.9000
-0.9000
-0.9000
-0.9000
-0.9000
-0.9000
-0.9000
-0.9000
-0.9000
-0.9000
-0.9000
-0.9000
-0.9000
-0.9000
-0.9000
-0.9000
-0.9000
-0.9000
-0.9000
-0.9000
-0.9000
-0.9000
-0.9000
-0.9000
-0.9000
-0.9000
-0.9000
-0.9000
-0.9000
-0.9000
-0.9000
-0.9000
-0.9000
-0.9000
-0.9000
-0.9000
-0.9000
-0.9000
-0.9000
-0.9000
-0.9000
-0.9000
-0.9000
-0.9000
-0.9000
-0.9000
-0.9000
-0.9000
-0.9000
-0.9000
-0.9000
-0.9000
-0.9000
-0.9000
-0.9000
-0.9000
-0.9000
-0.9000
-0.9000
-0.9000
-0.9000
-0.9000
-0.9000
-0.9000
-0.9000
-0.9000
-0.9000
-0.9000
-0.9000
-0.9000
-0.9000
-0.9000
-0.9000
-0.9000
-0.9000
-0.9000
-0.9000
-0.9000
-0.9000
-0.9000
-0.9000
-0.9000
-0.9000
-0.9000
-0.9000
-0.9000
-0.9000
-0.9000
-0.9000
-0.9000
-0.9000
-0.9000
-0.9000
-0.9000
-0.9000
-0.9000
-0.9000
-0.9000
-0.9000
-0.9000
-0.9000
-0.9000
-0.9000
-0.9000
-0.9000
-0.9000
-0.9000
-0.9000
-0.9000
-0.9000
-0.9000
-0.9000
-0.9000
-0.9000
-0.9000
-0.9000
-0.9000
-0.9000
-0.9000
-0.9000
-0.9000
-0.9000
-0.9000
-0.9000
-0.9000
-0.9000
-0.9000
-0.9000
-0.9000
-0.9000
-0.9000
-0.9000
-0.9000
-0.9000
-0.9000
-0.9000
-0.9000
-0.9000
-0.9000
-0.9000
-0.9000
-0.9000
-0.9000
-0.9000
-0.9000
-0.9000
-0.9000
-0.9000
-0.9000
-0.9000
-0.9000
-0.9000
-0.9000
-0.9000
-0.9000
-0.9000
-0.9000
-0.9000
-0.9000
-0.9000
-0.9000
-0.9000
-0.9000
-0.9000
-0.9000
-0.9000
-0.9000
-0.9000
-0.9000
-0.9000
-0.9000
-0.9000
-0.9000
-0.9000
-0.9000
-0.9000
-0.9000
-0.9000
-0.9000
-0.9000
-0.9000
-0.9000
-0.9000
-0.9000
-0.9000
-0.9000
-0.9000
-0.9000
-0.9000
-0.9000
-0.9000
-0.9000
-0.9000
-0.9000
-0.9000
-0.9000
-0.9000
-0.9000
-0.9000
-0.9000
-0.9000
-0.9000
-0.9000
-0.9000
-0.9000
-0.9000
-0.9000
-0.9000
-0.9000
-0.9000
-0.9000
-0.9000
-0.9000
-0.9000
-0.9000
-0.9000
-0.9000
-0.9000
-0.9000
-0.9000
-0.9000
-0.9000
-0.9000
-0.9000
-0.9000
-0.9000
-0.9000
-0.9000
-0.9000
-0.9000
-0.9000
-0.9000
-0.9000
-0.9000
-0.9000
-0.9000
-0.9000
-0.9000
-0.9000
-0.9000
-0.9000
-0.9000
-0.9000
-0.9000
-0.9000
-0.9000
-0.9000
-0.9000
-0.9000
-0.9000
-0.9000
-0.9000
-0.9000
-0.9000
-0.9000
-0.9000
-0.9000
-0.9000
-0.9000
-0.9000
-0.9000
-0.9000
-0.9000
-0.9000
-0.9000
-0.9000
-0.9000
-0.9000
-0.9000
-0.9000
-0.9000
-0.9000
-0.9000
-0.9000
-0.9000
-0.9000
-0.9000
-0.9000
-0.9000
-0.9000
-0.9000
-0.9000
-0.9000
-0.9000
-0.9000
-0.9000
-0.9000
-0.9000
-0.9000
-0.9000
-0.9000
-0.9000
-0.9000
-0.9000
-0.9000
-0.9000
-0.9000
-0.9000
-0.9000
-0.9000
-0.9000
-0.9000
-0.9000
-0.9000
-0.9000
-0.9000
-0.9000
-0.9000
-0.9000
-0.9000
-0.9000
-0.9000
-0.9000
-0.9000
-0.9000
-0.9000
-0.9000
-0.9000
-0.9000
-0.9000
-0.9000
-0.9000
-0.9000
-0.9000
-0.9000
-0.9000
-0.9000
-0.9000
-0.9000
-0.9000
-0.9000
-0.9000
-0.9000
-0.9000
-0.9000
-0.9000
-0.9000
-0.9000
-0.9000
-0.9000
-0.9000
-0.9000
-0.9000
-0.9000
-0.9000
-0.9000
-0.9000
-0.9000
-0.9000
-0.9000
-0.9000
-0.9000
-0.9000
-0.9000
-0.9000
-0.9000
-0.9000
-0.9000
-0.9000
-0.9000
-0.9000
-0.9000
-0.9000
-0.9000
-0.9000
-0.9000
-0.9000
-0.9000
-0.9000
-0.9000
-0.9000
-0.9000
-0.9000
-0.9000
-0.9000
-0.9000
-0.9000
-0.9000
-0.9000
-0.9000
-0.9000
-0.9000
-0.9000
-0.9000
-0.9000
-0.9000
-0.9000
-0.9000
-0.9000
-0.9000
-0.9000
-0.9000
-0.9000
-0.9000
-0.9000
-0.9000
-0.9000
-0.9000
-0.9000
-0.9000
-0.9000
-0.9000
-0.9000
-0.9000
-0.9000
-0.9000
-0.9000
-0.9000
-0.9000
-0.9000
-0.9000
-0.9000
-0.9000
-0.9000
-0.9000
-0.9000
-0.9000
-0.9000
-0.9000
-0.9000
-0.9000
-0.9000
-0.9000
-0.9000
-0.9000
-0.9000
-0.9000
-0.9000
-0.9000
-0.9000
-0.9000
-0.9000
-0.9000
-0.9000
-0.9000
-0.9000
-0.9000
-0.9000
-0.9000
-0.9000
-0.9000
-0.9000
-0.9000
-0.9000
-0.9000
-0.9000
-0.9000
-0.9000
-0.9000
-0.9000
-0.9000
-0.9000
-0.9000
-0.9000
-0.9000
-0.9000
-0.9000
-0.9000
-0.9000
-0.9000
-0.9000
-0.9000
-0.9000
-0.9000
-0.9000
-0.9000
-0.9000
-0.9000
-0.9000
-0.9000
-0.9000
-0.9000
-0.9000
-0.9000
-0.9000
-0.9000
-0.9000
-0.9000
-0.9000
-0.9000
-0.9000
-0.9000
-0.9000
-0.9000
-0.9000
-0.9000
-0.9000
-0.9000
-0.9000
-0.9000
-0.9000
-0.9000
-0.9000
-0.9000
-0.9000
-0.9000
-0.9000
-0.9000
-0.9000
-0.9000
-0.9000
-0.9000
-0.9000
-0.9000
-0.9000
-0.9000
-0.9000
-0.9000
-0.9000
-0.9000
-0.9000
-0.9000
-0.9000
-0.9000
-0.9000
-0.9000
-0.9000
-0.9000
-0.9000
-0.9000
-0.9000
-0.9000
-0.9000
-0.9000
-0.9000
-0.9000
-0.9000
-0.9000
-0.9000
-0.9000
-0.9000
-0.9000
-0.9000
-0.9000
-0.9000
-0.9000
-0.9000
-0.9000
-0.9000
-0.9000
-0.9000
-0.9000
-0.9000
-0.9000
-0.9000
-0.9000
-0.9000
-0.9000
-0.9000
-0.9000
-0.9000
-0.9000
-0.9000
-0.9000
-0.9000
-0.9000
-0.9000
-0.9000
-0.9000
-0.9000
-0.9000
-0.9000
-0.9000
-0.9000
-0.9000
-0.9000
-0.9000
-0.9000
-0.9000
-0.9000
-0.9000
-0.9000
-0.9000
-0.9000
-0.9000
-0.9000
-0.9000
-0.9000
-0.9000
-0.9000
-0.9000
-0.9000
-0.9000
-0.9000
-0.9000
-0.9000
-0.9000
-0.9000
-0.9000
-0.9000
-0.9000
-0.9000
-0.9000
-0.9000
-0.9000
-0.9000
-0.9000
-0.9000
-0.9000
-0.9000
-0.9000
-0.9000
-0.9000
-0.9000
-0.9000
-0.9000
-0.9000
-0.9000
-0.9000
-0.9000
-0.9000
-0.9000
-0.9000
-0.9000
-0.9000
-0.9000
-0.9000
-0.9000
-0.9000
-0.9000
-0.9000
-0.9000
-0.9000
-0.9000
-0.9000
-0.9000
-0.9000
-0.9000
-0.9000
-0.9000
-0.9000
-0.9000
-0.9000
-0.9000
-0.9000
-0.9000
-0.9000
-0.9000
-0.9000
-0.9000
-0.9000
-0.9000
-0.9000
-0.9000
-0.9000
-0.9000
-0.9000
-0.9000
-0.9000
-0.9000
-0.9000
-0.9000
-0.9000
-0.9000
-0.9000
-0.9000
-0.9000
-0.9000
-0.9000
-0.9000
-0.9000
-0.9000
-0.9000
-0.9000
-0.9000
-0.9000
-0.9000
-0.9000
-0.9000
-0.9000
-0.9000
-0.9000
-0.9000
-0.9000
-0.9000
-0.9000
-0.9000
-0.9000
-0.9000
-0.9000
-0.9000
-0.9000
-0.9000
-0.9000
-0.9000
-0.9000
-0.9000
-0.9000
-0.9000
-0.9000
-0.9000
-0.9000
-0.9000
-0.9000
-0.9000
-0.9000
-0.9000
-0.9000
-0.9000
-0.9000
-0.9000
-0.9000
-0.9000
-0.9000
-0.9000
-0.9000
-0.9000
-0.9000
-0.9000
-0.9000
-0.9000
-0.9000
-0.9000
-0.9000
-0.9000
-0.9000
-0.9000
-0.9000
-0.9000
-0.9000
-0.9000
-0.9000
-0.9000
-0.9000
-0.9000
-0.9000
-0.9000
-0.9000
-0.9000
-0.9000
-0.9000
-0.9000
-0.9000
-0.9000
-0.9000
-0.9000
-0.9000
-0.9000
-0.9000
-0.9000
-0.9000
-0.9000
-0.9000
-0.9000
-0.9000
-0.9000
-0.9000
-0.9000
-0.9000
-0.9000
-0.9000
-0.9000
-0.9000
-0.9000
-0.9000
-0.9000
-0.9000
-0.9000
-0.9000
-0.9000
-0.9000
-0.9000
-0.9000
-0.9000
-0.9000
-0.9000
-0.9000
-0.9000
-0.9000
-0.9000
-0.9000
-0.9000
-0.9000
-0.9000
-0.9000
-0.9000
-0.9000
-0.9000
-0.9000
-0.9000
-0.9000
-0.9000
-0.9000
-0.9000
-0.9000
-0.9000
-0.9000
-0.9000
-0.9000
-0.9000
-0.9000
-0.9000
-0.9000
-0.9000
-0.9000
-0.9000
-0.9000
-0.9000
-0.9000
-0.9000
-0.9000
-0.9000
-0.9000
-0.9000
-0.9000
-0.9000
-0.9000
-0.9000
-0.9000
-0.9000
-0.9000
-0.9000
-0.9000
-0.9000
-0.9000
-0.9000
-0.9000
-0.9000
-0.9000
-0.9000
-0.9000
-0.9000
-0.9000
-0.9000
-0.9000
-0.9000
-0.9000
-0.9000
-0.9000
-0.9000
-0.9000
-0.9000
-0.9000
-0.9000
-0.9000
-0.9000
-0.9000
-0.9000
-0.9000
-0.9000
-0.9000
-0.9000
-0.9000
-0.9000
-0.9000
-0.9000
-0.9000
-0.9000
-0.9000
-0.9000
-0.9000
-0.9000
-0.9000
-0.9000
-0.9000
-0.9000
-0.9000
-0.9000
-0.9000
-0.9000
-0.9000
-0.9000
-0.9000
-0.9000
-0.9000
-0.9000
-0.9000
-0.9000
-0.9000
-0.9000
-0.9000
-0.9000
-0.9000
-0.9000
-0.9000
-0.9000
-0.9000
-0.9000
-0.9000
-0.9000
-0.9000
-0.9000
-0.9000
-0.9000
-0.9000
-0.9000
-0.9000
-0.9000
-0.9000
-0.9000
-0.9000
-0.9000
-0.9000
-0.9000
-0.9000
-0.9000
-0.9000
-0.9000
-0.9000
-0.9000
-0.9000
-0.9000
-0.9000
-0.9000
-0.9000
-0.9000
-0.9000
-0.9000
-0.9000
-0.9000
-0.9000
-0.9000
-0.9000
-0.9000
-0.9000
-0.9000
-0.9000
-0.9000
-0.9000
-0.9000
-0.9000
-0.9000
-0.9000
-0.9000
-0.9000
-0.9000
-0.9000
-0.9000
-0.9000
-0.9000
-0.9000
-0.9000
-0.9000
-0.9000
-0.9000
-0.9000
-0.9000
-0.9000
-0.9000
-0.9000
-0.9000
-0.9000
-0.9000
-0.9000
-0.9000
-0.9000
-0.9000
-0.9000
-0.9000
-0.9000
-0.9000
-0.9000
-0.9000
-0.9000
-0.9000
-0.9000
-0.9000
-0.9000
-0.9000
-0.9000
-0.9000
-0.9000
-0.9000
-0.9000
-0.9000
-0.9000
-0.9000
-0.9000
-0.9000
-0.9000
-0.9000
-0.9000
-0.9000
-0.9000
-0.9000
-0.9000
-0.9000
-0.9000
-0.9000
-0.9000
-0.9000
-0.9000
-0.9000
-0.9000
-0.9000
-0.9000
-0.9000
-0.9000
-0.9000
-0.9000
-0.9000
-0.9000
-0.9000
-0.9000
-0.9000
-0.9000
-0.9000
-0.9000
-0.9000
-0.9000
-0.9000
-0.9000
-0.9000
-0.9000
-0.9000
-0.9000
-0.9000
-0.9000
-0.9000
-0.9000
-0.9000
-0.9000
-0.9000
-0.9000
-0.9000
-0.9000
-0.9000
-0.9000
-0.9000
-0.9000
-0.9000
-0.9000
-0.9000
-0.9000
-0.9000
-0.9000
-0.9000
-0.9000
-0.9000
-0.9000
-0.9000
-0.9000
-0.9000
-0.9000
-0.9000
-0.9000
-0.9000
-0.9000
-0.9000
-0.9000
-0.9000
-0.9000
-0.9000
-0.9000
-0.9000
-0.9000
-0.9000
-0.9000
-0.9000
-0.9000
-0.9000
-0.9000
-0.9000
-0.9000
-0.9000
-0.9000
-0.9000
-0.9000
-0.9000
-0.9000
-0.9000
-0.9000
-0.9000
-0.9000
-0.9000
-0.9000
-0.9000
-0.9000
-0.9000
-0.9000
-0.9000
-0.9000
-0.9000
-0.9000
-0.9000
-0.9000
-0.9000
-0.9000
-0.9000
-0.9000
-0.9000
-0.9000
-0.9000
-0.9000
-0.9000
-0.9000
-0.9000