0.6000
0.6000
0.5999
0.5997
0.5995
0.5993
0.5989
0.5986
0.5981
0.5976
0.5971
0.5964
0.5958
0.5950
0.5942
0.5934
0.5925
0.5915
0.5905
0.5894
0.5882
0.5870
0.5858
0.5844
0.5830
0.5816
0.5801
0.5785
0.5769
0.5752
0.5735
0.5717
0.5699
0.5679
0.5660
0.5639
0.5619
0.5597
0.5575
0.5552
0.5529
0.5505
0.5481
0.5456
0.5430
0.5404
0.5377
0.5350
0.5322
0.5293
0.5264
0.5234
0.5204
0.5173
0.5142
0.5110
0.5077
0.5044
0.5010
0.4975
0.4940
0.4905
0.4869
0.4832
0.4794
0.4756
0.4718
0.4679
0.4639
0.4599
0.4558
0.4516
0.4474
0.4431
0.4388
0.4344
0.4300
0.4255
0.4209
0.4163
0.4116
0.4069
0.4021
0.3972
0.3923
0.3873
0.3823
0.3772
0.3721
0.3669
0.3616
0.3563
0.3509
0.3454
0.3399
0.3344
0.3288
0.3231
0.3173
0.3115
0.3057
0.2998
0.2938
0.2878
0.2817
0.2755
0.2693
0.2630
0.2567
0.2503
0.2439
0.2374
0.2308
0.2242
0.2175
0.2108
0.2040
0.1971
0.1902
0.1833
0.1762
0.1691
0.1620
0.1548
0.1475
0.1402
0.1328
0.1254
0.1179
0.1103
0.1027
0.0950
0.0873
0.0795
0.0716
0.0637
0.0557
0.0477
0.0396
0.0315
0.0233
0.0150
0.0067
-0.0017
-0.0101
-0.0186
-0.0272
-0.0358
-0.0445
-0.0532
-0.0620
-0.0708
-0.0797
-0.0887
-0.0977
-0.1068
-0.1159
-0.1251
-0.1344
-0.1437
-0.1531
-0.1625
-0.1720
-0.1815
-0.1912
-0.2008
-0.2105
-0.2203
-0.2302
-0.2401
-0.2500
-0.2600
-0.2701
-0.2802
-0.2904
-0.3007
-0.3110
-0.3213
-0.3318
-0.3422
-0.3528
-0.3634
-0.3740
-0.3847
-0.3955
-0.4063
-0.4172
-0.4282
-0.4392
-0.4502
-0.4614
-0.4725
-0.4838
-0.4951
-0.5064
-0.5178
-0.5293
-0.5408
-0.5524
-0.5640
-0.5757
-0.5875
-0.5993
-0.6111
-0.6231
-0.6350
-0.6471
-0.6592
-0.6713
-0.6836
-0.6958
-0.7082
-0.7205
-0.7330
-0.7455
-0.7580
-0.7706
-0.7833
-0.7960
-0.8088
-0.8217
-0.8346
-0.8475
-0.8605
-0.8736
-0.8867
-0.8999
-0.9000
-0.8892
-0.8784
-0.8678
-0.8571
-0.8465
-0.8360
-0.8256
-0.8151
-0.8048
-0.7945
-0.7843
-0.7741
-0.7640
-0.7539
-0.7439
-0.7339
-0.7241
-0.7142
-0.7044
-0.6947
-0.6851
-0.6754
-0.6659
-0.6564
-0.6470
-0.6376
-0.6283
-0.6190
-0.6098
-0.6007
-0.5916
-0.5825
-0.5736
-0.5647
-0.5558
-0.5470
-0.5383
-0.5296
-0.5209
-0.5124
-0.5039
-0.4954
-0.4870
-0.4787
-0.4704
-0.4622
-0.4540
-0.4459
-0.4379
-0.4299
-0.4219
-0.4141
-0.4062
-0.3985
-0.3908
-0.3831
-0.3755
-0.3680
-0.3605
-0.3531
-0.3458
-0.3385
-0.3312
-0.3241
-0.3169
-0.3099
-0.3029
-0.2959
-0.2890
-0.2822
-0.2754
-0.2687
-0.2621
-0.2555
-0.2489
-0.2425
-0.2360
-0.2297
-0.2234
-0.2171
-0.2109
-0.2048
-0.1987
-0.1927
-0.1867
-0.1808
-0.1750
-0.1692
-0.1635
-0.1578
-0.1522
-0.1467
-0.1412
-0.1358
-0.1304
-0.1251
-0.1198
-0.1146
-0.1095
-0.1044
-0.0994
-0.0944
-0.0895
-0.0847
-0.0799
-0.0751
-0.0705
-0.0658
-0.0613
-0.0568
-0.0524
-0.0480
-0.0437
-0.0394
-0.0352
-0.0310
-0.0270
-0.0229
-0.0190
-0.0150
-0.0112
-0.0074
-0.0037
0.0000
0.0036
0.0072
0.0107
0.0141
0.0175
0.0209
0.0241
0.0273
0.0305
0.0336
0.0366
0.0396
0.0425
0.0454
0.0482
0.0509
0.0536
0.0562
0.0588
0.0613
0.0637
0.0661
0.0684
0.0707
0.0729
0.0751
0.0772
0.0792
0.0812
0.0831
0.0850
0.0868
0.0885
0.0902
0.0918
0.0934
0.0949
0.0964
0.0977
0.0991
0.1004
0.1016
0.1027
0.1038
0.1049
0.1059
0.1068
0.1076
0.1084
0.1092
0.1099
0.1105
0.1111
0.1116
0.1120
0.1124
0.1128
0.1131
0.1133
0.1134
0.1135
0.1136
0.1136
0.1135
0.1134
0.1132
0.1129
0.1126
0.1122
0.1118
0.1113
0.1108
0.1102
0.1095
0.1088
0.1080
0.1072
0.1063
0.1053
0.1043
0.1033
0.1021
0.1009
0.0997
0.0984
0.0970
0.0956
0.0941
0.0926
0.0910
0.0893
0.0876
0.0858
0.0840
0.0821
0.0802
0.0781
0.0761
0.0740
0.0718
0.0695
0.0672
0.0649
0.0624
0.0600
0.0574
0.0548
0.0522
0.0495
0.0467
0.0439
0.0410
0.0380
0.0350
0.0320
0.0288
0.0257
0.0224
0.0191
0.0158
0.0123
0.0089
0.0053
0.0017
-0.0019
-0.0056
-0.0094
-0.0132
-0.0171
-0.0210
-0.0250
-0.0291
-0.0332
-0.0374
-0.0416
-0.0459
-0.0503
-0.0547
-0.0592
-0.0637
-0.0683
-0.0729
-0.0776
-0.0824
-0.0872
-0.0921
-0.0970
-0.1020
-0.1071
-0.1122
-0.1173
-0.1226
-0.1279
-0.1332
-0.1386
-0.1441
-0.1496
-0.1552
-0.1608
-0.1665
-0.1723
-0.1781
-0.1839
-0.1899
-0.1959
-0.2019
-0.2080
-0.2142
-0.2204
-0.2267
-0.2330
-0.2394
-0.2459
-0.2524
-0.2589
-0.2656
-0.2722
-0.2790
-0.2858
-0.2927
-0.2996
-0.3066
-0.3136
-0.3207
-0.3278
-0.3350
-0.3423
-0.3496
-0.3570
-0.3645
-0.3720
-0.3795
-0.3871
-0.3948
-0.4025
-0.4103
-0.4182
-0.4261
-0.4340
-0.4421
-0.4501
-0.4583
-0.4665
-0.4747
-0.4830
-0.4914
-0.4998
-0.5083
-0.5169
-0.5255
-0.5341
-0.5428
-0.5516
-0.5604
-0.5693
-0.5783
-0.5873
-0.5963
-0.6055
-0.6146
-0.6239
-0.6332
-0.6425
-0.6519
-0.6614
-0.6709
-0.6805
-0.6901
-0.6998
-0.7096
-0.7194
-0.7292
-0.7392
-0.7491
-0.7592
-0.7693
-0.7794
-0.7896
-0.7999
-0.8102
-0.8206
-0.8310
-0.8415
-0.8521
-0.8627
-0.8734
-0.8841
-0.8949
-0.9000
-0.8912
-0.8824
-0.8737
-0.8650
-0.8564
-0.8479
-0.8394
-0.8309
-0.8225
-0.8142
-0.8060
-0.7978
-0.7896
-0.7815
-0.7735
-0.7655
-0.7576
-0.7497
-0.7419
-0.7342
-0.7265
-0.7188
-0.7113
-0.7037
-0.6963
-0.6889
-0.6815
-0.6742
-0.6670
-0.6598
-0.6527
-0.6456
-0.6386
-0.6317
-0.6248
-0.6180
-0.6112
-0.6045
-0.5978
-0.5912
-0.5847
-0.5782
-0.5718
-0.5654
-0.5591
-0.5528
-0.5466
-0.5405
-0.5344
-0.5284
-0.5224
-0.5165
-0.5107
-0.5049
-0.4991
-0.4935
-0.4878
-0.4823
-0.4768
-0.4713
-0.4659
-0.4606
-0.4553
-0.4501
-0.4450
-0.4399
-0.4348
-0.4298
-0.4249
-0.4200
-0.4152
-0.4105
-0.4058
-0.4011
-0.3966
-0.3921
-0.3876
-0.3832
-0.3788
-0.3746
-0.3703
-0.3662
-0.3620
-0.3580
-0.3540
-0.3500
-0.3462
-0.3423
-0.3386
-0.3349
-0.3312
-0.3276
-0.3241
-0.3206
-0.3172
-0.3138
-0.3105
-0.3073
-0.3041
-0.3010
-0.2979
-0.2949
-0.2920
-0.2891
-0.2862
-0.2835
-0.2807
-0.2781
-0.2755
-0.2729
-0.2704
-0.2680
-0.2656
-0.2633
-0.2611
-0.2589
-0.2567
-0.2547
-0.2526
-0.2507
-0.2488
-0.2469
-0.2451
-0.2434
-0.2417
-0.2401
-0.2386
-0.2371
-0.2356
-0.2343
-0.2329
-0.2317
-0.2305
-0.2293
-0.2282
-0.2272
-0.2262
-0.2253
-0.2245
-0.2237
-0.2229
-0.2222
-0.2216
-0.2210
-0.2205
-0.2201
-0.2197
-0.2194
-0.2191
-0.2189
-0.2187
-0.2186
-0.2186
-0.2186
-0.2187
-0.2188
-0.2190
-0.2193
-0.2196
-0.2199
-0.2204
-0.2208
-0.2214
-0.2220
-0.2226
-0.2234
-0.2241
-0.2250
-0.2259
-0.2268
-0.2278
-0.2289
-0.2300
-0.2312
-0.2324
-0.2337
-0.2351
-0.2365
-0.2380
-0.2395
-0.2411
-0.2428
-0.2445
-0.2462
-0.2481
-0.2499
-0.2519
-0.2539
-0.2559
-0.2581
-0.2602
-0.2625
-0.2647
-0.2671
-0.2695
-0.2720
-0.2745
-0.2771
-0.2797
-0.2824
-0.2852
-0.2880
-0.2908
-0.2938
-0.2968
-0.2998
-0.3029
-0.3061
-0.3093
-0.3126
-0.3159
-0.3193
-0.3227
-0.3263
-0.3298
-0.3335
-0.3371
-0.3409
-0.3447
-0.3485
-0.3525
-0.3564
-0.3605
-0.3646
-0.3687
-0.3729
-0.3772
-0.3815
-0.3859
-0.3903
-0.3948
-0.3994
-0.4040
-0.4087
-0.4134
-0.4182
-0.4230
-0.4279
-0.4329
-0.4379
-0.4430
-0.4481
-0.4533
-0.4586
-0.4639
-0.4692
-0.4747
-0.4801
-0.4857
-0.4913
-0.4969
-0.5026
-0.5084
-0.5142
-0.5201
-0.5261
-0.5321
-0.5381
-0.5443
-0.5504
-0.5567
-0.5630
-0.5693
-0.5757
-0.5822
-0.5887
-0.5953
-0.6019
-0.6086
-0.6154
-0.6222
-0.6290
-0.6360
-0.6429
-0.6500
-0.6571
-0.6642
-0.6714
-0.6787
-0.6860
-0.6934
-0.7009
-0.7083
-0.7159
-0.7235
-0.7312
-0.7389
-0.7467
-0.7545
-0.7624
-0.7704
-0.7784
-0.7865
-0.7946
-0.8028
-0.8110
-0.8193
-0.8277
-0.8361
-0.8446
-0.8531
-0.8617
-0.8703
-0.8790
-0.8878
-0.8966
-0.9000
-0.8928
-0.8856
-0.8785
-0.8715
-0.8645
-0.8575
-0.8507
-0.8438
-0.8371
-0.8304
-0.8237
-0.8171
-0.8106
-0.8041
-0.7977
-0.7913
-0.7850
-0.7787
-0.7726
-0.7664
-0.7603
-0.7543
-0.7483
-0.7424
-0.7366
-0.7308
-0.7251
-0.7194
-0.7138
-0.7082
-0.7027
-0.6972
-0.6918
-0.6865
-0.6812
-0.6760
-0.6708
-0.6657
-0.6607
-0.6557
-0.6508
-0.6459
-0.6411
-0.6363
-0.6316
-0.6270
-0.6224
-0.6179
-0.6134
-0.6090
-0.6046
-0.6003
-0.5961
-0.5919
-0.5877
-0.5837
-0.5797
-0.5757
-0.5718
-0.5680
-0.5642
-0.5605
-0.5568
-0.5532
-0.5496
-0.5462
-0.5427
-0.5393
-0.5360
-0.5328
-0.5295
-0.5264
-0.5233
-0.5203
-0.5173
-0.5144
-0.5115
-0.5087
-0.5060
-0.5033
-0.5007
-0.4981
-0.4956
-0.4931
-0.4907
-0.4884
-0.4861
-0.4839
-0.4817
-0.4796
-0.4776
-0.4756
-0.4737
-0.4718
-0.4700
-0.4682
-0.4665
-0.4649
-0.4633
-0.4617
-0.4603
-0.4589
-0.4575
-0.4562
-0.4550
-0.4538
-0.4527
-0.4516
-0.4506
-0.4496
-0.4487
-0.4479
-0.4471
-0.4464
-0.4457
-0.4451
-0.4446
-0.4441
-0.4437
-0.4433
-0.4430
-0.4427
-0.4425
-0.4424
-0.4423
-0.4423
-0.4423
-0.4424
-0.4426
-0.4428
-0.4431
-0.4434
-0.4438
-0.4442
-0.4447
-0.4452
-0.4459
-0.4465
-0.4473
-0.4480
-0.4489
-0.4498
-0.4508
-0.4518
-0.4528
-0.4540
-0.4552
-0.4564
-0.4577
-0.4591
-0.4605
-0.4620
-0.4635
-0.4651
-0.4668
-0.4685
-0.4703
-0.4721
-0.4740
-0.4759
-0.4779
-0.4800
-0.4821
-0.4843
-0.4865
-0.4888
-0.4912
-0.4936
-0.4960
-0.4985
-0.5011
-0.5038
-0.5065
-0.5092
-0.5120
-0.5149
-0.5178
-0.5208
-0.5238
-0.5269
-0.5301
-0.5333
-0.5366
-0.5399
-0.5433
-0.5468
-0.5503
-0.5538
-0.5574
-0.5611
-0.5648
-0.5686
-0.5725
-0.5764
-0.5804
-0.5844
-0.5885
-0.5926
-0.5968
-0.6010
-0.6054
-0.6097
-0.6141
-0.6186
-0.6232
-0.6278
-0.6324
-0.6371
-0.6419
-0.6467
-0.6516
-0.6566
-0.6616
-0.6666
-0.6717
-0.6769
-0.6821
-0.6874
-0.6928
-0.6982
-0.7036
-0.7092
-0.7147
-0.7204
-0.7260
-0.7318
-0.7376
-0.7435
-0.7494
-0.7554
-0.7614
-0.7675
-0.7736
-0.7798
-0.7861
-0.7924
-0.7988
-0.8052
-0.8117
-0.8182
-0.8249
-0.8315
-0.8382
-0.8450
-0.8518
-0.8587
-0.8657
-0.8727
-0.8797
-0.8869
-0.8940
-0.9000
-0.8941
-0.8883
-0.8825
-0.8768
-0.8712
-0.8656
-0.8601
-0.8546
-0.8492
-0.8438
-0.8385
-0.8332
-0.8280
-0.8229
-0.8178
-0.8128
-0.8078
-0.8029
-0.7981
-0.7933
-0.7885
-0.7839
-0.7792
-0.7747
-0.7702
-0.7657
-0.7613
-0.7570
-0.7527
-0.7485
-0.7443
-0.7402
-0.7362
-0.7322
-0.7282
-0.7243
-0.7205
-0.7168
-0.7131
-0.7094
-0.7058
-0.7023
-0.6988
-0.6954
-0.6920
-0.6887
-0.6855
-0.6823
-0.6791
-0.6761
-0.6730
-0.6701
-0.6672
-0.6643
-0.6615
-0.6588
-0.6561
-0.6535
-0.6510
-0.6485
-0.6460
-0.6436
-0.6413
-0.6390
-0.6368
-0.6347
-0.6326
-0.6305
-0.6285
-0.6266
-0.6247
-0.6229
-0.6212
-0.6195
-0.6178
-0.6163
-0.6147
-0.6133
-0.6119
-0.6105
-0.6092
-0.6080
-0.6068
-0.6057
-0.6046
-0.6036
-0.6027
-0.6018
-0.6009
-0.6002
-0.5994
-0.5988
-0.5982
-0.5976
-0.5971
-0.5967
-0.5963
-0.5960
-0.5958
-0.5956
-0.5954
-0.5953
-0.5953
-0.5954
-0.5954
-0.5956
-0.5958
-0.5960
-0.5964
-0.5967
-0.5972
-0.5977
-0.5982
-0.5988
-0.5995
-0.6002
-0.6010
-0.6018
-0.6027
-0.6037
-0.6047
-0.6057
-0.6069
-0.6081
-0.6093
-0.6106
-0.6119
-0.6134
-0.6148
-0.6164
-0.6179
-0.6196
-0.6213
-0.6230
-0.6249
-0.6267
-0.6287
-0.6306
-0.6327
-0.6348
-0.6370
-0.6392
-0.6414
-0.6438
-0.6462
-0.6486
-0.6511
-0.6537
-0.6563
-0.6590
-0.6617
-0.6645
-0.6674
-0.6703
-0.6732
-0.6763
-0.6793
-0.6825
-0.6857
-0.6889
-0.6922
-0.6956
-0.6990
-0.7025
-0.7060
-0.7096
-0.7133
-0.7170
-0.7208
-0.7246
-0.7285
-0.7324
-0.7364
-0.7405
-0.7446
-0.7487
-0.7530
-0.7573
-0.7616
-0.7660
-0.7704
-0.7750
-0.7795
-0.7842
-0.7888
-0.7936
-0.7984
-0.8032
-0.8081
-0.8131
-0.8181
-0.8232
-0.8284
-0.8336
-0.8388
-0.8441
-0.8495
-0.8549
-0.8604
-0.8659
-0.8715
-0.8772
-0.8829
-0.8887
-0.8945
-0.9000
-0.8952
-0.8905
-0.8859
-0.8813
-0.8767
-0.8722
-0.8678
-0.8634
-0.8591
-0.8549
-0.8507
-0.8465
-0.8424
-0.8384
-0.8344
-0.8305
-0.8266
-0.8228
-0.8191
-0.8154
-0.8118
-0.8082
-0.8047
-0.8012
-0.7978
-0.7945
-0.7912
-0.7880
-0.7848
-0.7817
-0.7786
-0.7756
-0.7727
-0.7698
-0.7669
-0.7642
-0.7615
-0.7588
-0.7562
-0.7536
-0.7512
-0.7487
-0.7464
-0.7440
-0.7418
-0.7396
-0.7374
-0.7353
-0.7333
-0.7313
-0.7294
-0.7276
-0.7258
-0.7240
-0.7223
-0.7207
-0.7191
-0.7176
-0.7162
-0.7148
-0.7134
-0.7121
-0.7109
-0.7097
-0.7086
-0.7076
-0.7066
-0.7056
-0.7048
-0.7039
-0.7032
-0.7024
-0.7018
-0.7012
-0.7007
-0.7002
-0.6997
-0.6994
-0.6991
-0.6988
-0.6986
-0.6985
-0.6984
-0.6984
-0.6984
-0.6985
-0.6987
-0.6989
-0.6991
-0.6994
-0.6998
-0.7003
-0.7008
-0.7013
-0.7019
-0.7026
-0.7033
-0.7041
-0.7049
-0.7058
-0.7068
-0.7078
-0.7088
-0.7100
-0.7111
-0.7124
-0.7137
-0.7150
-0.7164
-0.7179
-0.7194
-0.7210
-0.7227
-0.7244
-0.7261
-0.7279
-0.7298
-0.7317
-0.7337
-0.7357
-0.7378
-0.7400
-0.7422
-0.7445
-0.7468
-0.7492
-0.7516
-0.7541
-0.7567
-0.7593
-0.7620
-0.7647
-0.7675
-0.7703
-0.7732
-0.7762
-0.7792
-0.7823
-0.7854
-0.7886
-0.7918
-0.7951
-0.7985
-0.8019
-0.8054
-0.8089
-0.8125
-0.8161
-0.8198
-0.8236
-0.8274
-0.8312
-0.8352
-0.8392
-0.8432
-0.8473
-0.8514
-0.8557
-0.8599
-0.8643
-0.8686
-0.8731
-0.8776
-0.8821
-0.8867
-0.8914
-0.8961
-0.9000
-0.8961
-0.8923
-0.8886
-0.8849
-0.8812
-0.8776
-0.8741
-0.8706
-0.8672
-0.8639
-0.8606
-0.8573
-0.8541
-0.8510
-0.8479
-0.8449
-0.8420
-0.8391
-0.8362
-0.8334
-0.8307
-0.8280
-0.8254
-0.8229
-0.8204
-0.8179
-0.8155
-0.8132
-0.8109
-0.8087
-0.8065
-0.8044
-0.8024
-0.8004
-0.7985
-0.7966
-0.7948
-0.7930
-0.7913
-0.7897
-0.7881
-0.7866
-0.7851
-0.7837
-0.7823
-0.7810
-0.7798
-0.7786
-0.7774
-0.7764
-0.7754
-0.7744
-0.7735
-0.7727
-0.7719
-0.7711
-0.7705
-0.7698
-0.7693
-0.7688
-0.7683
-0.7680
-0.7676
-0.7673
-0.7671
-0.7670
-0.7669
-0.7668
-0.7668
-0.7669
-0.7670
-0.7672
-0.7675
-0.7678
-0.7681
-0.7685
-0.7690
-0.7695
-0.7701
-0.7708
-0.7715
-0.7722
-0.7730
-0.7739
-0.7748
-0.7758
-0.7769
-0.7780
-0.7791
-0.7803
-0.7816
-0.7829
-0.7843
-0.7857
-0.7872
-0.7888
-0.7904
-0.7921
-0.7938
-0.7956
-0.7974
-0.7993
-0.8013
-0.8033
-0.8054
-0.8075
-0.8097
-0.8119
-0.8142
-0.8166
-0.8190
-0.8215
-0.8240
-0.8266
-0.8292
-0.8319
-0.8347
-0.8375
-0.8404
-0.8433
-0.8463
-0.8493
-0.8524
-0.8556
-0.8588
-0.8621
-0.8654
-0.8688
-0.8722
-0.8757
-0.8792
-0.8829
-0.8865
-0.8903
-0.8940
-0.8979
-0.9000
-0.8969
-0.8938
-0.8907
-0.8878
-0.8849
-0.8820
-0.8792
-0.8765
-0.8738
-0.8711
-0.8686
-0.8661
-0.8636
-0.8612
-0.8588
-0.8566
-0.8543
-0.8522
-0.8500
-0.8480
-0.8460
-0.8440
-0.8421
-0.8403
-0.8385
-0.8368
-0.8352
-0.8335
-0.8320
-0.8305
-0.8291
-0.8277
-0.8264
-0.8251
-0.8239
-0.8228
-0.8217
-0.8206
-0.8197
-0.8187
-0.8179
-0.8171
-0.8163
-0.8156
-0.8150
-0.8144
-0.8139
-0.8134
-0.8130
-0.8127
-0.8124
-0.8122
-0.8120
-0.8119
-0.8118
-0.8118
-0.8118
-0.8120
-0.8121
-0.8123
-0.8126
-0.8130
-0.8134
-0.8138
-0.8143
-0.8149
-0.8155
-0.8162
-0.8169
-0.8177
-0.8186
-0.8195
-0.8204
-0.8214
-0.8225
-0.8237
-0.8248
-0.8261
-0.8274
-0.8288
-0.8302
-0.8317
-0.8332
-0.8348
-0.8364
-0.8381
-0.8399
-0.8417
-0.8436
-0.8455
-0.8475
-0.8496
-0.8517
-0.8538
-0.8561
-0.8583
-0.8607
-0.8631
-0.8655
-0.8680
-0.8706
-0.8732
-0.8759
-0.8786
-0.8814
-0.8842
-0.8871
-0.8901
-0.8931
-0.8962
-0.8993
-0.9000
-0.8974
-0.8949
-0.8925
-0.8901
-0.8878
-0.8855
-0.8833
-0.8811
-0.8790
-0.8770
-0.8750
-0.8730
-0.8711
-0.8693
-0.8676
-0.8659
-0.8642
-0.8626
-0.8611
-0.8596
-0.8582
-0.8568
-0.8555
-0.8542
-0.8530
-0.8519
-0.8508
-0.8498
-0.8488
-0.8479
-0.8471
-0.8463
-0.8455
-0.8449
-0.8442
-0.8437
-0.8432
-0.8427
-0.8423
-0.8420
-0.8417
-0.8415
-0.8413
-0.8412
-0.8411
-0.8411
-0.8412
-0.8413
-0.8415
-0.8417
-0.8420
-0.8423
-0.8427
-0.8432
-0.8437
-0.8443
-0.8449
-0.8456
-0.8463
-0.8471
-0.8480
-0.8489
-0.8499
-0.8509
-0.8520
-0.8531
-0.8543
-0.8556
-0.8569
-0.8583
-0.8597
-0.8612
-0.8627
-0.8643
-0.8660
-0.8677
-0.8695
-0.8713
-0.8732
-0.8751
-0.8771
-0.8792
-0.8813
-0.8834
-0.8857
-0.8879
-0.8903
-0.8927
-0.8951
-0.8976
-0.9000
-0.8979
-0.8960
-0.8940
-0.8921
-0.8903
-0.8885
-0.8868
-0.8852
-0.8836
-0.8820
-0.8806
-0.8791
-0.8778
-0.8764
-0.8752
-0.8740
-0.8729
-0.8718
-0.8707
-0.8698
-0.8689
-0.8680
-0.8672
-0.8665
-0.8658
-0.8651
-0.8646
-0.8641
-0.8636
-0.8632
-0.8628
-0.8626
-0.8623
-0.8622
-0.8620
-0.8620
-0.8620
-0.8620
-0.8621
-0.8623
-0.8625
-0.8628
-0.8632
-0.8636
-0.8640
-0.8645
-0.8651
-0.8657
-0.8664
-0.8671
-0.8679
-0.8688
-0.8697
-0.8706
-0.8717
-0.8727
-0.8739
-0.8751
-0.8763
-0.8776
-0.8790
-0.8804
-0.8819
-0.8834
-0.8850
-0.8867
-0.8884
-0.8901
-0.8920
-0.8938
-0.8958
-0.8978
-0.8998
-0.9000
-0.8983
-0.8967
-0.8952
-0.8936
-0.8922
-0.8908
-0.8895
-0.8882
-0.8870
-0.8858
-0.8847
-0.8837
-0.8827
-0.8818
-0.8809
-0.8801
-0.8793
-0.8786
-0.8779
-0.8773
-0.8768
-0.8763
-0.8759
-0.8755
-0.8752
-0.8750
-0.8748
-0.8747
-0.8746
-0.8746
-0.8746
-0.8747
-0.8748
-0.8750
-0.8753
-0.8756
-0.8760
-0.8764
-0.8769
-0.8775
-0.8781
-0.8787
-0.8794
-0.8802
-0.8810
-0.8819
-0.8829
-0.8839
-0.8849
-0.8860
-0.8872
-0.8885
-0.8897
-0.8911
-0.8925
-0.8939
-0.8954
-0.8970
-0.8986
-0.9000
-0.8987
-0.8974
-0.8962
-0.8950
-0.8939
-0.8929
-0.8919
-0.8910
-0.8901
-0.8893
-0.8885
-0.8878
-0.8872
-0.8866
-0.8860
-0.8856
-0.8851
-0.8848
-0.8845
-0.8842
-0.8840
-0.8839
-0.8838
-0.8838
-0.8838
-0.8839
-0.8841
-0.8843
-0.8845
-0.8849
-0.8852
-0.8857
-0.8862
-0.8867
-0.8873
-0.8880
-0.8887
-0.8895
-0.8903
-0.8912
-0.8921
-0.8932
-0.8942
-0.8953
-0.8965
-0.8977
-0.8990
-0.9000
-0.8989
-0.8980
-0.8970
-0.8961
-0.8953
-0.8945
-0.8938
-0.8932
-0.8926
-0.8921
-0.8916
-0.8911
-0.8908
-0.8905
-0.8902
-0.8900
-0.8899
-0.8898
-0.8898
-0.8898
-0.8899
-0.8900
-0.8902
-0.8905
-0.8908
-0.8912
-0.8916
-0.8921
-0.8926
-0.8932
-0.8939
-0.8946
-0.8954
-0.8962
-0.8971
-0.8980
-0.8990
-0.9000
-0.8992
-0.8984
-0.8977
-0.8971
-0.8965
-0.8960
-0.8955
-0.8951
-0.8947
-0.8944
-0.8942
-0.8940
-0.8939
-0.8938
-0.8938
-0.8938
-0.8939
-0.8941
-0.8943
-0.8946
-0.8949
-0.8953
-0.8957
-0.8962
-0.8968
-0.8974
-0.8980
-0.8988
-0.8995
-0.9000
-0.8994
-0.8988
-0.8983
-0.8978
-0.8974
-0.8970
-0.8968
-0.8965
-0.8963
-0.8962
-0.8961
-0.8961
-0.8962
-0.8963
-0.8965
-0.8967
-0.8969
-0.8973
-0.8977
-0.8981
-0.8986
-0.8992
-0.8998
-0.9000
-0.8995
-0.8991
-0.8987
-0.8983
-0.8981
-0.8979
-0.8977
-0.8976
-0.8975
-0.8976
-0.8976
-0.8977
-0.8979
-0.8982
-0.8985
-0.8988
-0.8992
-0.8997
-0.9000
-0.8996
-0.8993
-0.8990
-0.8988
-0.8987
-0.8986
-0.8986
-0.8986
-0.8987
-0.8988
-0.8990
-0.8992
-0.8995
-0.8999
-0.9000
-0.8997
-0.8995
-0.8993
-0.8992
-0.8991
-0.8991
-0.8992
-0.8993
-0.8994
-0.8996
-0.8999
-0.9000
-0.8998
-0.8996
-0.8995
-0.8995
-0.8995
-0.8995
-0.8996
-0.8998
-0.9000
-0.8999
-0.8998
-0.8998
-0.8998
-0.8999
-0.9000
-0.8999
-0.8999
-0.9000
-0.9000
-0.9000
-0.9000
-0.9000
-0.9000
-0.9000
-0.9000
-0.9000
-0.9000
-0.9000
-0.9000
-0.9000
-0.9000
-0.9000
-0.9000
-0.9000
-0.9000
-0.9000
-0.9000
-0.9000
-0.9000
-0.9000
-0.9000
-0.9000
-0.9000
-0.9000
-0.9000
-0.9000
-0.9000
-0.9000
-0.9000
-0.9000
-0.9000
-0.9000
-0.9000
-0.9000
-0.9000
-0.9000
-0.9000
-0.9000
-0.9000
-0.9000
-0.9000
-0.9000
-0.9000
-0.9000
-0.9000
-0.9000
-0.9000
-0.9000
-0.9000
-0.9000
-0.9000
-0.9000
-0.9000
-0.9000
-0.9000
-0.9000
-0.9000
-0.9000
-0.9000
-0.9000
-0.9000
-0.9000
-0.9000
-0.9000
-0.9000
-0.9000
-0.9000
-0.9000
-0.9000
-0.9000
-0.9000
-0.9000
-0.9000
-0.9000
-0.9000
-0.9000
-0.9000
-0.9000
-0.9000
-0.9000
-0.9000
-0.9000
-0.9000
-0.9000
-0.9000
-0.9000
-0.9000
-0.9000
-0.9000
-0.9000
-0.9000
-0.9000
-0.9000
-0.9000
-0.9000
-0.9000
-0.9000
-0.9000
-0.9000
-0.9000
-0.9000
-0.9000
-0.9000
-0.9000
-0.9000
-0.9000
-0.9000
-0.9000
-0.9000
-0.9000
-0.9000
-0.9000
-0.9000
-0.9000
-0.9000
-0.9000
-0.9000
-0.9000
-0.9000
-0.9000
-0.9000
-0.9000
-0.9000
-0.9000
-0.9000
-0.9000
-0.9000
-0.9000
-0.9000
-0.9000
-0.9000
-0.9000
-0.9000
-0.9000
-0.9000
-0.9000
-0.9000
-0.9000
-0.9000
-0.9000
-0.9000
-0.9000
-0.9000
-0.9000
-0.9000
-0.9000
-0.9000
-0.9000
-0.9000
-0.9000
-0.9000
-0.9000
-0.9000
-0.9000
-0.9000
-0.9000
-0.9000
-0.9000
-0.9000
-0.9000
-0.9000
-0.9000
-0.9000
-0.9000
-0.9000
-0.9000
-0.9000
-0.9000
-0.9000
-0.9000
-0.9000
-0.9000
-0.9000
-0.9000
-0.9000
-0.9000
-0.9000
-0.9000
-0.9000
-0.9000
-0.9000
-0.9000
-0.9000
-0.9000
-0.9000
-0.9000
-0.9000
-0.9000
-0.9000
-0.9000
-0.9000
-0.9000
-0.9000
-0.9000
-0.9000
-0.9000
-0.9000
-0.9000
-0.9000
-0.9000
-0.9000
-0.9000
-0.9000
-0.9000
-0.9000
-0.9000
-0.9000
-0.9000
-0.9000
-0.9000
-0.9000
-0.9000
-0.9000
-0.9000
-0.9000
-0.9000
-0.9000
-0.9000
-0.9000
-0.9000
-0.9000
-0.9000
-0.9000
-0.9000
-0.9000
-0.9000
-0.9000
-0.9000
-0.9000
-0.9000
-0.9000
-0.9000
-0.9000
-0.9000
-0.9000
-0.9000
-0.9000
-0.9000
-0.9000
-0.9000
-0.9000
-0.9000
-0.9000
-0.9000
-0.9000
-0.9000
-0.9000
-0.9000
-0.9000
-0.9000
-0.9000
-0.9000
-0.9000
-0.9000
-0.9000
-0.9000
-0.9000
-0.9000
-0.9000
-0.9000
-0.9000
-0.9000
-0.9000
-0.9000
-0.9000
-0.9000
-0.9000
-0.9000
-0.9000
-0.9000
-0.9000
-0.9000
-0.9000
-0.9000
-0.9000
-0.9000
-0.9000
-0.9000
-0.9000
-0.9000
-0.9000
-0.9000
-0.9000
-0.9000
-0.9000
-0.9000
-0.9000
-0.9000
-0.9000
-0.9000
-0.9000
-0.9000
-0.9000
-0.9000
-0.9000
-0.9000
-0.9000
-0.9000
-0.9000
-0.9000
-0.9000
-0.9000
-0.9000
-0.9000
-0.9000
-0.9000
-0.9000
-0.9000
-0.9000
-0.9000
-0.9000
-0.9000
-0.9000
-0.9000
-0.9000
-0.9000
-0.9000
-0.9000
-0.9000
-0.9000
-0.9000
-0.9000
-0.9000
-0.9000
-0.9000
-0.9000
-0.9000
-0.9000
-0.9000
-0.9000
-0.9000
-0.9000
-0.9000
-0.9000
-0.9000
-0.9000
-0.9000
-0.9000
-0.9000
-0.9000
-0.9000
-0.9000
-0.9000
-0.9000
-0.9000
-0.9000
-0.9000
-0.9000
-0.9000
-0.9000
-0.9000
-0.9000
-0.9000
-0.9000
-0.9000
-0.9000
-0.9000
-0.9000
-0.9000
-0.9000
-0.9000
-0.9000
-0.9000
-0.9000
-0.9000
-0.9000
-0.9000
-0.9000
-0.9000
-0.9000
-0.9000
-0.9000
-0.9000
-0.9000
-0.9000
-0.9000
-0.9000
-0.9000
-0.9000
-0.9000
-0.9000
-0.9000
-0.9000
-0.9000
-0.9000
-0.9000
-0.9000
-0.9000
-0.9000
-0.9000
-0.9000
-0.9000
-0.9000
-0.9000
-0.9000
-0.9000
-0.9000
-0.9000
-0.9000
-0.9000
-0.9000
-0.9000
-0.9000
-0.9000
-0.9000
-0.9000
-0.9000
-0.9000
-0.9000
-0.9000
-0.9000
-0.9000
-0.9000
-0.9000
-0.9000
-0.9000
-0.9000
-0.9000
-0.9000
-0.9000
-0.9000
-0.9000
-0.9000
-0.9000
-0.9000
-0.9000
-0.9000
-0.9000
-0.9000
-0.9000
-0.9000
-0.9000
-0.9000
-0.9000
-0.9000
-0.9000
-0.9000
-0.9000
-0.9000
-0.9000
-0.9000
-0.9000
-0.9000
-0.9000
-0.9000
-0.9000
-0.9000
-0.9000
-0.9000
-0.9000
-0.9000
-0.9000
-0.9000
-0.9000
-0.9000
-0.9000
-0.9000
-0.9000
-0.9000
-0.9000
-0.9000
-0.9000
-0.9000
-0.9000
-0.9000
-0.9000
-0.9000
-0.9000
-0.9000
-0.9000
-0.9000
-0.9000
-0.9000
-0.9000
-0.9000
-0.9000
-0.9000
-0.9000
-0.9000
-0.9000
-0.9000
-0.9000
-0.9000
-0.9000
-0.9000
-0.9000
-0.9000
-0.9000
-0.9000
-0.9000
-0.9000
-0.9000
-0.9000
-0.9000
-0.9000
-0.9000
-0.9000
-0.9000
-0.9000
-0.9000
-0.9000
-0.9000
-0.9000
-0.9000
-0.9000
-0.9000
-0.9000
-0.9000
-0.9000
-0.9000
-0.9000
-0.9000
-0.9000
-0.9000
-0.9000
-0.9000
-0.9000
-0.9000
-0.9000
-0.9000
-0.9000
-0.9000
-0.9000
-0.9000
-0.9000
-0.9000
-0.9000
-0.9000
-0.9000
-0.9000
-0.9000
-0.9000
-0.9000
-0.9000
-0.9000
-0.9000
-0.9000
-0.9000
-0.9000
-0.9000
-0.9000
-0.9000
-0.9000
-0.9000
-0.9000
-0.9000
-0.9000
-0.9000
-0.9000
-0.9000
-0.9000
-0.9000
-0.9000
-0.9000
-0.9000
-0.9000
-0.9000
-0.9000
-0.9000
-0.9000
-0.9000
-0.9000
-0.9000
-0.9000
-0.9000
-0.9000
-0.9000
-0.9000
-0.9000
-0.9000
-0.9000
-0.9000
-0.9000
-0.9000
-0.9000
-0.9000
-0.9000
-0.9000
-0.9000
-0.9000
-0.9000
-0.9000
-0.9000
-0.9000
-0.9000
-0.9000
-0.9000
-0.9000
-0.9000
-0.9000
-0.9000
-0.9000
-0.9000
-0.9000
-0.9000
-0.9000
-0.9000
-0.9000
-0.9000
-0.9000
-0.9000
-0.9000
-0.9000
-0.9000
-0.9000
-0.9000
-0.9000
-0.9000
-0.9000
-0.9000
-0.9000
-0.9000
-0.9000
-0.9000
-0.9000
-0.9000
-0.9000
-0.9000
-0.9000
-0.9000
-0.9000
-0.9000
-0.9000
-0.9000
-0.9000
-0.9000
-0.9000
-0.9000
-0.9000
-0.9000
-0.9000
-0.9000
-0.9000
-0.9000
-0.9000
-0.9000
-0.9000
-0.9000
-0.9000
-0.9000
-0.9000
-0.9000
-0.9000
-0.9000
-0.9000
-0.9000
-0.9000
-0.9000
-0.9000
-0.9000
-0.9000
-0.9000
-0.9000
-0.9000
-0.9000
-0.9000
-0.9000
-0.9000
-0.9000
-0.9000
-0.9000
-0.9000
-0.9000
-0.9000
-0.9000
-0.9000
-0.9000
-0.9000
-0.9000
-0.9000
-0.9000
-0.9000
-0.9000
-0.9000
-0.9000
-0.9000
-0.9000
-0.9000
-0.9000
-0.9000
-0.9000
-0.9000
-0.9000
-0.9000
-0.9000
-0.9000
-0.9000
-0.9000
-0.9000
-0.9000
-0.9000
-0.9000
-0.9000
-0.9000
-0.9000
-0.9000
-0.9000
-0.9000
-0.9000
-0.9000
-0.9000
-0.9000
-0.9000
-0.9000
-0.9000
-0.9000
-0.9000
-0.9000
-0.9000
-0.9000
-0.9000
-0.9000
-0.9000
-0.9000
-0.9000
-0.9000
-0.9000
-0.9000
-0.9000
-0.9000
-0.9000
-0.9000
-0.9000
-0.9000
-0.9000
-0.9000
-0.9000
-0.9000
-0.9000
-0.9000
-0.9000
-0.9000
-0.9000
-0.9000
-0.9000
-0.9000
-0.9000
-0.9000
-0.9000
-0.9000
-0.9000
-0.9000
-0.9000
-0.9000
-0.9000
-0.9000
-0.9000
-0.9000
-0.9000
-0.9000
-0.9000
-0.9000
-0.9000
-0.9000
-0.9000
-0.9000
-0.9000
-0.9000
-0.9000
-0.9000
-0.9000
-0.9000
-0.9000
-0.9000
-0.9000
-0.9000
-0.9000
-0.9000
-0.9000
-0.9000
-0.9000
-0.9000
-0.9000
-0.9000
-0.9000
-0.9000
-0.9000
-0.9000
-0.9000
-0.9000
-0.9000
-0.9000
-0.9000
-0.9000
-0.9000
-0.9000