    1, 0.0000 0.0000;
    2, 0.0000 -0.0105;
    3, 0.0000 -0.0210;
    4, 0.0000 -0.0316;
    5, 0.0000 -0.0422;
    6, 0.0000 -0.0529;
    7, 0.0000 -0.0636;
    8, 0.0000 -0.0744;
    9, 0.0000 -0.0853;
   10, 0.0000 -0.0962;
   11, 0.0000 -0.1071;
   12, 0.0000 -0.1181;
   13, 0.0000 -0.1292;
   14, 0.0000 -0.1404;
   15, 0.0000 -0.1515;
   16, 0.0000 -0.1628;
   17, 0.0000 -0.1741;
   18, 0.0000 -0.1854;
   19, 0.0000 -0.1968;
   20, 0.0000 -0.2083;
   21, 0.0000 -0.2198;
   22, 0.0000 -0.2314;
   23, 0.0000 -0.2430;
   24, 0.0000 -0.2547;
   25, 0.0000 -0.2665;
   26, 0.0000 -0.2783;
   27, 0.0000 -0.2901;
   28, 0.0000 -0.3020;
   29, 0.0000 -0.3140;
   30, 0.0000 -0.3260;
   31, 0.0000 -0.3381;
   32, 0.0000 -0.3502;
   33, 0.0000 -0.3624;
   34, 0.0000 -0.3747;
   35, 0.0000 -0.3870;
   36, 0.0000 -0.3993;
   37, 0.0000 -0.4117;
   38, 0.0000 -0.4242;
   39, 0.0000 -0.4367;
   40, 0.0000 -0.4493;
   41, 0.0000 -0.4620;
   42, 0.0000 -0.4746;
   43, 0.0000 -0.4874;
   44, 0.0000 -0.5002;
   45, 0.0000 -0.5131;
   46, 0.0000 -0.5260;
   47, 0.0000 -0.5389;
   48, 0.0000 -0.5520;
   49, 0.0000 -0.5650;
   50, 0.0000 -0.5782;
   51, 0.0000 -0.5914;
   52, 0.0000 -0.6046;
   53, 0.0000 -0.6179;
   54, 0.0000 -0.6313;
   55, 0.0000 -0.6447;
   56, 0.0000 -0.6582;
   57, 0.0000 -0.6717;
   58, 0.0000 -0.6853;
   59, 0.0000 -0.6989;
   60, 0.0000 -0.7126;
   61, 0.0000 -0.7264;
   62, 0.0000 -0.7402;
   63, 0.0000 -0.7540;
   64, 0.0000 -0.7679;
   65, 0.0000 -0.7819;
   66, 0.0000 -0.7959;
   67, 0.0000 -0.8100;
   68, 0.0000 -0.8241;
   69, 0.0000 -0.8383;
   70, 0.0000 -0.8526;
   71, 0.0000 -0.8669;
   72, 0.0000 -0.8812;
   73, 0.0000 -0.8957;
   74, 0.0000 -0.9101;
   75, 0.0000 -0.9246;
   76, 0.0000 -0.9392;
   77, 0.0000 -0.9539;
   78, 0.0000 -0.9686;
   79, 0.0000 -0.9833;
   80, 0.0000 -0.9981;
   81, 0.0000 -1.0130;
   82, 0.0000 -1.0279;
   83, 0.0000 -1.0428;
   84, 0.0000 -1.0578;
   85, 0.0000 -1.0729;
   86, 0.0000 -1.0881;
   87, 0.0000 -1.1032;
   88, 0.0000 -1.1185;
   89, 0.0000 -1.1338;
   90, 0.0000 -1.1491;
   91, 0.0000 -1.1645;
   92, 0.0000 -1.1800;
   93, 0.0000 -1.1955;
   94, 0.0000 -1.2111;
   95, 0.0000 -1.2267;
   96, 0.0000 -1.2424;
   97, 0.0000 -1.2581;
   98, 0.0000 -1.2739;
   99, 0.0000 -1.2897;
  100, 0.0000 -1.3056;
  101, 0.0000 -1.3216;
  102, 0.0000 -1.3376;
  103, 0.0000 -1.3537;
  104, 0.0000 -1.3698;
  105, 0.0000 -1.3859;
  106, 0.0000 -1.4022;
  107, 0.0000 -1.4184;
  108, 0.0000 -1.4348;
  109, 0.0000 -1.4511;
  110, 0.0000 -1.4676;
  111, 0.0000 -1.4841;
  112, 0.0000 -1.5006;
  113, 0.0000 -1.5172;
  114, 0.0000 -1.5339;
  115, 0.0000 -1.5506;
  116, 0.0000 -1.5673;
  117, 0.0000 -1.5842;
  118, 0.0000 -1.6010;
  119, 0.0000 -1.6179;
  120, 0.0000 -1.6349;
  121, 0.0000 -1.6519;
  122, 0.0000 -1.6690;
  123, 0.0000 -1.6861;
  124, 0.0000 -1.7033;
  125, 0.0000 -1.7206;
  126, 0.0000 -1.7379;
  127, 0.0000 -1.7552;
  128, 0.0000 -1.7726;
  129, 0.0000 -1.7900;
  130, 0.0000 -1.8075;
  131, 0.0000 -1.8251;
  132, 0.0000 -1.8427;
  133, 0.0000 -1.8603;
  134, 0.0000 -1.8781;
  135, 0.0000 -1.8958;
  136, 0.0000 -1.9136;
  137, 0.0000 -1.9315;
  138, 0.0000 -1.9494;
  139, 0.0000 -1.9674;
  140, 0.0000 -1.9854;
  141, 0.0000 -2.0034;
  142, 0.0000 -2.0215;
  143, 0.0000 -2.0397;
  144, 0.0000 -2.0579;
  145, 0.0000 -2.0762;
  146, 0.0000 -2.0945;
  147, 0.0000 -2.1129;
  148, 0.0000 -2.1313;
  149, 0.0000 -2.1498;
  150, 0.0000 -2.1683;
  151, 0.0000 -2.1868;
  152, 0.0000 -2.2054;
  153, 0.0000 -2.2241;
  154, 0.0000 -2.2428;
  155, 0.0000 -2.2616;
  156, 0.0000 -2.2804;
  157, 0.0000 -2.2992;
  158, 0.0000 -2.3181;
  159, 0.0000 -2.3371;
  160, 0.0000 -2.3561;
  161, 0.0000 -2.3751;
  162, 0.0000 -2.3942;
  163, 0.0000 -2.4134;
  164, 0.0000 -2.4326;
  165, 0.0000 -2.4518;
  166, 0.0000 -2.4711;
  167, 0.0000 -2.4904;
  168, 0.0000 -2.5098;
  169, 0.0000 -2.5292;
  170, 0.0000 -2.5486;
  171, 0.0000 -2.5681;
  172, 0.0000 -2.5877;
  173, 0.0000 -2.6073;
  174, 0.0000 -2.6269;
  175, 0.0000 -2.6466;
  176, 0.0000 -2.6663;
  177, 0.0000 -2.6861;
  178, 0.0000 -2.7059;
  179, 0.0000 -2.7258;
  180, 0.0000 -2.7457;
  181, 0.0000 -2.7656;
  182, 0.0000 -2.7856;
  183, 0.0000 -2.8056;
  184, 0.0000 -2.8257;
  185, 0.0000 -2.8458;
  186, 0.0000 -2.8659;
  187, 0.0000 -2.8861;
  188, 0.0000 -2.9064;
  189, 0.0000 -2.9266;
  190, 0.0000 -2.9469;
  191, 0.0000 -2.9673;
  192, 0.0000 -2.9877;
  193, 0.0000 -3.0081;
  194, 0.0000 -3.0285;
  195, 1.0000 1.5143;
  196, 0.0000 1.4937;
  197, 0.0000 1.4731;
  198, 0.0000 1.4524;
  199, 0.0000 1.4317;
  200, 0.0000 1.4109;
  201, 0.0000 1.3900;
  202, 0.0000 1.3691;
  203, 0.0000 1.3481;
  204, 0.0000 1.3271;
  205, 0.0000 1.3060;
  206, 0.0000 1.2848;
  207, 0.0000 1.2636;
  208, 0.0000 1.2423;
  209, 0.0000 1.2209;
  210, 0.0000 1.1995;
  211, 0.0000 1.1780;
  212, 0.0000 1.1565;
  213, 0.0000 1.1349;
  214, 0.0000 1.1133;
  215, 0.0000 1.0916;
  216, 0.0000 1.0698;
  217, 0.0000 1.0480;
  218, 0.0000 1.0261;
  219, 0.0000 1.0041;
  220, 0.0000 0.9821;
  221, 0.0000 0.9600;
  222, 0.0000 0.9379;
  223, 0.0000 0.9157;
  224, 0.0000 0.8935;
  225, 0.0000 0.8712;
  226, 0.0000 0.8488;
  227, 0.0000 0.8264;
  228, 0.0000 0.8039;
  229, 0.0000 0.7814;
  230, 0.0000 0.7588;
  231, 0.0000 0.7361;
  232, 0.0000 0.7134;
  233, 0.0000 0.6906;
  234, 0.0000 0.6678;
  235, 0.0000 0.6449;
  236, 0.0000 0.6219;
  237, 0.0000 0.5989;
  238, 0.0000 0.5759;
  239, 0.0000 0.5528;
  240, 0.0000 0.5296;
  241, 0.0000 0.5063;
  242, 0.0000 0.4831;
  243, 0.0000 0.4597;
  244, 0.0000 0.4363;
  245, 0.0000 0.4128;
  246, 0.0000 0.3893;
  247, 0.0000 0.3657;
  248, 0.0000 0.3421;
  249, 0.0000 0.3184;
  250, 0.0000 0.2947;
  251, 0.0000 0.2709;
  252, 0.0000 0.2470;
  253, 0.0000 0.2231;
  254, 0.0000 0.1992;
  255, 0.0000 0.1751;
  256, 0.0000 0.1511;
  257, 0.0000 0.1269;
  258, 0.0000 0.1027;
  259, 0.0000 0.0785;
  260, 0.0000 0.0542;
  261, 0.0000 0.0298;
  262, 0.0000 0.0054;
  263, 0.0000 -0.0190;
  264, 0.0000 -0.0435;
  265, 0.0000 -0.0681;
  266, 0.0000 -0.0927;
  267, 0.0000 -0.1174;
  268, 0.0000 -0.1421;
  269, 0.0000 -0.1669;
  270, 0.0000 -0.1918;
  271, 0.0000 -0.2167;
  272, 0.0000 -0.2416;
  273, 0.0000 -0.2666;
  274, 0.0000 -0.2917;
  275, 0.0000 -0.3168;
  276, 0.0000 -0.3419;
  277, 0.0000 -0.3671;
  278, 0.0000 -0.3924;
  279, 0.0000 -0.4177;
  280, 0.0000 -0.4431;
  281, 0.0000 -0.4685;
  282, 0.0000 -0.4940;
  283, 0.0000 -0.5195;
  284, 0.0000 -0.5451;
  285, 0.0000 -0.5707;
  286, 0.0000 -0.5964;
  287, 0.0000 -0.6221;
  288, 0.0000 -0.6479;
  289, 0.0000 -0.6737;
  290, 0.0000 -0.6996;
  291, 0.0000 -0.7255;
  292, 0.0000 -0.7515;
  293, 0.0000 -0.7776;
  294, 0.0000 -0.8036;
  295, 0.0000 -0.8298;
  296, 0.0000 -0.8560;
  297, 0.0000 -0.8822;
  298, 0.0000 -0.9085;
  299, 0.0000 -0.9348;
  300, 0.0000 -0.9612;
  301, 0.0000 -0.9876;
  302, 0.0000 -1.0141;
  303, 0.0000 -1.0406;
  304, 0.0000 -1.0672;
  305, 0.0000 -1.0938;
  306, 0.0000 -1.1204;
  307, 0.0000 -1.1471;
  308, 0.0000 -1.1739;
  309, 0.0000 -1.2007;
  310, 0.0000 -1.2276;
  311, 0.0000 -1.2545;
  312, 0.0000 -1.2814;
  313, 0.0000 -1.3084;
  314, 0.0000 -1.3354;
  315, 0.0000 -1.3625;
  316, 0.0000 -1.3896;
  317, 0.0000 -1.4168;
  318, 0.0000 -1.4440;
  319, 0.0000 -1.4713;
  320, 0.0000 -1.4986;
  321, 0.0000 -1.5259;
  322, 0.0000 -1.5533;
  323, 0.0000 -1.5807;
  324, 0.0000 -1.6082;
  325, 0.0000 -1.6357;
  326, 0.0000 -1.6633;
  327, 1.0000 0.8316;
  328, 0.0000 0.8040;
  329, 0.0000 0.7763;
  330, 0.0000 0.7485;
  331, 0.0000 0.7206;
  332, 0.0000 0.6927;
  333, 0.0000 0.6648;
  334, 0.0000 0.6368;
  335, 0.0000 0.6087;
  336, 0.0000 0.5806;
  337, 0.0000 0.5524;
  338, 0.0000 0.5241;
  339, 0.0000 0.4958;
  340, 0.0000 0.4675;
  341, 0.0000 0.4391;
  342, 0.0000 0.4106;
  343, 0.0000 0.3820;
  344, 0.0000 0.3535;
  345, 0.0000 0.3248;
  346, 0.0000 0.2961;
  347, 0.0000 0.2673;
  348, 0.0000 0.2385;
  349, 0.0000 0.2097;
  350, 0.0000 0.1807;
  351, 0.0000 0.1517;
  352, 0.0000 0.1227;
  353, 0.0000 0.0936;
  354, 0.0000 0.0645;
  355, 0.0000 0.0353;
  356, 0.0000 0.0060;
  357, 0.0000 -0.0233;
  358, 0.0000 -0.0527;
  359, 0.0000 -0.0821;
  360, 0.0000 -0.1116;
  361, 0.0000 -0.1411;
  362, 0.0000 -0.1707;
  363, 0.0000 -0.2003;
  364, 0.0000 -0.2300;
  365, 0.0000 -0.2597;
  366, 0.0000 -0.2895;
  367, 0.0000 -0.3193;
  368, 0.0000 -0.3492;
  369, 0.0000 -0.3792;
  370, 0.0000 -0.4091;
  371, 0.0000 -0.4392;
  372, 0.0000 -0.4693;
  373, 0.0000 -0.4994;
  374, 0.0000 -0.5296;
  375, 0.0000 -0.5599;
  376, 0.0000 -0.5902;
  377, 0.0000 -0.6205;
  378, 0.0000 -0.6509;
  379, 0.0000 -0.6813;
  380, 0.0000 -0.7118;
  381, 0.0000 -0.7424;
  382, 0.0000 -0.7729;
  383, 0.0000 -0.8036;
  384, 0.0000 -0.8342;
  385, 1.0000 0.4171;
  386, 0.0000 0.3863;
  387, 0.0000 0.3555;
  388, 0.0000 0.3246;
  389, 0.0000 0.2937;
  390, 0.0000 0.2627;
  391, 0.0000 0.2316;
  392, 0.0000 0.2005;
  393, 0.0000 0.1693;
  394, 0.0000 0.1381;
  395, 0.0000 0.1068;
  396, 0.0000 0.0755;
  397, 0.0000 0.0441;
  398, 0.0000 0.0126;
  399, 0.0000 -0.0189;
  400, 0.0000 -0.0504;
  401, 0.0000 -0.0820;
  402, 0.0000 -0.1137;
  403, 0.0000 -0.1454;
  404, 0.0000 -0.1772;
  405, 0.0000 -0.2090;
  406, 0.0000 -0.2409;
  407, 0.0000 -0.2728;
  408, 0.0000 -0.3048;
  409, 0.0000 -0.3368;
  410, 0.0000 -0.3689;
  411, 0.0000 -0.4010;
  412, 1.0000 0.2005;
  413, 0.0000 0.1683;
  414, 0.0000 0.1360;
  415, 0.0000 0.1036;
  416, 0.0000 0.0712;
  417, 0.0000 0.0388;
  418, 0.0000 0.0063;
  419, 0.0000 -0.0263;
  420, 0.0000 -0.0589;
  421, 0.0000 -0.0916;
  422, 0.0000 -0.1243;
  423, 0.0000 -0.1570;
  424, 0.0000 -0.1899;
  425, 1.0000 0.0949;
  426, 0.0000 0.0620;
  427, 0.0000 0.0290;
  428, 0.0000 -0.0040;
  429, 0.0000 -0.0371;
  430, 0.0000 -0.0703;
  431, 1.0000 0.0351;
  432, 0.0000 0.0019;
