0.6000
0.6000
0.5999
0.5997
0.5995
0.5993
0.5989
0.5986
0.5981
0.5976
0.5971
0.5964
0.5958
0.5950
0.5942
0.5934
0.5925
0.5915
0.5905
0.5894
0.5882
0.5870
0.5858
0.5844
0.5830
0.5816
0.5801
0.5785
0.5769
0.5752
0.5735
0.5717
0.5699
0.5679
0.5660
0.5639
0.5619
0.5597
0.5575
0.5552
0.5529
0.5505
0.5481
0.5456
0.5430
0.5404
0.5377
0.5350
0.5322
0.5293
0.5264
0.5234
0.5204
0.5173
0.5142
0.5110
0.5077
0.5044
0.5010
0.4975
0.4940
0.4905
0.4869
0.4832
0.4794
0.4756
0.4718
0.4679
0.4639
0.4599
0.4558
0.4516
0.4474
0.4431
0.4388
0.4344
0.4300
0.4255
0.4209
0.4163
0.4116
0.4069
0.4021
0.3972
0.3923
0.3873
0.3823
0.3772
0.3721
0.3669
0.3616
0.3563
0.3509
0.3454
0.3399
0.3344
0.3288
0.3231
0.3173
0.3115
0.3057
0.2998
0.2938
0.2878
0.2817
0.2755
0.2693
0.2630
0.2567
0.2503
0.2439
0.2374
0.2308
0.2242
0.2175
0.2108
0.2040
0.1971
0.1902
0.1833
0.1762
0.1691
0.1620
0.1548
0.1475
0.1402
0.1328
0.1254
0.1179
0.1103
0.1027
0.0950
0.0873
0.0795
0.0716
0.0637
0.0557
0.0477
0.0396
0.0315
0.0233
0.0150
0.0067
-0.0017
-0.0101
-0.0186
-0.0272
-0.0358
-0.0445
-0.0532
-0.0620
-0.0708
-0.0797
-0.0887
-0.0977
-0.1068
-0.1159
-0.1251
-0.1344
-0.1437
-0.1531
-0.1625
-0.1720
-0.1815
-0.1912
-0.2008
-0.2105
-0.2203
-0.2302
-0.2401
-0.2500
-0.2600
-0.2701
-0.2802
-0.2904
-0.3007
-0.3110
-0.3213
-0.3318
-0.3422
-0.3528
-0.3634
-0.3740
-0.3847
-0.3955
-0.4063
-0.4172
-0.4282
-0.4392
-0.4502
-0.4614
-0.4725
-0.4838
-0.4951
-0.5064
-0.5178
-0.5293
-0.5408
-0.5524
-0.5640
-0.5757
-0.5875
-0.5993
-0.6111
-0.6231
-0.6350
-0.6471
-0.6592
-0.6713
-0.6836
-0.6958
-0.7082
-0.7205
-0.7330
-0.7455
-0.7580
-0.7706
-0.7833
-0.7960
-0.8088
-0.8217
-0.8346
-0.8475
-0.8605
-0.8736
-0.8867
-0.8999
-0.9000
-0.8868
-0.8737
-0.8606
-0.8476
-0.8346
-0.8217
-0.8089
-0.7961
-0.7834
-0.7707
-0.7581
-0.7455
-0.7330
-0.7206
-0.7082
-0.6959
-0.6836
-0.6714
-0.6593
-0.6472
-0.6351
-0.6231
-0.6112
-0.5993
-0.5875
-0.5758
-0.5641
-0.5524
-0.5409
-0.5293
-0.5179
-0.5065
-0.4951
-0.4838
-0.4726
-0.4614
-0.4503
-0.4392
-0.4282
-0.4173
-0.4064
-0.3956
-0.3848
-0.3741
-0.3635
-0.3529
-0.3423
-0.3318
-0.3214
-0.3111
-0.3007
-0.2905
-0.2803
-0.2702
-0.2601
-0.2501
-0.2401
-0.2302
-0.2204
-0.2106
-0.2009
-0.1912
-0.1816
-0.1721
-0.1626
-0.1532
-0.1438
-0.1345
-0.1252
-0.1160
-0.1069
-0.0978
-0.0888
-0.0798
-0.0709
-0.0620
-0.0533
-0.0445
-0.0359
-0.0272
-0.0187
-0.0102
-0.0017
0.0066
0.0150
0.0232
0.0314
0.0396
0.0477
0.0557
0.0636
0.0716
0.0794
0.0872
0.0949
0.1026
0.1102
0.1178
0.1253
0.1327
0.1401
0.1474
0.1547
0.1619
0.1691
0.1762
0.1832
0.1902
0.1971
0.2039
0.2107
0.2175
0.2241
0.2308
0.2373
0.2438
0.2503
0.2567
0.2630
0.2692
0.2755
0.2816
0.2877
0.2937
0.2997
0.3056
0.3115
0.3173
0.3230
0.3287
0.3343
0.3399
0.3454
0.3508
0.3562
0.3615
0.3668
0.3720
0.3772
0.3822
0.3873
0.3923
0.3972
0.4020
0.4068
0.4116
0.4162
0.4209
0.4254
0.4299
0.4344
0.4388
0.4431
0.4473
0.4516
0.4557
0.4598
0.4638
0.4678
0.4717
0.4756
0.4794
0.4831
0.4868
0.4904
0.4940
0.4975
0.5009
0.5043
0.5076
0.5109
0.5141
0.5173
0.5203
0.5234
0.5263
0.5293
0.5321
0.5349
0.5376
0.5403
0.5429
0.5455
0.5480
0.5505
0.5528
0.5552
0.5574
0.5596
0.5618
0.5639
0.5659
0.5679
0.5698
0.5716
0.5734
0.5752
0.5769
0.5785
0.5800
0.5815
0.5830
0.5844
0.5857
0.5870
0.5882
0.5893
0.5904
0.5914
0.5924
0.5933
0.5942
0.5950
0.5957
0.5964
0.5970
0.5975
0.5980
0.5985
0.5989
0.5992
0.5995
0.5997
0.5998
0.5999
0.5999